0 0.296094 0.523438 0.451562 0.75
1 0.305859 0.378906 0.432031 0.390625
2 0.294922 0.691016 0.447656 0.413281
3 0.396094 0.722656 0.06875 0.15
4 0.203125 0.568359 0.126562 0.111719
5 0.534375 0.228906 0.251563 0.345313
6 0.541016 0.110547 0.238281 0.108594
7 0.190625 0.811328 0.278125 0.171094
8 0.650781 0.794141 0.303125 0.191406
9 0.870313 0.798828 0.171875 0.191406
10 0.284766 0.140625 0.377344 0.203125
11 0.586719 0.557031 0.15625 0.289062
12 0.869531 0.703125 0.046875 0.0328125
12 0.908984 0.712891 0.0398437 0.0382813
12 0.660937 0.729297 0.0453125 0.0820312
12 0.685156 0.769141 0.040625 0.0882813
12 0.716406 0.745313 0.040625 0.0859375
12 0.755859 0.739844 0.0414062 0.0734375
13 0.157812 0.925391 0.0890625 0.0539063
13 0.2875 0.943359 0.115625 0.0507812
13 0.438672 0.925 0.108594 0.0609375
13 0.619531 0.896875 0.1 0.059375
13 0.765625 0.893359 0.126562 0.0507812
14 0.807813 0.153516 0.329688 0.307031
