0 0.329688 0.466016 0.50625 0.466406
1 0.329688 0.366797 0.50625 0.267969
2 0.357422 0.581641 0.353906 0.235156
3 0.274219 0.603125 0.178125 0.192188
4 0.344531 0.337891 0.0640625 0.0632812
4 0.427344 0.498437 0.0828125 0.090625
5 0.178125 0.234766 0.185938 0.291406
6 0.178125 0.182422 0.185938 0.186719
7 0.768359 0.576172 0.463281 0.125781
7 0.104688 0.612891 0.171875 0.116406
8 0.271094 0.843359 0.184375 0.249219
9 0.742188 0.790625 0.226562 0.221875
10 0.455859 0.115625 0.849219 0.204687
11 0.697656 0.431641 0.104688 0.119531
11 0.813672 0.353516 0.166406 0.213281
11 0.907813 0.437891 0.0875 0.107031
12 0.842969 0.895312 0.0640625 0.0828125
12 0.556641 0.767188 0.0757812 0.0890625
12 0.603906 0.928516 0.0765625 0.0929688
13 0.766797 0.961719 0.0710937 0.03125
13 0.908984 0.950391 0.0570312 0.0335937
14 0.873047 0.0894531 0.166406 0.146094
