0 0.337891 0.316016 0.199219 0.232031
1 0.339062 0.263281 0.198437 0.125
2 0.343359 0.355078 0.147656 0.153906
3 0.346484 0.365625 0.0507812 0.0953125
4 0.341797 0.256641 0.0382813 0.0445313
5 0.438281 0.195312 0.0953125 0.0828125
6 0.442969 0.177734 0.0859375 0.0414062
7 0.171875 0.469922 0.129688 0.157031
8 0.659766 0.651563 0.680469 0.510938
9 0.235937 0.691016 0.20625 0.216406
10 0.5 0.516797 1 0.338281
11 0.657813 0.419922 0.125 0.188281
12 0.551562 0.4 0.046875 0.075
13 0.729688 0.64375 0.046875 0.03125
13 0.619141 0.595313 0.0414062 0.034375
13 0.547656 0.525391 0.0375 0.0273438
14 0.706641 0.142578 0.124219 0.105469
