0 0.502734 0.414062 0.271094 0.3125
1 0.502344 0.357812 0.270313 0.2
2 0.504297 0.503125 0.264844 0.134375
3 0.579297 0.510547 0.0507812 0.0742188
4 0.460156 0.4875 0.0734375 0.059375
5 0.666016 0.265625 0.178906 0.289062
6 0.669531 0.217578 0.171875 0.192969
7 0.717187 0.442969 0.146875 0.26875
8 0.716406 0.648828 0.3125 0.224219
9 0.623047 0.771094 0.225781 0.198437
10 0.24375 0.250781 0.232813 0.173437
11 0.844922 0.378125 0.200781 0.303125
12 0.193359 0.565234 0.0570312 0.127344
13 0.374609 0.690625 0.0617188 0.04375
13 0.383984 0.816406 0.0789062 0.046875
13 0.336719 0.904687 0.104688 0.0515625
14 0.247656 0.0828125 0.128125 0.1375
