0 0.470313 0.508594 0.21875 0.353125
1 0.471484 0.415234 0.216406 0.119531
2 0.471484 0.571484 0.160156 0.227344
3 0.469531 0.628516 0.05625 0.105469
4 0.509375 0.504687 0.059375 0.075
4 0.437891 0.499219 0.0664062 0.071875
5 0.534766 0.358594 0.0476562 0.178125
6 0.528906 0.296875 0.0359375 0.0546875
7 0.498047 0.751563 0.633594 0.15625
8 0.452734 0.8375 0.182031 0.325
9 0.8125 0.421484 0.265625 0.263281
10 0.369531 0.153125 0.739062 0.30625
11 0.15 0.546484 0.132812 0.233594
12 0.944141 0.638672 0.0367188 0.0601563
12 0.05 0.646094 0.0609375 0.08125
12 0.241797 0.626953 0.0507812 0.0726563
13 0.840625 0.646484 0.0625 0.0429688
13 0.717969 0.642969 0.0703125 0.0359375
13 0.321875 0.649219 0.059375 0.034375
14 0.929688 0.0609375 0.129688 0.121875
