0 0.475781 0.292187 0.276562 0.53125
1 0.474219 0.151953 0.271875 0.252344
2 0.479297 0.409375 0.271094 0.296875
3 0.386328 0.491797 0.0585938 0.125781
4 0.532031 0.384375 0.075 0.071875
5 0.344141 0.101953 0.125781 0.203906
6 0.344141 0.0464844 0.122656 0.0929688
7 0.0867187 0.523438 0.167187 0.0921875
7 0.485938 0.524219 0.498437 0.109375
8 0.792969 0.363281 0.371875 0.128125
9 0.783203 0.553516 0.114844 0.146094
10 0.195312 0.132422 0.251563 0.152344
10 0.66875 0.10625 0.217188 0.126562
11 0.202344 0.433203 0.189062 0.336719
12 0.930859 0.56875 0.0914062 0.214062
13 0.515625 0.875 0.946875 0.139063
14 0.918359 0.0949219 0.119531 0.155469
