0 0.194531 0.429688 0.389062 0.359375
1 0.194141 0.357422 0.388281 0.147656
2 0.200781 0.494531 0.290625 0.23125
3 0.266016 0.523047 0.0867187 0.139844
4 0.116406 0.457422 0.071875 0.0695313
5 0.393359 0.248047 0.157031 0.239844
6 0.393359 0.187109 0.155469 0.116406
7 0.457813 0.508984 0.23125 0.146094
8 0.507812 0.793359 0.907813 0.247656
9 0.544531 0.314063 0.20625 0.196875
10 0.473828 0.116406 0.508594 0.154688
11 0.849609 0.430469 0.238281 0.48125
12 0.682813 0.529687 0.121875 0.234375
13 0.251953 0.665625 0.0773438 0.040625
13 0.417187 0.651953 0.071875 0.0351562
13 0.564063 0.645312 0.0734375 0.034375
14 0.897266 0.0714844 0.171094 0.142969
