0 0.473047 0.426563 0.411719 0.54375
1 0.473828 0.282031 0.411719 0.254688
2 0.495703 0.532422 0.358594 0.332031
3 0.600391 0.592578 0.105469 0.200781
4 0.445703 0.535156 0.0835937 0.08125
5 0.300781 0.195703 0.179688 0.241406
6 0.125391 0.0851563 0.196094 0.0984375
7 0.271094 0.663672 0.542188 0.0789062
7 0.836719 0.657813 0.326562 0.0765625
8 0.5 0.830078 1 0.177344
9 0.308984 0.749609 0.164844 0.114844
10 0.163672 0.468359 0.327344 0.110156
10 0.827344 0.483594 0.345313 0.154688
11 0.794922 0.571094 0.116406 0.229687
12 0.732031 0.756641 0.0421875 0.0554687
12 0.796484 0.76875 0.0507812 0.0640625
12 0.842578 0.767188 0.0460938 0.0578125
13 0.676953 0.727344 0.535156 0.06875
13 0.123047 0.739062 0.180469 0.0578125
14 0.891406 0.0925781 0.217188 0.185156
