0 0.511719 0.502734 0.701562 0.994531
1 0.512109 0.18125 0.699219 0.351562
2 0.5125 0.674219 0.69375 0.651563
3 0.536328 0.837109 0.192969 0.325781
4 0.649609 0.491797 0.136719 0.0992187
5 0.786719 0.161719 0.16875 0.270313
6 0.788672 0.0734375 0.164844 0.09375
7 0.0871094 0.937109 0.174219 0.125781
7 0.924219 0.93125 0.151562 0.1375
8 0.112109 0.289453 0.224219 0.578906
9 0.932813 0.591016 0.134375 0.188281
10 0.798438 0.152734 0.403125 0.296094
10 0.340625 0.0617188 0.310937 0.123438
11 0.351172 0.714063 0.269531 0.571875
12 0.105078 0.829297 0.0414062 0.0695313
12 0.130469 0.71875 0.0546875 0.0890625
13 0.0761719 0.785547 0.0976562 0.0429688
13 0.0902344 0.666016 0.108594 0.0414062
13 0.115625 0.587891 0.06875 0.0335937
13 0.0238281 0.35 0.0476562 0.326562
13 0.932813 0.821094 0.0984375 0.046875
13 0.915625 0.709766 0.0921875 0.0367188
14 0.100781 0.0875 0.201563 0.175
