0 0.367969 0.449219 0.667188 0.8625
1 0.367578 0.202734 0.666406 0.363281
2 0.363281 0.621875 0.653125 0.514062
3 0.535547 0.767188 0.199219 0.221875
4 0.151172 0.492188 0.144531 0.078125
4 0.487109 0.508594 0.142969 0.08125
5 0.507812 0.0976562 0.0796875 0.195312
6 0.508594 0.0238281 0.0578125 0.0445313
7 0.321875 0.905078 0.626563 0.152344
8 0.889453 0.226953 0.207031 0.453906
9 0.8 0.841797 0.323437 0.274219
10 0.134375 0.0992187 0.260937 0.173437
11 0.735938 0.537891 0.182812 0.310156
12 0.812109 0.643359 0.0664062 0.0835937
12 0.887891 0.651172 0.0617188 0.0695313
13 0.786719 0.680469 0.326562 0.065625
14 0.689453 0.0832031 0.160156 0.166406
