0 0.245312 0.571875 0.26875 0.240625
1 0.245312 0.50625 0.270313 0.0953125
2 0.253125 0.608203 0.192188 0.166406
3 0.278516 0.646484 0.0773438 0.0804688
4 0.215234 0.594141 0.0460938 0.0554687
5 0.212109 0.332813 0.158594 0.384375
6 0.219141 0.287109 0.141406 0.291406
7 0.441016 0.670312 0.142969 0.0546875
7 0.15625 0.811719 0.179688 0.059375
8 0.362109 0.828516 0.324219 0.263281
9 0.799219 0.703516 0.251563 0.138281
10 0.5 0.421484 1 0.350781
11 0.719922 0.514453 0.128906 0.141406
11 0.650781 0.851953 0.142187 0.157031
12 0.529297 0.739062 0.0539063 0.0890625
13 0.644922 0.753906 0.0554687 0.0390625
13 0.430859 0.598437 0.0335937 0.0296875
13 0.0613281 0.688672 0.0414062 0.0335937
13 0.115234 0.749609 0.0289063 0.0179687
14 0.789062 0.10625 0.220312 0.190625
