0 0.471875 0.450781 0.509375 0.4375
1 0.273438 0.453906 0.109375 0.071875
1 0.509766 0.343359 0.442969 0.222656
2 0.505859 0.524609 0.386719 0.288281
2 0.282031 0.55625 0.096875 0.170313
3 0.558984 0.550391 0.149219 0.222656
4 0.418359 0.428906 0.0929688 0.0875
4 0.276562 0.515234 0.0484375 0.0507812
5 0.30625 0.196484 0.203125 0.275781
6 0.294922 0.155078 0.177344 0.191406
7 0.145313 0.579688 0.209375 0.140625
7 0.739844 0.624609 0.171875 0.139844
8 0.498828 0.817187 0.280469 0.353125
9 0.177734 0.805078 0.191406 0.182031
10 0.173047 0.207813 0.332031 0.160938
11 0.864062 0.551172 0.271875 0.691406
12 0.835938 0.294141 0.059375 0.0835937
12 0.908984 0.289062 0.0742188 0.084375
12 0.789453 0.388281 0.0664062 0.0671875
12 0.946875 0.353906 0.071875 0.0859375
12 0.757812 0.483203 0.0609375 0.0742188
12 0.817578 0.466016 0.0742188 0.0820312
12 0.84375 0.578516 0.0484375 0.0664062
13 0.696094 0.79375 0.053125 0.040625
13 0.173437 0.658203 0.0671875 0.0429688
13 0.319531 0.691016 0.05625 0.0304687
13 0.330469 0.813281 0.0703125 0.046875
13 0.333984 0.922266 0.0820312 0.0382813
14 0.791406 0.0863281 0.260937 0.172656
