0 0.471875 0.403906 0.60625 0.56875
1 0.471484 0.242578 0.600781 0.189844
2 0.485547 0.49375 0.421094 0.384375
3 0.591797 0.619141 0.0992187 0.121094
4 0.403125 0.408594 0.0953125 0.08125
5 0.23125 0.151172 0.0953125 0.232031
6 0.228906 0.0804688 0.0875 0.0875
7 0.828516 0.588672 0.285156 0.153906
8 0.501563 0.762109 0.996875 0.222656
9 0.815234 0.857031 0.322656 0.179688
10 0.820312 0.120703 0.353125 0.132031
11 0.0925781 0.507031 0.185156 0.56875
12 0.164844 0.576562 0.0609375 0.0953125
13 0.189844 0.693359 0.10625 0.0664062
14 0.600781 0.0632812 0.182812 0.126562
