0 0.474609 0.393359 0.150781 0.275781
1 0.482031 0.33125 0.135937 0.114062
2 0.472266 0.44375 0.144531 0.178125
3 0.471094 0.492188 0.046875 0.0796875
4 0.483203 0.411719 0.0429688 0.03125
5 0.557813 0.250781 0.115625 0.190625
6 0.567578 0.203516 0.0960938 0.0960938
7 0.464062 0.55 0.11875 0.040625
8 0.500391 0.778125 0.999219 0.440625
9 0.803906 0.343359 0.190625 0.122656
10 0.522266 0.126172 0.861719 0.250781
11 0.221875 0.499609 0.0796875 0.125781
12 0.632812 0.517188 0.046875 0.059375
12 0.865234 0.605078 0.0460938 0.0773438
13 0.209766 0.620703 0.402344 0.219531
13 0.730078 0.519531 0.446094 0.289062
14 0.0679687 0.0722656 0.120313 0.110156
