0 0.466016 0.417969 0.339844 0.520312
1 0.471875 0.291797 0.334375 0.266406
2 0.465234 0.510156 0.338281 0.334375
3 0.553125 0.583984 0.1 0.133594
4 0.387891 0.498437 0.139844 0.0765625
5 0.688672 0.189453 0.294531 0.258594
6 0.688672 0.145313 0.292969 0.170313
7 0.183594 0.479297 0.367188 0.185156
7 0.810547 0.429297 0.360156 0.167969
8 0.709375 0.728516 0.390625 0.175781
9 0.449609 0.782031 0.353906 0.270313
10 0.230078 0.184375 0.358594 0.310937
11 0.153906 0.6625 0.221875 0.3875
12 0.204687 0.913672 0.0875 0.155469
13 0.0734375 0.694141 0.075 0.0335937
13 0.125 0.880078 0.0640625 0.0273438
13 0.252734 0.646875 0.0492187 0.028125
13 0.244141 0.75625 0.0539063 0.0390625
13 0.691797 0.576953 0.0742188 0.0304687
14 0.0710937 0.0839844 0.0859375 0.0929688
