0 0.427344 0.310937 0.576562 0.576562
1 0.430078 0.190625 0.571094 0.260937
2 0.421875 0.438672 0.564063 0.322656
3 0.214453 0.491406 0.136719 0.210938
4 0.332422 0.35 0.0492187 0.065625
4 0.459375 0.343359 0.05625 0.0617188
4 0.378125 0.426172 0.05 0.0585938
4 0.350391 0.509375 0.0539063 0.0515625
4 0.4625 0.484766 0.0390625 0.0648438
5 0.447656 0.0355469 0.0390625 0.0601563
6 0.448047 0.0175781 0.0382813 0.0226562
7 0.0808594 0.496875 0.161719 0.107813
7 0.839453 0.416406 0.321094 0.151562
8 0.244531 0.785547 0.345313 0.428906
9 0.153906 0.737109 0.307812 0.407031
10 0.0992187 0.221875 0.198437 0.20625
10 0.845703 0.214062 0.308594 0.148438
11 0.835156 0.633594 0.234375 0.321875
12 0.396875 0.833984 0.0578125 0.0695313
12 0.325781 0.9375 0.08125 0.0890625
12 0.450391 0.707031 0.0742188 0.110937
12 0.420312 0.605469 0.0546875 0.0796875
13 0.715234 0.790625 0.0789062 0.0671875
13 0.912109 0.9375 0.0867187 0.0625
14 0.101953 0.103125 0.203906 0.20625
