0 0.374219 0.475391 0.429688 0.419531
1 0.374219 0.423047 0.429688 0.160156
2 0.375 0.5875 0.35 0.195312
3 0.309375 0.623437 0.0890625 0.117188
4 0.434375 0.570312 0.0953125 0.08125
5 0.476172 0.255859 0.189844 0.189844
6 0.494141 0.210547 0.153906 0.0992187
7 0.674609 0.619922 0.182031 0.0976562
8 0.187891 0.828906 0.330469 0.30625
9 0.583984 0.825391 0.244531 0.163281
10 0.716016 0.257812 0.555469 0.214062
11 0.839844 0.585938 0.215625 0.370312
12 0.344922 0.862891 0.0867187 0.138281
13 0.0703125 0.828125 0.104688 0.053125
13 0.119531 0.741797 0.1125 0.0382813
13 0.0816406 0.689453 0.114844 0.0476562
14 0.165234 0.139844 0.203906 0.175
