0 0.498047 0.431641 0.402344 0.372656
1 0.498047 0.342187 0.399219 0.192188
2 0.500781 0.502734 0.309375 0.227344
3 0.448047 0.5375 0.0757812 0.146875
4 0.562109 0.429297 0.0585938 0.0570312
5 0.391797 0.254688 0.0914062 0.148438
6 0.369922 0.228516 0.0476562 0.0945312
7 0.333594 0.730859 0.40625 0.105469
7 0.871875 0.725781 0.18125 0.0734375
8 0.662109 0.863281 0.261719 0.254688
9 0.244922 0.901563 0.191406 0.196875
10 0.578125 0.107031 0.517188 0.0984375
11 0.235547 0.48125 0.0898438 0.157812
12 0.132812 0.498047 0.0921875 0.146094
13 0.224609 0.683594 0.0804688 0.0296875
13 0.632031 0.663281 0.065625 0.0390625
13 0.705469 0.611719 0.065625 0.0359375
14 0.195312 0.214062 0.248438 0.246875
