0 0.432422 0.36875 0.478906 0.6625
1 0.433594 0.170313 0.478125 0.265625
2 0.43125 0.451172 0.396875 0.494531
3 0.453906 0.60625 0.110937 0.184375
4 0.324219 0.324219 0.08125 0.114062
4 0.471094 0.189062 0.06875 0.084375
4 0.563281 0.276172 0.071875 0.110156
5 0.304297 0.161328 0.102344 0.152344
6 0.308984 0.128516 0.0929688 0.0867187
7 0.120703 0.516016 0.241406 0.124219
8 0.317969 0.851953 0.371875 0.296094
9 0.126953 0.710938 0.222656 0.178125
10 0.203906 0.106641 0.353125 0.213281
11 0.717187 0.326953 0.278125 0.652344
12 0.552344 0.832422 0.06875 0.0960938
12 0.696875 0.889453 0.0671875 0.110156
12 0.835547 0.849609 0.0585938 0.0992187
13 0.149219 0.616797 0.05 0.0445313
13 0.0796875 0.764844 0.059375 0.0484375
13 0.542578 0.903906 0.0664062 0.0546875
13 0.823047 0.904687 0.0601563 0.059375
13 0.933203 0.711719 0.0570312 0.05625
14 0.0578125 0.0441406 0.0984375 0.0882813
