0 0.390625 0.426563 0.271875 0.496875
1 0.391016 0.296875 0.269531 0.2375
2 0.384766 0.536328 0.263281 0.277344
3 0.428906 0.594141 0.0796875 0.157031
4 0.446875 0.454297 0.0734375 0.0742188
4 0.330859 0.489063 0.0835937 0.104688
5 0.507812 0.192969 0.1 0.278125
6 0.514062 0.102344 0.0859375 0.096875
7 0.137109 0.496875 0.250781 0.151562
8 0.658203 0.342969 0.247656 0.465625
9 0.386328 0.833984 0.280469 0.205469
10 0.739453 0.275391 0.467969 0.335156
11 0.716406 0.0769531 0.0671875 0.0789062
12 0.186328 0.709766 0.0898438 0.182031
12 0.682422 0.605859 0.133594 0.292969
13 0.564844 0.914453 0.08125 0.0445313
14 0.889453 0.090625 0.167969 0.18125
