0 0.425 0.317188 0.351562 0.320312
1 0.425391 0.254297 0.350781 0.194531
2 0.430078 0.398438 0.205469 0.157812
3 0.432422 0.428516 0.0382813 0.0648438
4 0.367969 0.385937 0.0234375 0.034375
4 0.484766 0.372656 0.0210938 0.034375
5 0.479687 0.1625 0.0359375 0.16875
6 0.478516 0.119922 0.0210938 0.0835937
7 0.3375 0.573047 0.329688 0.105469
8 0.479687 0.562109 0.139063 0.216406
9 0.773438 0.477734 0.157812 0.139844
10 0.502734 0.208594 0.994531 0.417187
11 0.113672 0.180859 0.0789062 0.155469
11 0.204687 0.0910156 0.0765625 0.128906
12 0.684766 0.552344 0.0585938 0.0890625
12 0.623437 0.521484 0.065625 0.102344
13 0.608203 0.436719 0.0445313 0.0375
13 0.302344 0.495703 0.053125 0.0445313
13 0.257422 0.434375 0.0695313 0.040625
13 0.191016 0.501953 0.0648438 0.0445313
14 0.0777344 0.0816406 0.152344 0.153906
