0 0.560547 0.477734 0.491406 0.457031
1 0.560156 0.390234 0.489063 0.232031
2 0.569141 0.580859 0.402344 0.250781
3 0.539844 0.614062 0.154688 0.164062
4 0.702734 0.516797 0.0585938 0.0585938
5 0.675391 0.163672 0.128906 0.242969
6 0.676172 0.146094 0.128906 0.20625
7 0.177344 0.388281 0.354687 0.0921875
8 0.548438 0.816797 0.903125 0.364844
9 0.119141 0.647266 0.238281 0.516406
10 0.501172 0.178906 0.997656 0.234375
11 0.940625 0.321484 0.1125 0.150781
12 0.889453 0.646094 0.0507812 0.0734375
12 0.930859 0.6375 0.0429688 0.0703125
13 0.706641 0.733984 0.0585938 0.0398437
13 0.820312 0.7 0.0546875 0.0390625
14 0.0484375 0.0503906 0.096875 0.100781
