0 0.298047 0.355078 0.269531 0.383594
1 0.298047 0.289453 0.269531 0.180469
2 0.298828 0.394922 0.175781 0.303906
3 0.293359 0.477344 0.0679687 0.128125
4 0.297656 0.344922 0.0609375 0.0601563
5 0.379688 0.150781 0.0796875 0.28125
6 0.384766 0.0742188 0.0695313 0.128125
7 0.185938 0.627344 0.096875 0.107813
7 0.420703 0.620313 0.114844 0.11875
8 0.283203 0.763672 0.142969 0.460156
9 0.126172 0.807422 0.185156 0.188281
10 0.700781 0.218359 0.589063 0.386719
11 0.801562 0.673438 0.30625 0.539062
12 0.403125 0.785937 0.06875 0.115625
12 0.510156 0.782031 0.08125 0.10625
13 0.455078 0.915234 0.0554687 0.0304687
13 0.480078 0.519141 0.0460938 0.0257812
14 0.130078 0.122266 0.197656 0.202344
