0 0.501563 0.376563 0.528125 0.575
1 0.501953 0.192578 0.527344 0.207031
2 0.507031 0.475 0.485938 0.378125
3 0.53125 0.561719 0.110937 0.179688
4 0.392969 0.401953 0.110937 0.116406
4 0.650391 0.379688 0.116406 0.11875
5 0.640625 0.103516 0.11875 0.207031
6 0.641016 0.0558594 0.117969 0.111719
7 0.5 0.908203 1 0.183594
8 0.502344 0.769922 0.995313 0.255469
9 0.850781 0.620703 0.176563 0.100781
10 0.203516 0.252344 0.399219 0.285938
10 0.846094 0.226562 0.307812 0.185938
11 0.0855469 0.552734 0.171094 0.267969
12 0.193359 0.584375 0.0539063 0.0734375
12 0.802344 0.489453 0.0515625 0.0851563
13 0.872656 0.372266 0.05 0.0398437
13 0.858203 0.296875 0.0273438 0.0140625
13 0.774609 0.216016 0.0242188 0.0132812
13 0.961328 0.253516 0.0304687 0.0195312
13 0.989062 0.190234 0.0171875 0.0132812
13 0.90625 0.485938 0.046875 0.015625
13 0.813281 0.680078 0.0578125 0.0242188
13 0.109375 0.361328 0.05 0.0273438
13 0.136719 0.255078 0.0234375 0.0179687
13 0.305078 0.210156 0.0179687 0.01875
13 0.366016 0.1875 0.0195312 0.025
13 0.0941406 0.690234 0.0273438 0.0226562
13 0.153516 0.512109 0.0492187 0.0273438
14 0.111719 0.120703 0.151562 0.158594
