0 0.286719 0.204687 0.332813 0.373437
1 0.286719 0.122656 0.332813 0.210938
2 0.297656 0.296875 0.29375 0.1875
3 0.346875 0.332031 0.0953125 0.10625
4 0.236719 0.302344 0.075 0.0515625
5 0.196875 0.0800781 0.090625 0.153906
6 0.196094 0.0429688 0.0890625 0.08125
7 0.713281 0.354297 0.55 0.172656
7 0.0847656 0.324219 0.141406 0.109375
8 0.444922 0.392188 0.267969 0.145313
9 0.655078 0.493359 0.361719 0.208594
10 0.605469 0.203125 0.39375 0.260937
11 0.126953 0.550391 0.236719 0.307031
11 0.352734 0.624609 0.233594 0.289844
12 0.1875 0.696875 0.08125 0.123438
12 0.877344 0.561719 0.0859375 0.0703125
12 0.81875 0.846875 0.0984375 0.125
12 0.559375 0.752344 0.090625 0.10625
13 0.155078 0.810156 0.133594 0.157812
13 0.837109 0.675391 0.138281 0.152344
13 0.46875 0.824219 0.275 0.13125
14 0.847266 0.1 0.210156 0.2
