0 0.319922 0.337109 0.332031 0.597656
1 0.314844 0.13125 0.315625 0.179688
2 0.321094 0.420703 0.323437 0.436719
3 0.406641 0.539062 0.0992187 0.170313
4 0.275781 0.499609 0.145313 0.111719
4 0.311328 0.131641 0.0742188 0.0742188
5 0.46875 0.0660156 0.10625 0.132031
6 0.475781 0.0308594 0.090625 0.0617188
7 0.173437 0.126562 0.0671875 0.0484375
7 0.723437 0.232813 0.553125 0.245312
8 0.569141 0.808594 0.452344 0.382812
9 0.773438 0.605859 0.310937 0.216406
10 0.627734 0.0683594 0.313281 0.136719
11 0.0792969 0.268359 0.158594 0.536719
11 0.737109 0.0972656 0.0289063 0.0367188
11 0.707422 0.108203 0.0257812 0.0273438
11 0.700781 0.078125 0.0234375 0.0328125
11 0.686719 0.0476562 0.0234375 0.0375
11 0.673047 0.0972656 0.0242188 0.0304687
11 0.65625 0.0734375 0.021875 0.028125
11 0.635938 0.0992187 0.03125 0.0375
11 0.618359 0.0851563 0.0242188 0.0375
11 0.6 0.0609375 0.0296875 0.0484375
11 0.577734 0.0910156 0.0242188 0.0476562
11 0.564063 0.0570312 0.025 0.046875
11 0.539062 0.096875 0.021875 0.04375
11 0.514062 0.0820312 0.040625 0.0546875
11 0.532813 0.0355469 0.0265625 0.0398437
11 0.573047 0.0203125 0.0273438 0.040625
12 0.612109 0.689063 0.0382813 0.0578125
12 0.660547 0.713672 0.0523438 0.0585938
12 0.317969 0.646484 0.03125 0.0460938
12 0.501563 0.902344 0.0328125 0.0578125
12 0.564063 0.957422 0.034375 0.0507812
12 0.878516 0.961719 0.0382813 0.0546875
13 0.614453 0.491016 0.0445313 0.0210938
13 0.886719 0.825781 0.0359375 0.015625
13 0.0566406 0.543359 0.0476562 0.0257812
13 0.190234 0.741797 0.0679687 0.0351562
13 0.372266 0.839844 0.0601563 0.0203125
13 0.0796875 0.885547 0.03125 0.0164063
14 0.905859 0.0890625 0.188281 0.178125
