0 0.529687 0.53125 0.1625 0.270313
1 0.526563 0.469922 0.145313 0.100781
2 0.530859 0.582031 0.164844 0.16875
3 0.5875 0.628125 0.05 0.071875
4 0.491406 0.560156 0.0390625 0.05625
4 0.561719 0.549609 0.0328125 0.0617188
5 0.486719 0.4 0.040625 0.125
6 0.478906 0.369922 0.0234375 0.0664062
7 0.626563 0.542969 0.260937 0.315625
7 0.382422 0.555469 0.196094 0.317188
8 0.5 0.829297 1 0.227344
9 0.832812 0.667188 0.104688 0.103125
10 0.5 0.289453 1 0.321094
11 0.0957031 0.256641 0.0445313 0.0835937
11 0.473438 0.218359 0.046875 0.0976562
11 0.664453 0.154688 0.0648438 0.110937
11 0.925 0.127734 0.126562 0.167969
12 0.823438 0.605469 0.040625 0.0671875
12 0.788672 0.637891 0.0476562 0.0570312
13 0.915234 0.635938 0.0976562 0.059375
13 0.376953 0.678906 0.0867187 0.053125
13 0.167187 0.666016 0.0734375 0.0476562
13 0.0664062 0.689844 0.109375 0.0625
13 0.0332031 0.6 0.0664062 0.0421875
14 0.0992187 0.128125 0.198437 0.25625
