0 0.156641 0.209375 0.113281 0.28125
1 0.15625 0.142187 0.107813 0.146875
2 0.15625 0.273828 0.114062 0.149219
3 0.197656 0.308203 0.03125 0.0554687
4 0.126562 0.239844 0.0203125 0.03125
4 0.178125 0.237109 0.021875 0.0335937
5 0.190234 0.075 0.0492187 0.142187
6 0.193359 0.0371094 0.0414062 0.0632812
7 0.298047 0.328906 0.157031 0.0765625
8 0.5 0.436328 1 0.158594
9 0.298047 0.211328 0.116406 0.136719
10 0.699219 0.136719 0.33125 0.201563
11 0.0441406 0.129297 0.0882813 0.182031
12 0.0214844 0.293359 0.0429688 0.0898438
12 0.0703125 0.301563 0.046875 0.0734375
13 0.135937 0.376953 0.146875 0.0476562
14 0.913672 0.0878906 0.172656 0.175781
