0 0.378516 0.44375 0.271094 0.4
1 0.377344 0.362109 0.26875 0.235156
2 0.376563 0.552344 0.228125 0.18125
3 0.429297 0.555859 0.0554687 0.135156
4 0.328906 0.532813 0.05 0.0765625
5 0.498047 0.311328 0.133594 0.191406
6 0.507812 0.259766 0.114062 0.0929688
7 0.05625 0.753125 0.04375 0.05
7 0.133594 0.741797 0.04375 0.0429688
7 0.210938 0.696875 0.04375 0.040625
8 0.702344 0.736719 0.595313 0.167187
9 0.691797 0.872656 0.347656 0.1125
10 0.502734 0.156641 0.994531 0.249219
11 0.122656 0.436719 0.201563 0.55625
12 0.173047 0.871094 0.0507812 0.078125
12 0.298438 0.888672 0.0484375 0.0726563
13 0.0625 0.852734 0.0375 0.0273438
13 0.390625 0.794531 0.04375 0.01875
13 0.457031 0.935937 0.046875 0.025
13 0.93125 0.851953 0.0421875 0.0257812
14 0.889062 0.116797 0.214062 0.161719
