0 0.255469 0.6875 0.473438 0.542188
1 0.255469 0.518359 0.470313 0.200781
2 0.257422 0.776172 0.353906 0.364844
3 0.367969 0.883984 0.0796875 0.136719
4 0.183594 0.717578 0.11875 0.102344
5 0.119531 0.432031 0.11875 0.190625
6 0.120703 0.394531 0.116406 0.1125
7 0.553516 0.916016 0.153906 0.0820312
8 0.603125 0.389062 0.404687 0.4375
9 0.53125 0.740625 0.078125 0.0828125
10 0.487109 0.0890625 0.333594 0.160938
10 0.813281 0.804688 0.373437 0.320312
11 0.712109 0.839063 0.0804688 0.10625
11 0.801953 0.770703 0.0570312 0.0804688
12 0.45 0.922266 0.025 0.0289063
12 0.473438 0.933203 0.021875 0.0273438
13 0.0378906 0.942187 0.0539063 0.0328125
14 0.0761719 0.0808594 0.124219 0.125781
