0 0.190234 0.406641 0.380469 0.550781
1 0.190234 0.304688 0.380469 0.165625
2 0.2 0.522656 0.3 0.317188
3 0.21875 0.59375 0.134375 0.164062
4 0.117188 0.477734 0.06875 0.0867187
4 0.282031 0.458984 0.0859375 0.0773438
5 0.205078 0.125781 0.232031 0.25
6 0.205078 0.0683594 0.232031 0.135156
7 0.396094 0.547266 0.115625 0.136719
8 0.540625 0.799609 0.775 0.258594
9 0.769531 0.631641 0.43125 0.271094
10 0.625391 0.157422 0.503906 0.188281
11 0.503125 0.500781 0.15 0.376563
12 0.503125 0.759375 0.05 0.109375
12 0.572656 0.760938 0.059375 0.117188
13 0.480469 0.809375 0.0625 0.0421875
13 0.5625 0.812891 0.0640625 0.0429688
13 0.655078 0.807422 0.0664062 0.0476562
13 0.741406 0.804688 0.08125 0.046875
14 0.895312 0.090625 0.153125 0.160938
