0 0.253516 0.448047 0.383594 0.703906
1 0.253516 0.233984 0.383594 0.280469
2 0.274609 0.576953 0.272656 0.446094
3 0.348828 0.660937 0.0835937 0.229687
4 0.317578 0.280469 0.0945312 0.0828125
5 0.128906 0.153516 0.1125 0.183594
6 0.101953 0.0957031 0.0601563 0.0679687
7 0.366016 0.903906 0.616406 0.190625
7 0.916797 0.837109 0.166406 0.130469
8 0.75625 0.935937 0.1625 0.128125
9 0.609766 0.225781 0.272656 0.251563
10 0.490234 0.0578125 0.327344 0.0875
11 0.845313 0.436328 0.309375 0.572656
12 0.483984 0.556641 0.0835937 0.130469
13 0.506641 0.725 0.0632812 0.0375
13 0.607812 0.535547 0.0671875 0.0460938
13 0.845313 0.675 0.0546875 0.0375
13 0.669141 0.348438 0.0554687 0.0375
13 0.505859 0.279297 0.0398437 0.0414062
13 0.873828 0.297656 0.0476562 0.03125
13 0.846875 0.492969 0.0625 0.0390625
14 0.925 0.0585938 0.15 0.115625
