0 0.475391 0.259766 0.367969 0.399219
1 0.469531 0.139453 0.314063 0.153906
2 0.473828 0.330469 0.366406 0.254688
3 0.488672 0.40625 0.0726563 0.1
4 0.380078 0.269141 0.0398437 0.0554687
4 0.588672 0.283984 0.0507812 0.0601563
5 0.346094 0.0800781 0.128125 0.160156
6 0.326172 0.0464844 0.0898438 0.0929688
7 0.156641 0.292187 0.313281 0.1875
7 0.826172 0.313672 0.347656 0.225781
8 0.466016 0.721875 0.149219 0.55
9 0.696094 0.719141 0.182812 0.225781
10 0.597266 0.109766 0.805469 0.219531
11 0.201953 0.514062 0.164844 0.265625
11 0.833594 0.569922 0.139063 0.239844
11 0.332813 0.692578 0.140625 0.225781
12 0.05625 0.460156 0.059375 0.104688
12 0.120313 0.854297 0.0734375 0.114844
12 0.644922 0.896875 0.0617188 0.096875
12 0.827344 0.860547 0.0484375 0.102344
12 0.767188 0.562891 0.0453125 0.0742188
13 0.519922 0.691406 0.910156 0.521875
14 0.114062 0.164844 0.228125 0.329688
