0 0.464062 0.380469 0.25 0.370312
1 0.464453 0.317578 0.249219 0.246094
2 0.463281 0.475391 0.170313 0.182031
3 0.464453 0.503906 0.0601563 0.0875
4 0.462109 0.370312 0.0570312 0.0515625
5 0.602734 0.222266 0.157031 0.183594
6 0.620703 0.204687 0.121094 0.148438
7 0.386719 0.594531 0.340625 0.204687
7 0.639062 0.500781 0.176563 0.28125
8 0.703516 0.63125 0.541406 0.201563
9 0.179688 0.369141 0.270313 0.319531
10 0.534766 0.0683594 0.305469 0.117969
11 0.832031 0.285547 0.189062 0.355469
12 0.125391 0.578125 0.0617188 0.107813
12 0.294141 0.220703 0.0585938 0.108594
13 0.580859 0.788281 0.0695313 0.040625
13 0.786719 0.819531 0.059375 0.0390625
13 0.323437 0.764453 0.065625 0.0367188
13 0.155859 0.823438 0.0585938 0.0359375
14 0.204297 0.0980469 0.288281 0.186719
