0 0.390234 0.430078 0.353906 0.538281
1 0.385937 0.35 0.335938 0.179688
2 0.389844 0.540234 0.35 0.317969
3 0.325781 0.623437 0.0921875 0.153125
4 0.334375 0.468359 0.0921875 0.0710937
4 0.460156 0.455469 0.078125 0.0875
5 0.606641 0.216406 0.274219 0.270313
6 0.622656 0.149219 0.242188 0.1375
7 0.5 0.837891 1 0.324219
8 0.778516 0.55 0.442969 0.0890625
9 0.0996094 0.599609 0.153906 0.236719
10 0.5 0.193359 1 0.380469
11 0.834375 0.0636719 0.0796875 0.122656
12 0.540625 0.709375 0.059375 0.0765625
13 0.681641 0.661328 0.0648438 0.0539063
13 0.792578 0.643359 0.0789062 0.0539063
13 0.899609 0.644922 0.0570312 0.0585938
14 0.0785156 0.101172 0.157031 0.202344
