0 0.288672 0.326562 0.207031 0.221875
1 0.288672 0.321094 0.207031 0.164062
2 0.303516 0.368359 0.128906 0.138281
3 0.30625 0.369922 0.0421875 0.0632812
4 0.342578 0.335547 0.0289063 0.0414062
5 0.396094 0.168359 0.140625 0.155469
6 0.396094 0.150781 0.139063 0.11875
7 0.136328 0.497266 0.188281 0.203906
8 0.181641 0.696875 0.363281 0.60625
9 0.483594 0.323828 0.204687 0.214844
10 0.692578 0.191406 0.614844 0.254688
11 0.821484 0.361719 0.192969 0.18125
12 0.541406 0.715234 0.0671875 0.185156
12 0.596484 0.748828 0.0695313 0.121094
13 0.575391 0.545703 0.0414062 0.0523438
13 0.662109 0.545312 0.0523438 0.04375
13 0.727344 0.573438 0.0453125 0.0484375
13 0.608594 0.604688 0.0375 0.046875
13 0.673438 0.627344 0.040625 0.0453125
13 0.725781 0.670703 0.05 0.0429688
13 0.798047 0.630078 0.0460938 0.0429688
14 0.168359 0.144141 0.225781 0.225781
