0 0.325391 0.257422 0.300781 0.438281
1 0.327344 0.132812 0.284375 0.185938
2 0.324609 0.340625 0.300781 0.275
3 0.324609 0.377344 0.124219 0.185938
4 0.316797 0.136328 0.0898438 0.0929688
5 0.419141 0.096875 0.0929688 0.19375
6 0.419141 0.0332031 0.0929688 0.0664062
7 0.319531 0.402734 0.609375 0.150781
8 0.301563 0.73125 0.546875 0.5375
9 0.754297 0.717578 0.377344 0.460156
10 0.803906 0.195703 0.392188 0.300781
11 0.696875 0.351562 0.15625 0.260937
11 0.482812 0.577344 0.1875 0.2875
12 0.0683594 0.539453 0.0882813 0.144531
12 0.360156 0.610156 0.0703125 0.084375
12 0.344922 0.798047 0.0695313 0.114844
12 0.903516 0.444531 0.0414062 0.0953125
12 0.920703 0.883594 0.0820312 0.146875
13 0.499609 0.934766 0.999219 0.130469
14 0.917578 0.0820312 0.164844 0.164062
