0 0.376953 0.296875 0.321094 0.421875
1 0.364063 0.1875 0.292187 0.203125
2 0.376953 0.378125 0.322656 0.257812
3 0.436328 0.448437 0.0867187 0.096875
4 0.3 0.403516 0.071875 0.0710937
5 0.448828 0.121094 0.0507812 0.196875
6 0.446484 0.05625 0.0398437 0.0671875
7 0.373047 0.576953 0.417969 0.150781
8 0.559766 0.569922 0.336719 0.180469
9 0.809766 0.758203 0.175781 0.157031
10 0.5 0.203125 1 0.353125
11 0.812109 0.470703 0.278906 0.389844
12 0.299219 0.826172 0.0921875 0.132031
12 0.478906 0.738672 0.11875 0.136719
13 0.576562 0.705469 0.0421875 0.034375
13 0.601562 0.914844 0.0859375 0.059375
13 0.136328 0.839063 0.0726563 0.059375
14 0.04375 0.0597656 0.0875 0.119531
