0 0.323047 0.435156 0.252344 0.246875
1 0.322656 0.381641 0.25 0.119531
2 0.319922 0.493359 0.224219 0.130469
3 0.376563 0.499609 0.0671875 0.114844
4 0.270703 0.469141 0.0523438 0.0539063
5 0.477734 0.312109 0.132031 0.160156
6 0.491016 0.267969 0.103906 0.0734375
7 0.112109 0.499609 0.213281 0.0976562
7 0.714453 0.545703 0.571094 0.182031
8 0.610156 0.802344 0.732812 0.395313
9 0.152734 0.676172 0.227344 0.172656
10 0.537891 0.160156 0.924219 0.114062
11 0.816797 0.361719 0.149219 0.304688
12 0.763281 0.809766 0.065625 0.0648438
12 0.844922 0.849609 0.0664062 0.0742188
13 0.516016 0.551172 0.0289063 0.0273438
13 0.724609 0.596875 0.0351562 0.034375
13 0.882812 0.653125 0.03125 0.03125
13 0.222656 0.816406 0.0375 0.03125
13 0.289062 0.912109 0.0359375 0.0304687
13 0.423828 0.926953 0.0398437 0.0320312
14 0.114062 0.0949219 0.15 0.138281
