0 0.317578 0.347656 0.427344 0.328125
1 0.316406 0.296484 0.425 0.225781
2 0.329297 0.411328 0.403906 0.200781
3 0.211328 0.453516 0.0648438 0.105469
4 0.204687 0.371484 0.053125 0.0507812
5 0.196875 0.173828 0.0875 0.286719
6 0.202734 0.13125 0.0773438 0.201563
7 0.751563 0.370703 0.460938 0.183594
8 0.217578 0.735547 0.435156 0.521094
9 0.789062 0.803516 0.420312 0.391406
10 0.478125 0.161328 0.95625 0.322656
11 0.602344 0.187891 0.245312 0.341406
12 0.673047 0.569141 0.0726563 0.136719
12 0.402344 0.669531 0.135937 0.154688
12 0.494922 0.843359 0.119531 0.169531
13 0.0636719 0.492578 0.0523438 0.0570312
13 0.456641 0.502344 0.0507812 0.0703125
13 0.5125 0.636328 0.034375 0.0585938
13 0.340625 0.830078 0.0484375 0.0398437
13 0.496484 0.7625 0.0367188 0.0453125
13 0.573047 0.896094 0.0523438 0.0375
13 0.848047 0.566016 0.0882813 0.0648438
13 0.767969 0.470703 0.0671875 0.0367188
13 0.935937 0.453125 0.0828125 0.046875
13 0.758594 0.425 0.464062 0.090625
14 0.876172 0.107813 0.230469 0.214062
