0 0.437109 0.310156 0.599219 0.296875
1 0.439844 0.265234 0.590625 0.161719
2 0.439063 0.361719 0.596875 0.185938
3 0.186719 0.41875 0.0421875 0.0671875
4 0.284766 0.380469 0.0585938 0.0578125
4 0.399609 0.376172 0.0601563 0.0617188
4 0.522656 0.361719 0.05625 0.05625
4 0.628906 0.351562 0.0671875 0.0515625
5 0.680469 0.153125 0.0953125 0.14375
6 0.681641 0.124219 0.0898438 0.08125
7 0.532031 0.444922 0.935937 0.182031
8 0.382031 0.746094 0.203125 0.503125
9 0.8625 0.622266 0.275 0.328906
10 0.489844 0.0738281 0.978125 0.147656
11 0.902344 0.222266 0.185938 0.246094
12 0.797656 0.311328 0.0640625 0.0679687
12 0.958203 0.312891 0.0726563 0.0632812
13 0.619531 0.618359 0.210938 0.0335937
13 0.663672 0.757031 0.314844 0.0625
13 0.166016 0.73125 0.219531 0.028125
13 0.166406 0.841016 0.185938 0.0273438
14 0.0507812 0.0414062 0.101562 0.0828125
