0 0.503906 0.508203 0.317188 0.342969
1 0.504687 0.460156 0.315625 0.167187
2 0.496094 0.596875 0.245312 0.165625
3 0.496094 0.621484 0.0796875 0.0960938
4 0.417969 0.583984 0.0375 0.0429688
4 0.566406 0.564844 0.0359375 0.0359375
5 0.639844 0.308203 0.225 0.160156
6 0.645703 0.278516 0.211719 0.100781
7 0.334766 0.624609 0.110156 0.0382813
7 0.642188 0.588281 0.0765625 0.0328125
8 0.205078 0.695703 0.377344 0.386719
9 0.705859 0.746094 0.180469 0.165625
10 0.570312 0.164453 0.859375 0.205469
11 0.845703 0.439063 0.247656 0.498437
12 0.641016 0.647266 0.0460938 0.0804688
12 0.69375 0.617578 0.0578125 0.110156
13 0.389062 0.732812 0.034375 0.0171875
13 0.454688 0.698828 0.0296875 0.0164063
13 0.525781 0.692187 0.034375 0.0140625
13 0.486328 0.741406 0.0335937 0.0140625
13 0.560937 0.730859 0.0296875 0.0179687
13 0.594531 0.683594 0.03125 0.0125
14 0.630859 0.0679687 0.149219 0.125
