0 0.497266 0.45 0.349219 0.428125
1 0.498828 0.354687 0.344531 0.2375
2 0.497266 0.552344 0.349219 0.223438
3 0.478906 0.682031 0.0890625 0.129688
4 0.576172 0.524219 0.0710937 0.0640625
4 0.396484 0.607812 0.0789062 0.0796875
5 0.560937 0.273828 0.104688 0.177344
6 0.553906 0.229297 0.0921875 0.0867187
7 0.317578 0.699219 0.238281 0.0875
7 0.648828 0.696094 0.263281 0.084375
8 0.493359 0.855469 0.108594 0.235937
9 0.155859 0.240234 0.191406 0.280469
10 0.196875 0.482031 0.304688 0.167187
10 0.834766 0.442188 0.328906 0.153125
11 0.0964844 0.796094 0.192969 0.407813
11 0.0882813 0.434375 0.021875 0.0390625
11 0.113672 0.412891 0.0335937 0.0570312
11 0.160156 0.466406 0.0546875 0.075
11 0.129297 0.484766 0.0335937 0.0539063
11 0.0960938 0.485156 0.028125 0.0390625
11 0.197266 0.492969 0.0273438 0.040625
11 0.259375 0.422266 0.0265625 0.0320312
11 0.292187 0.4 0.0421875 0.0640625
11 0.317578 0.426172 0.0304687 0.0367188
11 0.228516 0.488672 0.0320312 0.0585938
11 0.253906 0.493359 0.03125 0.0554687
11 0.275 0.493359 0.0515625 0.0460938
11 0.203516 0.532031 0.0320312 0.03125
11 0.225 0.533203 0.0328125 0.0304687
11 0.228125 0.576562 0.028125 0.0375
11 0.198047 0.573438 0.0304687 0.034375
11 0.167187 0.561719 0.0375 0.040625
11 0.757031 0.375391 0.0421875 0.0804688
11 0.739453 0.410547 0.0242188 0.0476562
11 0.789453 0.417187 0.0367188 0.053125
11 0.946094 0.414453 0.0484375 0.0664062
11 0.928906 0.446094 0.0484375 0.053125
11 0.688672 0.484766 0.0382813 0.0617188
12 0.273438 0.882031 0.107813 0.215625
12 0.733984 0.866406 0.125781 0.234375
13 0.70625 0.928125 0.323437 0.142187
13 0.364063 0.922266 0.196875 0.133594
13 0.174219 0.920312 0.126562 0.159375
14 0.777344 0.185156 0.3875 0.298438
