0 0.264844 0.666016 0.4125 0.667969
1 0.225781 0.484375 0.317188 0.303125
2 0.255859 0.808594 0.392969 0.382812
3 0.153125 0.894141 0.104688 0.210156
4 0.345313 0.694141 0.114062 0.0851563
5 0.466406 0.332031 0.2 0.620313
6 0.466406 0.21875 0.2 0.39375
7 0.712109 0.930469 0.546094 0.139063
8 0.034375 0.566406 0.06875 0.629687
9 0.533203 0.807422 0.135156 0.153906
10 0.185938 0.164844 0.370312 0.290625
11 0.749609 0.555078 0.447656 0.821094
12 0.896875 0.794531 0.090625 0.140625
13 0.623828 0.847266 0.0648438 0.0382813
14 0.919141 0.071875 0.157031 0.14375
