0 0.451562 0.506641 0.367188 0.417969
1 0.451562 0.442969 0.367188 0.171875
2 0.446094 0.607812 0.346875 0.21875
3 0.430859 0.646875 0.125781 0.129688
4 0.347266 0.580859 0.0789062 0.113281
4 0.530859 0.581641 0.100781 0.105469
5 0.551172 0.284766 0.122656 0.172656
6 0.547266 0.252344 0.122656 0.107813
7 0.232031 0.735156 0.120313 0.11875
7 0.348438 0.761328 0.139063 0.102344
8 0.789844 0.736328 0.420312 0.192969
9 0.182812 0.259766 0.154688 0.0898438
10 0.473438 0.106641 0.914062 0.213281
11 0.699219 0.401172 0.185938 0.300781
11 0.801172 0.407422 0.153906 0.199219
12 0.475391 0.785547 0.0335937 0.0445313
12 0.403516 0.884766 0.0507812 0.0679687
12 0.587891 0.835547 0.0398437 0.0476562
13 0.840234 0.872266 0.0726563 0.0226562
13 0.649219 0.817578 0.059375 0.0226562
13 0.535937 0.872266 0.0515625 0.0226562
13 0.202734 0.842578 0.0570312 0.0226562
13 0.0839844 0.685156 0.0476562 0.0203125
14 0.934766 0.0480469 0.130469 0.0960938
