0 0.521875 0.258984 0.41875 0.463281
1 0.523047 0.160938 0.416406 0.189062
2 0.530469 0.361328 0.36875 0.260156
3 0.508984 0.390625 0.0757812 0.15
4 0.423828 0.35625 0.0585938 0.0703125
4 0.616016 0.354687 0.0648438 0.0890625
5 0.557031 0.0433594 0.3625 0.0835937
6 0.558203 0.0378906 0.363281 0.0757812
7 0.457031 0.519922 0.735938 0.342969
8 0.5 0.816016 1 0.196094
9 0.84375 0.239063 0.182812 0.175
10 0.860938 0.129297 0.275 0.257031
10 0.172656 0.158203 0.342187 0.313281
11 0.907031 0.466016 0.18125 0.346094
12 0.108594 0.255469 0.135937 0.215625
13 0.177734 0.661719 0.257031 0.1
13 0.915234 0.68125 0.169531 0.0734375
14 0.0617188 0.0730469 0.123438 0.146094
