0 0.631641 0.421875 0.507031 0.479687
1 0.63125 0.362891 0.50625 0.246094
2 0.631641 0.558984 0.408594 0.205469
3 0.544531 0.586328 0.09375 0.130469
4 0.708594 0.551953 0.125 0.0945312
5 0.717578 0.153516 0.125781 0.185156
6 0.701953 0.117188 0.0945312 0.114062
7 0.375781 0.582812 0.154688 0.0921875
7 0.901953 0.553906 0.150781 0.1
8 0.512109 0.802344 0.128906 0.317188
9 0.190625 0.783984 0.284375 0.172656
10 0.639453 0.295312 0.711719 0.439063
11 0.182422 0.423047 0.292969 0.499219
12 0.339453 0.860938 0.0648438 0.104688
12 0.723828 0.782813 0.0679687 0.120313
12 0.860938 0.820312 0.08125 0.132812
12 0.885547 0.671484 0.0757812 0.0851563
13 0.655078 0.722266 0.0679687 0.0445313
13 0.731641 0.916016 0.130469 0.0539063
13 0.419922 0.726172 0.0601563 0.0320312
13 0.209375 0.93125 0.059375 0.05625
14 0.255859 0.101172 0.152344 0.158594
