0 0.491406 0.504687 0.595313 0.665625
1 0.488281 0.360938 0.592187 0.375
2 0.498437 0.660547 0.567187 0.350781
3 0.489063 0.713281 0.139063 0.189062
4 0.320312 0.632031 0.06875 0.0890625
4 0.659375 0.598828 0.06875 0.0914062
5 0.426563 0.187891 0.217188 0.305469
6 0.428516 0.117969 0.217969 0.164062
7 0.132031 0.760156 0.192188 0.164062
7 0.871094 0.70625 0.217188 0.154688
8 0.339062 0.903906 0.45625 0.192188
9 0.860156 0.874219 0.220312 0.175
10 0.798047 0.214844 0.403906 0.389062
11 0.119531 0.503125 0.19375 0.453125
12 0.667969 0.876563 0.08125 0.115625
13 0.526172 0.971094 0.0851563 0.05
13 0.607812 0.965625 0.078125 0.046875
13 0.716406 0.961328 0.0890625 0.0523438
14 0.137891 0.1375 0.213281 0.215625
