0 0.180859 0.464062 0.241406 0.457813
1 0.180078 0.345313 0.238281 0.207813
2 0.180859 0.566016 0.241406 0.250781
3 0.106641 0.623047 0.0929688 0.136719
4 0.246094 0.51875 0.0921875 0.0734375
5 0.256641 0.261328 0.175781 0.236719
6 0.257031 0.185156 0.176563 0.0828125
7 0.0320312 0.639453 0.0640625 0.110156
7 0.585547 0.627734 0.599219 0.107031
8 0.194531 0.841016 0.270313 0.317969
9 0.69375 0.883203 0.326562 0.171094
10 0.567578 0.303125 0.536719 0.384375
11 0.889844 0.401172 0.220312 0.624219
12 0.398047 0.759766 0.0351562 0.0523438
12 0.479297 0.858984 0.0351562 0.0570312
12 0.738672 0.732031 0.0351562 0.05625
13 0.275781 0.739844 0.0359375 0.025
13 0.535937 0.741016 0.0640625 0.0164063
13 0.393359 0.9125 0.0257812 0.0171875
13 0.872656 0.79375 0.0453125 0.0203125
14 0.557422 0.188281 0.167969 0.203125
