0 0.519141 0.404687 0.692969 0.489063
1 0.517969 0.328125 0.690625 0.329688
2 0.560547 0.530078 0.585156 0.236719
3 0.382812 0.576562 0.071875 0.110937
4 0.725781 0.51875 0.1125 0.0546875
4 0.536328 0.531641 0.0882813 0.0554687
5 0.686328 0.172656 0.144531 0.246875
6 0.698047 0.125 0.119531 0.148438
7 0.211719 0.882031 0.3625 0.140625
7 0.780859 0.865625 0.342969 0.1125
8 0.483594 0.805078 0.25625 0.347656
9 0.149219 0.625391 0.229687 0.228906
10 0.237109 0.145703 0.364844 0.200781
11 0.111328 0.388672 0.152344 0.224219
12 0.548828 0.695703 0.0414062 0.0710937
12 0.63125 0.690234 0.0328125 0.0648438
12 0.725 0.685937 0.0625 0.0828125
13 0.0789062 0.784375 0.0671875 0.0390625
13 0.219531 0.763281 0.0703125 0.046875
13 0.307422 0.716406 0.0617188 0.0375
13 0.617578 0.781641 0.0820312 0.0476562
13 0.750781 0.757812 0.084375 0.0484375
13 0.878906 0.675781 0.084375 0.0609375
13 0.903516 0.560547 0.0960938 0.0695313
14 0.271484 0.0789062 0.125781 0.109375
