0 0.380859 0.439063 0.402344 0.426563
1 0.356641 0.321484 0.341406 0.191406
2 0.380469 0.444141 0.401562 0.413281
3 0.288672 0.583594 0.0914062 0.132812
4 0.490234 0.471094 0.108594 0.101562
5 0.437891 0.217969 0.0835937 0.170313
6 0.437891 0.182031 0.0820312 0.1
7 0.196094 0.674609 0.120313 0.171094
7 0.473828 0.567969 0.311719 0.3375
8 0.262891 0.817578 0.130469 0.364844
9 0.739453 0.710547 0.188281 0.236719
10 0.808594 0.178906 0.373437 0.225
11 0.0972656 0.457813 0.147656 0.271875
12 0.579688 0.696484 0.0609375 0.0851563
13 0.210938 0.6625 0.065625 0.025
13 0.451562 0.631641 0.08125 0.0492187
13 0.550781 0.565625 0.0671875 0.05
14 0.146094 0.149609 0.292187 0.275781
