0 0.3 0.371875 0.453125 0.542188
1 0.298047 0.208984 0.394531 0.217969
2 0.299609 0.465234 0.450781 0.353906
3 0.413281 0.55625 0.0734375 0.125
4 0.18125 0.376953 0.078125 0.0867187
5 0.418359 0.139844 0.0789062 0.204687
6 0.43125 0.0753906 0.053125 0.0757812
7 0.5 0.565234 1 0.642969
8 0.474219 0.672266 0.223438 0.132031
9 0.712109 0.290625 0.250781 0.259375
10 0.167969 0.110937 0.335938 0.1375
11 0.564453 0.108203 0.128906 0.216406
12 0.660937 0.125 0.0375 0.0515625
12 0.710938 0.109766 0.040625 0.0585938
12 0.759766 0.108594 0.0382813 0.0671875
12 0.808984 0.105859 0.0507812 0.0757812
13 0.626563 0.175 0.0375 0.040625
13 0.877734 0.192578 0.0304687 0.0351562
13 0.877734 0.325781 0.0476562 0.0484375
14 0.921875 0.101562 0.15625 0.203125
