0 0.614062 0.401562 0.721875 0.4875
1 0.614844 0.33125 0.717187 0.190625
2 0.614844 0.514453 0.707812 0.264844
3 0.350781 0.584375 0.059375 0.0984375
4 0.836719 0.511328 0.078125 0.0773438
4 0.680469 0.514844 0.0765625 0.08125
4 0.531641 0.530859 0.0757812 0.0898438
4 0.358203 0.354297 0.0742188 0.0835937
5 0.824609 0.162891 0.116406 0.180469
6 0.824219 0.123438 0.117188 0.101562
7 0.171094 0.307812 0.296875 0.114062
8 0.137891 0.737891 0.275781 0.522656
9 0.8875 0.8875 0.225 0.225
10 0.502344 0.127344 0.990625 0.246875
11 0.314063 0.767578 0.3 0.347656
12 0.972656 0.741406 0.0390625 0.0796875
13 0.594141 0.842969 0.0695313 0.04375
13 0.547266 0.644531 0.0617188 0.040625
13 0.429297 0.896094 0.0367188 0.025
14 0.0582031 0.0554687 0.116406 0.110937
