0 0.452344 0.367578 0.354687 0.300781
1 0.452734 0.291016 0.355469 0.147656
2 0.451953 0.425391 0.263281 0.185156
3 0.359766 0.469141 0.0789062 0.0976562
4 0.506641 0.389844 0.0539063 0.04375
5 0.635938 0.211328 0.1125 0.0976562
6 0.646094 0.192578 0.090625 0.0601563
7 0.730078 0.408984 0.316406 0.244531
8 0.375 0.667578 0.395313 0.317969
9 0.675 0.69375 0.257812 0.19375
10 0.511328 0.23125 0.857031 0.367188
11 0.729297 0.274609 0.105469 0.208594
12 0.142187 0.601172 0.078125 0.142969
13 0.463672 0.771875 0.0398437 0.0265625
13 0.548438 0.587109 0.0453125 0.0226562
13 0.827734 0.667969 0.0320312 0.0234375
14 0.150781 0.155859 0.2125 0.227344
