0 0.479297 0.328516 0.207031 0.341406
1 0.473047 0.250391 0.188281 0.114844
2 0.480078 0.389062 0.207031 0.220312
3 0.490625 0.432031 0.065625 0.121875
4 0.548438 0.359766 0.04375 0.0539063
5 0.607422 0.150781 0.250781 0.165625
6 0.607422 0.111719 0.249219 0.0890625
7 0.500391 0.504687 0.286719 0.140625
8 0.513672 0.721875 0.135156 0.484375
9 0.753125 0.602344 0.310937 0.232813
10 0.288672 0.187109 0.383594 0.310156
11 0.642969 0.300781 0.0875 0.25
12 0.34375 0.694531 0.046875 0.075
12 0.298047 0.701172 0.0445313 0.0820312
13 0.689063 0.832812 0.103125 0.034375
13 0.379688 0.798828 0.0546875 0.0320312
13 0.372266 0.571484 0.0789062 0.0398437
13 0.625391 0.559766 0.0414062 0.0304687
14 0.855859 0.0714844 0.108594 0.107031
