0 0.534766 0.483203 0.466406 0.716406
1 0.529297 0.276953 0.446094 0.305469
2 0.534375 0.625391 0.465625 0.436719
3 0.445312 0.705469 0.0890625 0.19375
4 0.425 0.495312 0.046875 0.0515625
4 0.621484 0.488281 0.0507812 0.0671875
4 0.539453 0.25625 0.0789062 0.084375
5 0.4625 0.174609 0.059375 0.199219
6 0.464453 0.111328 0.0382813 0.0679687
7 0.157422 0.741797 0.313281 0.0742188
7 0.862891 0.789453 0.274219 0.0757812
8 0.325391 0.896484 0.319531 0.207031
9 0.166797 0.580859 0.186719 0.174219
10 0.5 0.255469 1 0.510938
11 0.880859 0.623828 0.238281 0.335156
12 0.713281 0.917188 0.0640625 0.071875
12 0.591406 0.915625 0.0578125 0.0734375
12 0.503516 0.916016 0.0492187 0.0695313
13 0.846484 0.899609 0.0617188 0.0351562
14 0.876953 0.141797 0.246094 0.283594
