0 0.490625 0.365625 0.642188 0.564063
1 0.485547 0.274219 0.622656 0.23125
2 0.489453 0.490234 0.453906 0.300781
3 0.628516 0.507812 0.117969 0.242188
4 0.366797 0.457031 0.138281 0.148438
5 0.283594 0.120313 0.078125 0.175
6 0.281641 0.0691406 0.0539063 0.0679687
7 0.505859 0.459375 0.982031 0.91875
8 0.358984 0.884766 0.249219 0.230469
9 0.628516 0.727734 0.289844 0.174219
10 0.100391 0.0964844 0.191406 0.192969
11 0.844531 0.383594 0.178125 0.514062
12 0.0808594 0.347656 0.0570312 0.0859375
12 0.116797 0.364844 0.0679687 0.08125
12 0.0753906 0.398828 0.0601563 0.0507812
12 0.0984375 0.453516 0.071875 0.107031
12 0.142578 0.467969 0.0617188 0.107813
12 0.102344 0.542969 0.0703125 0.114062
12 0.134375 0.639844 0.0625 0.10625
12 0.178516 0.689844 0.0710937 0.0859375
12 0.23125 0.710547 0.053125 0.0570312
13 0.500781 0.636719 0.825 0.359375
14 0.946484 0.0882813 0.0867187 0.125
