0 0.316406 0.231641 0.298438 0.307031
1 0.307422 0.157031 0.225781 0.139063
2 0.316406 0.290234 0.298438 0.189844
3 0.285156 0.332031 0.040625 0.084375
4 0.208203 0.319141 0.0164063 0.0226562
4 0.216797 0.2625 0.0164063 0.021875
4 0.344922 0.252344 0.0195312 0.0328125
4 0.351562 0.314063 0.0203125 0.03125
5 0.40625 0.117188 0.120313 0.184375
6 0.405859 0.0582031 0.119531 0.0664062
7 0.223828 0.467578 0.447656 0.0445313
8 0.620313 0.453906 0.360938 0.0859375
9 0.804297 0.452344 0.0507812 0.0859375
10 0.734375 0.219922 0.53125 0.266406
10 0.0847656 0.257422 0.169531 0.216406
11 0.864844 0.569141 0.107813 0.367969
12 0.136328 0.668359 0.0726563 0.0945312
13 0.157812 0.726172 0.315625 0.0585938
14 0.903516 0.0695313 0.100781 0.123438
