0 0.281641 0.245703 0.405469 0.305469
1 0.282031 0.164844 0.403125 0.146875
2 0.28125 0.308594 0.403125 0.18125
3 0.416406 0.332031 0.0765625 0.13125
4 0.152344 0.294141 0.090625 0.0835937
4 0.279297 0.295312 0.0835937 0.0765625
5 0.494141 0.102734 0.157031 0.205469
6 0.494531 0.0546875 0.15625 0.109375
7 0.234766 0.360938 0.271094 0.0484375
8 0.589844 0.527344 0.465625 0.529687
9 0.763672 0.740234 0.472656 0.519531
10 0.755078 0.110156 0.489844 0.2
11 0.0695313 0.791016 0.139063 0.307031
11 0.125 0.572656 0.204687 0.320312
11 0.245312 0.692969 0.190625 0.33125
12 0.453125 0.755469 0.034375 0.059375
13 0.346484 0.800391 0.0429688 0.0289063
13 0.512891 0.789453 0.0460938 0.0242188
13 0.407813 0.878516 0.075 0.0367188
14 0.065625 0.0664062 0.13125 0.132812
