0 0.282813 0.326562 0.2625 0.335938
1 0.283203 0.25 0.261719 0.18125
2 0.289453 0.40625 0.242969 0.178125
3 0.2375 0.422656 0.09375 0.129688
4 0.333984 0.421484 0.0539063 0.113281
5 0.148047 0.155078 0.138281 0.224219
6 0.142187 0.114844 0.126562 0.14375
7 0.0910156 0.615625 0.153906 0.0625
7 0.347266 0.614844 0.235156 0.065625
8 0.469531 0.696094 0.870313 0.404687
9 0.71875 0.623437 0.271875 0.204687
10 0.814453 0.0949219 0.371094 0.130469
11 0.764844 0.287891 0.284375 0.363281
11 0.544141 0.387891 0.133594 0.152344
12 0.876172 0.483203 0.0476562 0.0742188
12 0.521094 0.561719 0.0609375 0.10625
12 0.905859 0.635156 0.0804688 0.0921875
13 0.877344 0.427344 0.0765625 0.0703125
13 0.630469 0.477734 0.04375 0.0476562
13 0.889453 0.695703 0.0601563 0.0554687
14 0.465625 0.0964844 0.185938 0.164844
