0 0.516016 0.536328 0.614844 0.927344
1 0.507031 0.271484 0.56875 0.394531
2 0.513672 0.716406 0.608594 0.567187
3 0.700781 0.865234 0.23125 0.269531
4 0.384766 0.565625 0.157031 0.165625
4 0.711719 0.580469 0.110937 0.140625
5 0.276172 0.151562 0.255469 0.253125
6 0.195312 0.0707031 0.096875 0.0867187
7 0.107422 0.924609 0.214844 0.150781
8 0.106641 0.7 0.213281 0.104688
9 0.0972656 0.495703 0.161719 0.175781
10 0.188281 0.0492187 0.376563 0.0984375
11 0.875781 0.5 0.248438 1
12 0.854688 0.941797 0.078125 0.116406
13 0.462891 0.9625 0.925781 0.075
14 0.662891 0.071875 0.160156 0.14375
