0 0.526172 0.404687 0.691406 0.710938
1 0.528516 0.152734 0.685156 0.147656
2 0.512109 0.479687 0.671094 0.560937
3 0.321875 0.587109 0.146875 0.339844
3 0.5125 0.752734 0.10625 0.117969
4 0.599609 0.343359 0.163281 0.133594
5 0.86875 0.0808594 0.198437 0.122656
6 0.874219 0.0554687 0.185938 0.0703125
7 0.253906 0.773438 0.4375 0.24375
7 0.773438 0.719922 0.439063 0.186719
8 0.507031 0.904297 0.967187 0.150781
9 0.102734 0.581641 0.135156 0.221094
10 0.185156 0.2125 0.264062 0.4
10 0.865625 0.328906 0.0984375 0.0734375
11 0.910547 0.528906 0.157031 0.4125
12 0.836328 0.585547 0.0429688 0.0679687
12 0.678906 0.788281 0.034375 0.046875
12 0.425 0.834375 0.0734375 0.04375
12 0.325781 0.853906 0.071875 0.0734375
12 0.0445313 0.462891 0.0734375 0.0898438
12 0.151562 0.369141 0.05 0.0773438
13 0.108594 0.435937 0.03125 0.0265625
13 0.156641 0.448437 0.0320312 0.0359375
13 0.18125 0.423828 0.034375 0.0242188
13 0.180859 0.523047 0.0257812 0.0242188
13 0.0335937 0.559375 0.0265625 0.01875
13 0.0605469 0.721875 0.0492187 0.034375
13 0.0796875 0.841797 0.059375 0.0382813
13 0.252734 0.849609 0.0523438 0.0351562
13 0.549219 0.837891 0.0375 0.0195312
13 0.6375 0.807031 0.046875 0.0234375
13 0.869922 0.821094 0.0742188 0.0328125
13 0.970703 0.860156 0.0289063 0.0203125
13 0.827734 0.659375 0.0320312 0.01875
13 0.982422 0.619531 0.0320312 0.01875
13 0.967187 0.535937 0.034375 0.021875
13 0.825 0.507031 0.01875 0.0140625
14 0.0890625 0.0832031 0.1625 0.161719
