0 0.296875 0.707812 0.434375 0.360938
1 0.296875 0.641797 0.434375 0.121094
2 0.298828 0.785156 0.336719 0.204687
3 0.388672 0.823828 0.0585938 0.125781
4 0.195312 0.774609 0.06875 0.141406
4 0.291016 0.767188 0.0804688 0.134375
5 0.185938 0.508984 0.0921875 0.205469
6 0.186719 0.461328 0.0890625 0.108594
7 0.408984 0.803516 0.717969 0.378906
8 0.425391 0.939844 0.147656 0.120313
9 0.857031 0.886719 0.25 0.221875
10 0.461719 0.206641 0.815625 0.291406
11 0.878516 0.523828 0.221094 0.449219
12 0.641797 0.505469 0.0820312 0.198437
13 0.639062 0.591016 0.192188 0.0601563
13 0.875391 0.742188 0.241406 0.0625
14 0.147266 0.148828 0.214844 0.230469
