0 0.191406 0.249219 0.285938 0.285938
1 0.191797 0.215234 0.288281 0.163281
2 0.191406 0.302344 0.265625 0.182812
3 0.141016 0.350781 0.0617188 0.0765625
4 0.152734 0.266406 0.0523438 0.0484375
5 0.210156 0.113281 0.173437 0.217188
6 0.216016 0.0582031 0.160156 0.107031
7 0.574609 0.255078 0.466406 0.125781
8 0.09375 0.511719 0.1875 0.271875
9 0.398828 0.452344 0.286719 0.190625
10 0.596875 0.127734 0.5 0.228906
11 0.724609 0.376172 0.272656 0.391406
12 0.287109 0.632422 0.0976562 0.147656
12 0.514844 0.630469 0.129688 0.178125
12 0.710547 0.663672 0.107031 0.142969
13 0.176172 0.572266 0.0632812 0.0992187
13 0.392188 0.687109 0.071875 0.0539063
13 0.615234 0.714844 0.0507812 0.05625
13 0.835547 0.607812 0.0492187 0.0484375
13 0.56875 0.34375 0.0578125 0.0734375
14 0.891797 0.0921875 0.191406 0.184375
