0 0.476953 0.417187 0.744531 0.798438
1 0.476953 0.118359 0.744531 0.178906
2 0.475781 0.499219 0.726562 0.629687
3 0.502734 0.575781 0.250781 0.409375
4 0.344531 0.334375 0.15 0.146875
4 0.741797 0.307812 0.157031 0.14375
5 0.834766 0.0679687 0.210156 0.1
6 0.890625 0.0542969 0.0984375 0.0726563
7 0.0992187 0.679297 0.160938 0.0976562
8 0.411328 0.892578 0.0757812 0.188281
9 0.809375 0.860547 0.276562 0.202344
10 0.919922 0.136328 0.160156 0.128906
11 0.0703125 0.427344 0.123438 0.382812
12 0.102734 0.781641 0.0867187 0.127344
13 0.192578 0.860938 0.166406 0.078125
13 0.544141 0.870703 0.124219 0.0460938
14 0.117188 0.0667969 0.103125 0.102344
