0 0.260547 0.245312 0.302344 0.4125
1 0.270703 0.101953 0.277344 0.130469
2 0.260547 0.300781 0.300781 0.3
3 0.266406 0.391797 0.09375 0.0960938
4 0.186328 0.242578 0.0601563 0.0804688
4 0.338281 0.245312 0.0625 0.0875
5 0.161719 0.0738281 0.0875 0.111719
6 0.159766 0.034375 0.0835937 0.0328125
7 0.463672 0.631641 0.907031 0.664844
8 0.444922 0.711719 0.672656 0.576562
9 0.646094 0.603516 0.160938 0.141406
10 0.596094 0.170703 0.392188 0.227344
11 0.914844 0.317578 0.134375 0.155469
12 0.796094 0.362891 0.0640625 0.132031
13 0.694141 0.390625 0.0757812 0.0390625
13 0.887109 0.410547 0.225781 0.0945312
13 0.021875 0.584766 0.04375 0.0242188
13 0.0210938 0.396094 0.0421875 0.0375
13 0.155859 0.579297 0.100781 0.0429688
13 0.535156 0.557031 0.090625 0.034375
13 0.762891 0.559766 0.0976562 0.0304687
13 0.935547 0.549609 0.128906 0.0648438
14 0.880078 0.096875 0.150781 0.18125
