0 0.411719 0.306641 0.284375 0.411719
1 0.412109 0.199609 0.283594 0.185156
2 0.413281 0.390234 0.267188 0.241406
3 0.407031 0.46875 0.05625 0.0671875
4 0.357031 0.362891 0.05625 0.0554687
4 0.461328 0.350781 0.0414062 0.0375
5 0.513281 0.144531 0.125 0.160938
6 0.513672 0.0894531 0.124219 0.0523438
7 0.149609 0.421875 0.282031 0.075
7 0.764844 0.316797 0.464062 0.161719
8 0.5 0.7 0.992188 0.254688
9 0.646875 0.891797 0.239063 0.200781
10 0.782031 0.178906 0.435937 0.357812
11 0.140625 0.221875 0.253125 0.4
12 0.132031 0.933984 0.065625 0.114844
12 0.230469 0.944531 0.05625 0.096875
12 0.827734 0.945703 0.0585938 0.0851563
12 0.9 0.932422 0.0578125 0.0726563
13 0.341797 0.9375 0.0648438 0.028125
13 0.463672 0.936719 0.0648438 0.0359375
13 0.469141 0.850391 0.0523438 0.0289063
13 0.380078 0.843359 0.0570312 0.0335937
13 0.833203 0.828125 0.0398437 0.0265625
13 0.894531 0.837891 0.04375 0.0304687
14 0.364844 0.065625 0.109375 0.096875
