0 0.494922 0.347266 0.619531 0.630469
1 0.507031 0.169531 0.59375 0.2375
2 0.4625 0.450391 0.554688 0.430469
3 0.333984 0.511719 0.172656 0.25625
4 0.578516 0.408203 0.189844 0.136719
4 0.494922 0.146094 0.102344 0.0921875
5 0.797266 0.0980469 0.153906 0.189844
6 0.816797 0.0210938 0.114844 0.034375
7 0.107031 0.251172 0.214062 0.0539063
8 0.5 0.496094 1 0.992188
9 0.139453 0.694141 0.205469 0.207031
10 0.630859 0.0394531 0.166406 0.0789062
11 0.848047 0.5 0.158594 0.534375
12 0.0832031 0.517578 0.107031 0.163281
13 0.582812 0.730469 0.30625 0.142187
13 0.0949219 0.683594 0.188281 0.221875
14 0.102344 0.114453 0.204687 0.228906
