0 0.343359 0.570703 0.263281 0.271094
1 0.344922 0.501563 0.260156 0.121875
2 0.343359 0.617578 0.263281 0.178906
3 0.439063 0.652734 0.0421875 0.0679687
4 0.343359 0.604297 0.0882813 0.0820312
5 0.454297 0.419531 0.0507812 0.178125
6 0.455078 0.378125 0.0492187 0.0953125
7 0.339453 0.755469 0.457031 0.0984375
8 0.508594 0.377344 0.982812 0.115625
9 0.812109 0.715625 0.263281 0.342187
10 0.487891 0.129688 0.975781 0.229687
11 0.662109 0.280078 0.0648438 0.111719
11 0.796484 0.278906 0.0664062 0.104688
12 0.659375 0.501172 0.0796875 0.147656
12 0.830469 0.483594 0.0765625 0.114062
13 0.238672 0.870313 0.0492187 0.0328125
13 0.336328 0.867578 0.0367188 0.0289063
13 0.422266 0.861719 0.0445313 0.0328125
14 0.485938 0.0523438 0.1125 0.0953125
