0 0.542188 0.252344 0.732812 0.5
1 0.542578 0.128906 0.732031 0.215625
2 0.536328 0.310937 0.638281 0.379688
3 0.547656 0.367578 0.128125 0.225781
4 0.358203 0.298438 0.183594 0.132812
4 0.769141 0.275781 0.100781 0.090625
4 0.550391 0.315234 0.0804688 0.0695313
5 0.211328 0.0808594 0.253906 0.152344
6 0.160156 0.0851563 0.151562 0.14375
7 0.434766 0.716406 0.507031 0.267188
8 0.320703 0.632031 0.567969 0.348438
9 0.438281 0.717187 0.351562 0.0875
10 0.0886719 0.24375 0.177344 0.2
11 0.172656 0.381641 0.05625 0.132031
12 0.747656 0.675391 0.0796875 0.146094
12 0.816016 0.764062 0.132031 0.204687
13 0.546484 0.927734 0.0523438 0.0304687
13 0.747656 0.901953 0.0390625 0.0351562
13 0.844141 0.878906 0.0320312 0.0359375
14 0.921484 0.0757812 0.157031 0.151562
