0 0.765234 0.476172 0.235156 0.247656
1 0.771484 0.408984 0.222656 0.113281
2 0.760547 0.510156 0.225781 0.179688
3 0.674219 0.566406 0.0328125 0.0640625
4 0.805078 0.514844 0.0492187 0.065625
5 0.837891 0.377734 0.111719 0.0945312
6 0.839844 0.366406 0.107813 0.071875
7 0.559375 0.603125 0.190625 0.214062
7 0.777734 0.747266 0.444531 0.0695313
8 0.463672 0.796875 0.927344 0.40625
9 0.195703 0.431641 0.152344 0.128906
10 0.5 0.219922 1 0.435156
11 0.0910156 0.285156 0.0882813 0.114062
11 0.429688 0.185547 0.0609375 0.116406
11 0.526563 0.144922 0.0890625 0.150781
11 0.740625 0.0742188 0.0734375 0.084375
11 0.933594 0.188672 0.08125 0.132031
11 0.654297 0.336328 0.0914062 0.136719
12 0.135937 0.676172 0.059375 0.111719
12 0.2125 0.710547 0.0640625 0.102344
13 0.722266 0.701172 0.0210938 0.0179687
13 0.787891 0.657813 0.0179687 0.0171875
13 0.850781 0.646484 0.01875 0.0210938
13 0.880469 0.698828 0.025 0.0179687
13 0.90625 0.635156 0.0171875 0.0234375
13 0.871875 0.591797 0.021875 0.0210938
13 0.901563 0.549219 0.0203125 0.025
13 0.944531 0.565234 0.01875 0.0210938
13 0.960156 0.603906 0.0125 0.01875
14 0.113672 0.0953125 0.146094 0.117188
