0 0.334766 0.408203 0.625781 0.652344
1 0.335156 0.220312 0.634375 0.264062
2 0.351562 0.516797 0.460938 0.432031
3 0.360156 0.619922 0.173437 0.224219
4 0.241406 0.4125 0.15 0.121875
4 0.469141 0.405469 0.172656 0.115625
5 0.505469 0.105859 0.15 0.211719
6 0.51875 0.0492187 0.126562 0.0984375
7 0.280469 0.780469 0.551562 0.11875
8 0.486719 0.894922 0.24375 0.208594
9 0.775 0.753516 0.334375 0.149219
10 0.758984 0.160547 0.482031 0.138281
11 0.665234 0.599219 0.169531 0.253125
12 0.1 0.967969 0.0765625 0.0625
12 0.271094 0.870703 0.0875 0.0914062
12 0.458203 0.863281 0.0898438 0.107813
13 0.0636719 0.907031 0.0617188 0.0578125
13 0.125391 0.853906 0.0445313 0.040625
13 0.152344 0.910937 0.0703125 0.053125
13 0.235547 0.910156 0.0507812 0.0515625
13 0.357812 0.837891 0.0515625 0.0507812
13 0.359766 0.932813 0.0601563 0.0546875
13 0.648047 0.810156 0.0460938 0.05
13 0.736719 0.687891 0.0421875 0.0414062
13 0.932422 0.787891 0.0492187 0.0523438
14 0.122266 0.104297 0.242969 0.203906
