0 0.436719 0.325 0.265625 0.315625
1 0.437109 0.268359 0.264844 0.200781
2 0.439844 0.416016 0.209375 0.133594
3 0.440234 0.433984 0.0648438 0.0976562
4 0.391406 0.35625 0.0625 0.0640625
4 0.497656 0.350781 0.05 0.0609375
5 0.545312 0.213672 0.128125 0.164844
6 0.555078 0.1625 0.108594 0.0625
7 0.224609 0.561328 0.242969 0.257031
7 0.695703 0.50625 0.244531 0.3
8 0.489453 0.734766 0.241406 0.503906
9 0.676562 0.469141 0.182812 0.157031
10 0.897266 0.272266 0.205469 0.200781
11 0.206641 0.455078 0.191406 0.266406
12 0.291016 0.533203 0.0460938 0.0820312
13 0.0878906 0.496484 0.0242188 0.0242188
13 0.157422 0.522266 0.0257812 0.0148437
13 0.0679687 0.618359 0.0296875 0.0179687
13 0.158203 0.838672 0.0507812 0.0367188
13 0.329297 0.729297 0.0257812 0.0132812
13 0.696484 0.698828 0.0320312 0.0164063
13 0.563672 0.532031 0.0304687 0.021875
13 0.750781 0.535547 0.0265625 0.0242188
13 0.961328 0.39375 0.0382813 0.025
13 0.880469 0.624609 0.0375 0.0179687
13 0.828125 0.842187 0.046875 0.0265625
13 0.330859 0.578906 0.0242188 0.0140625
14 0.760938 0.101562 0.20625 0.203125
