0 0.521094 0.314453 0.590625 0.608594
1 0.525781 0.192188 0.596875 0.307812
2 0.5375 0.452344 0.548438 0.3625
3 0.438281 0.535547 0.128125 0.191406
4 0.690625 0.405469 0.107813 0.101562
5 0.316406 0.0863281 0.18125 0.172656
6 0.298438 0.0199219 0.117188 0.0398437
7 0.560937 0.590234 0.876563 0.266406
8 0.128516 0.8 0.257031 0.378125
9 0.142187 0.326562 0.179688 0.195312
10 0.788672 0.0953125 0.422656 0.185938
11 0.920703 0.260937 0.158594 0.289062
12 0.532031 0.875391 0.04375 0.0695313
12 0.302734 0.850781 0.0492187 0.0703125
12 0.229687 0.622656 0.0296875 0.04375
12 0.352344 0.638672 0.0234375 0.0382813
13 0.503516 0.775391 0.911719 0.449219
14 0.140625 0.119141 0.253125 0.238281
