0 0.533594 0.508594 0.626563 0.8
1 0.533594 0.328906 0.629687 0.44375
2 0.528906 0.699219 0.464062 0.428125
3 0.51875 0.819922 0.103125 0.152344
4 0.504687 0.682813 0.09375 0.0796875
5 0.657422 0.158594 0.219531 0.3
6 0.69375 0.096875 0.148438 0.176563
7 0.153125 0.857812 0.303125 0.10625
7 0.867188 0.879687 0.265625 0.107813
8 0.5 0.979688 1 0.040625
9 0.549219 0.941016 0.228125 0.117969
10 0.5 0.316016 1 0.464844
11 0.101953 0.685547 0.203906 0.428906
12 0.228906 0.928125 0.071875 0.101562
12 0.754297 0.939063 0.0679687 0.0859375
13 0.5 0.898828 1 0.0867187
14 0.883203 0.126562 0.233594 0.253125
