0 0.491797 0.276953 0.141406 0.288281
1 0.479687 0.250391 0.117188 0.103906
2 0.485156 0.355859 0.115625 0.125781
3 0.455469 0.384766 0.0546875 0.0679687
4 0.511328 0.346094 0.0351562 0.0375
5 0.519531 0.199609 0.0875 0.133594
6 0.519141 0.167969 0.0867187 0.06875
7 0.352344 0.768359 0.6375 0.238281
8 0.500391 0.501563 0.999219 0.1125
9 0.807031 0.329297 0.167187 0.157031
10 0.232813 0.14375 0.43125 0.285938
11 0.655078 0.342969 0.142969 0.204687
12 0.721094 0.167578 0.084375 0.0914062
13 0.910937 0.433594 0.071875 0.0421875
13 0.332031 0.423047 0.06875 0.0445313
14 0.869531 0.0847656 0.128125 0.139844
