0 0.565234 0.473438 0.585156 0.520312
1 0.565625 0.412891 0.584375 0.321094
2 0.584766 0.609766 0.516406 0.246094
3 0.462109 0.604688 0.108594 0.15
4 0.492188 0.430469 0.0625 0.065625
4 0.776953 0.563281 0.0867187 0.075
5 0.837109 0.135937 0.202344 0.25
6 0.847266 0.112891 0.183594 0.203906
7 0.915234 0.555469 0.169531 0.151562
7 0.153516 0.528516 0.307031 0.127344
8 0.287891 0.809766 0.575781 0.380469
9 0.702344 0.86875 0.376563 0.2625
10 0.500781 0.206641 0.99375 0.194531
11 0.234375 0.356641 0.121875 0.246094
12 0.923438 0.894922 0.0890625 0.186719
13 0.168359 0.634766 0.288281 0.114844
13 0.405469 0.959766 0.21875 0.0492187
14 0.0960938 0.0519531 0.117188 0.103906
