0 0.276953 0.428906 0.250781 0.328125
1 0.277344 0.333594 0.248438 0.135937
2 0.283594 0.486328 0.2375 0.211719
3 0.330469 0.529297 0.0734375 0.121094
4 0.240234 0.501172 0.0648438 0.0648438
5 0.402734 0.261719 0.141406 0.214062
6 0.403906 0.215234 0.140625 0.122656
7 0.238281 0.832422 0.390625 0.155469
8 0.544531 0.744922 0.4875 0.325781
9 0.696875 0.575 0.165625 0.145313
10 0.199609 0.167578 0.310156 0.169531
11 0.553906 0.457031 0.165625 0.223438
11 0.835156 0.419531 0.18125 0.23125
12 0.547656 0.831641 0.196875 0.221094
12 0.853125 0.684766 0.11875 0.177344
12 0.0988281 0.675781 0.117969 0.154688
13 0.870703 0.829297 0.125781 0.0898438
14 0.564844 0.112109 0.2125 0.185156
