0 0.460156 0.366406 0.15 0.2875
1 0.451953 0.295312 0.132031 0.145313
2 0.459766 0.428125 0.150781 0.164062
3 0.469922 0.467578 0.0476562 0.0679687
4 0.426953 0.4 0.0476562 0.0609375
4 0.496094 0.389062 0.046875 0.0625
5 0.533203 0.227734 0.105469 0.211719
6 0.535937 0.183594 0.1 0.125
7 0.341016 0.550781 0.214844 0.084375
7 0.602734 0.536328 0.230469 0.0726563
8 0.419141 0.731641 0.164844 0.475781
9 0.755469 0.765234 0.375 0.366406
10 0.242969 0.142969 0.470313 0.192188
11 0.725 0.282031 0.2625 0.382812
12 0.298047 0.443359 0.0617188 0.0976562
13 0.0910156 0.81875 0.0351562 0.0421875
13 0.150391 0.701172 0.0789062 0.0335937
13 0.226562 0.723047 0.0546875 0.0367188
13 0.338672 0.665234 0.0476562 0.0289063
13 0.305859 0.80625 0.0398437 0.03125
14 0.238281 0.0738281 0.142187 0.142969
