0 0.449609 0.368359 0.485156 0.610156
1 0.450391 0.201172 0.419531 0.267969
2 0.450391 0.489844 0.485156 0.36875
3 0.394922 0.555859 0.100781 0.188281
4 0.558203 0.411328 0.0835937 0.0757812
4 0.294531 0.401172 0.0671875 0.0726563
5 0.401172 0.112891 0.225781 0.207031
6 0.407031 0.0449219 0.214062 0.0710937
7 0.499609 0.753125 0.999219 0.134375
8 0.535547 0.688281 0.352344 0.078125
9 0.796875 0.692187 0.190625 0.109375
10 0.162891 0.151953 0.283594 0.196094
10 0.783594 0.224609 0.432812 0.185156
11 0.100391 0.508203 0.180469 0.357031
12 0.173437 0.619922 0.09375 0.166406
13 0.31875 0.666406 0.03125 0.0484375
13 0.277344 0.669531 0.0359375 0.0515625
13 0.234375 0.681641 0.0328125 0.0414062
13 0.678906 0.626563 0.0421875 0.034375
13 0.921875 0.690625 0.0453125 0.0578125
14 0.719922 0.108594 0.235156 0.217188
