0 0.485156 0.399219 0.728125 0.634375
1 0.475781 0.299609 0.704688 0.221094
2 0.485547 0.553906 0.727344 0.323437
3 0.475781 0.603906 0.145313 0.179688
4 0.26875 0.533203 0.170313 0.128906
4 0.471094 0.452734 0.10625 0.0617188
4 0.737891 0.530859 0.157031 0.121094
5 0.686328 0.107422 0.627344 0.194531
6 0.690625 0.0976562 0.617188 0.176563
7 0.201563 0.817969 0.371875 0.179688
7 0.760547 0.852344 0.478906 0.142187
8 0.460156 0.890625 0.142187 0.21875
8 0.0722656 0.551562 0.144531 0.192188
9 0.110547 0.196484 0.214844 0.197656
10 0.882031 0.255469 0.235937 0.154688
11 0.758594 0.182422 0.110937 0.130469
12 0.840625 0.155078 0.0421875 0.0632812
13 0.514453 0.716797 0.971094 0.100781
14 0.0503906 0.0570312 0.100781 0.10625
