0 0.498828 0.430078 0.500781 0.446094
1 0.494531 0.342969 0.492188 0.239063
2 0.506641 0.539453 0.486719 0.224219
3 0.498047 0.583203 0.121094 0.105469
4 0.670703 0.467578 0.0929688 0.0460938
5 0.719141 0.210938 0.207031 0.121875
6 0.744141 0.18125 0.157031 0.0625
7 0.867578 0.430078 0.202344 0.0851563
8 0.360547 0.808203 0.599219 0.297656
9 0.860547 0.542969 0.186719 0.125
10 0.358984 0.177344 0.632031 0.154688
11 0.143359 0.539453 0.191406 0.300781
12 0.182812 0.746875 0.05 0.0640625
12 0.237891 0.729688 0.0507812 0.0609375
13 0.644922 0.923438 0.0585938 0.01875
13 0.728516 0.798438 0.0585938 0.021875
14 0.338281 0.0453125 0.103125 0.0765625
