0 0.4375 0.348438 0.514062 0.49375
1 0.43125 0.203516 0.504687 0.161719
2 0.440234 0.41875 0.503906 0.346875
3 0.419531 0.475 0.0921875 0.210938
4 0.282813 0.326172 0.0703125 0.0570312
4 0.581641 0.308203 0.0648438 0.0492187
5 0.230859 0.135547 0.0851563 0.175781
6 0.217969 0.0785156 0.059375 0.0648438
7 0.485547 0.755078 0.742969 0.249219
8 0.835547 0.402734 0.328906 0.138281
9 0.105078 0.426953 0.196094 0.166406
10 0.117969 0.110937 0.125 0.0984375
10 0.360547 0.0753906 0.121094 0.0929688
10 0.747656 0.121875 0.459375 0.214062
11 0.808203 0.567187 0.117969 0.207813
12 0.893359 0.89375 0.0789062 0.170313
12 0.0960938 0.597656 0.0640625 0.078125
12 0.283594 0.635547 0.0578125 0.0773438
12 0.0878906 0.251172 0.0757812 0.0992187
13 0.883984 0.964844 0.0976562 0.0359375
13 0.648828 0.911328 0.0632812 0.0367188
13 0.9125 0.625 0.0640625 0.04375
13 0.625781 0.630859 0.075 0.0320312
13 0.432812 0.617188 0.0625 0.0265625
13 0.2125 0.923438 0.071875 0.0484375
13 0.286719 0.66875 0.0828125 0.0265625
13 0.053125 0.642969 0.05625 0.01875
13 0.180078 0.639453 0.0648438 0.0273438
13 0.10625 0.297656 0.078125 0.034375
14 0.948828 0.0921875 0.102344 0.121875
