0 0.457031 0.403906 0.279687 0.401562
1 0.460938 0.29375 0.251563 0.18125
2 0.457031 0.485547 0.279687 0.238281
3 0.535937 0.541016 0.071875 0.103906
4 0.392969 0.444531 0.065625 0.0515625
4 0.558203 0.519531 0.0179687 0.0296875
5 0.541797 0.273047 0.0539063 0.128906
6 0.541797 0.230859 0.0539063 0.0445313
7 0.808203 0.65 0.383594 0.13125
7 0.172656 0.667578 0.315625 0.152344
8 0.458984 0.79375 0.213281 0.4125
9 0.163281 0.373437 0.28125 0.226562
10 0.5 0.168359 1 0.314844
11 0.651172 0.490625 0.0992187 0.140625
12 0.88125 0.548828 0.0578125 0.0632812
13 0.783984 0.457813 0.0898438 0.0375
13 0.653906 0.889062 0.0765625 0.0296875
13 0.798438 0.905469 0.065625 0.0375
13 0.113281 0.766797 0.059375 0.0242188
13 0.219531 0.535547 0.065625 0.0210938
13 0.114062 0.527734 0.053125 0.0335937
13 0.0398437 0.530469 0.034375 0.0390625
14 0.802344 0.114844 0.196875 0.1875
