0 0.424609 0.563672 0.569531 0.733594
1 0.429297 0.439063 0.558594 0.295312
2 0.423828 0.748437 0.569531 0.365625
3 0.397266 0.814063 0.163281 0.23125
4 0.233203 0.65 0.108594 0.132812
4 0.577344 0.651953 0.0984375 0.138281
5 0.572656 0.246094 0.140625 0.473438
6 0.594922 0.116016 0.0976562 0.213281
7 0.164844 0.349219 0.303125 0.18125
8 0.0890625 0.795312 0.178125 0.175
8 0.820312 0.815234 0.326562 0.177344
9 0.871875 0.582031 0.179688 0.146875
10 0.823828 0.170313 0.346094 0.301563
11 0.750391 0.36875 0.172656 0.334375
12 0.644531 0.404687 0.0765625 0.148438
13 0.137891 0.478906 0.0382813 0.0484375
13 0.0613281 0.597656 0.0335937 0.078125
13 0.121875 0.644922 0.0328125 0.0632812
13 0.929297 0.430859 0.0570312 0.0773438
13 0.769531 0.673047 0.0390625 0.0679687
13 0.822656 0.691797 0.021875 0.0351562
13 0.917188 0.674609 0.05 0.0554687
14 0.358984 0.110547 0.233594 0.221094
