0 0.361719 0.215625 0.526563 0.420312
1 0.357812 0.115625 0.510938 0.190625
2 0.361328 0.30625 0.524219 0.239063
3 0.184766 0.347266 0.0648438 0.141406
4 0.421484 0.264453 0.0726563 0.0585938
5 0.460547 0.0453125 0.142969 0.090625
6 0.482422 0.0179687 0.0992187 0.0359375
7 0.815625 0.335938 0.36875 0.0609375
8 0.501563 0.521484 0.996875 0.167969
9 0.773047 0.719922 0.328906 0.210156
10 0.211719 0.71875 0.384375 0.279687
11 0.791797 0.169141 0.297656 0.338281
12 0.477734 0.671094 0.0632812 0.0984375
13 0.333594 0.886328 0.0875 0.0523438
13 0.543359 0.838281 0.0789062 0.0515625
13 0.769922 0.90625 0.0835937 0.0515625
13 0.628906 0.603516 0.0796875 0.0554687
13 0.541016 0.421875 0.0632812 0.046875
13 0.838281 0.397656 0.0828125 0.04375
14 0.104688 0.0929688 0.209375 0.185938
