0 0.704688 0.551953 0.378125 0.436719
1 0.704688 0.442578 0.378125 0.217969
2 0.698828 0.647656 0.261719 0.245312
3 0.695312 0.698828 0.096875 0.116406
4 0.695312 0.598047 0.123438 0.0632812
5 0.847656 0.343359 0.203125 0.216406
6 0.869531 0.298438 0.159375 0.126562
7 0.828516 0.771875 0.166406 0.235937
8 0.405078 0.888672 0.624219 0.192969
9 0.390234 0.660547 0.249219 0.266406
10 0.732812 0.183203 0.495312 0.100781
11 0.203516 0.503516 0.182031 0.521094
12 0.26875 0.849219 0.0453125 0.0875
12 0.132031 0.85625 0.05 0.0859375
12 0.6375 0.923047 0.053125 0.0804688
13 0.371875 0.460156 0.028125 0.025
13 0.436719 0.453516 0.0234375 0.0242188
13 0.498437 0.453125 0.0296875 0.0265625
13 0.553125 0.434375 0.028125 0.028125
13 0.578125 0.373047 0.0203125 0.0257812
13 0.515625 0.386328 0.0296875 0.0257812
13 0.458203 0.387891 0.0210938 0.0242188
13 0.392578 0.384766 0.0304687 0.0210938
14 0.246484 0.105078 0.161719 0.158594
