0 0.442969 0.269141 0.159375 0.286719
1 0.442188 0.191797 0.159375 0.132031
2 0.442969 0.325391 0.154688 0.171094
3 0.439063 0.386328 0.0296875 0.0414062
4 0.411328 0.297656 0.0351562 0.040625
4 0.476953 0.291797 0.0335937 0.0414062
5 0.396484 0.146094 0.0460938 0.120313
6 0.396094 0.115625 0.04375 0.059375
7 0.408203 0.438672 0.521094 0.0867187
8 0.733984 0.650781 0.403906 0.326562
9 0.136719 0.851172 0.214062 0.205469
10 0.142187 0.187891 0.2375 0.0914062
11 0.771484 0.253906 0.213281 0.314063
12 0.11875 0.630078 0.046875 0.0648438
12 0.338672 0.660547 0.0367188 0.0539063
13 0.11875 0.512891 0.0484375 0.0242188
13 0.25 0.518359 0.03125 0.0257812
13 0.348047 0.561719 0.0507812 0.0265625
13 0.470703 0.570312 0.0617188 0.0328125
14 0.573047 0.103125 0.202344 0.171875
