0 0.43125 0.631641 0.189062 0.227344
1 0.431641 0.585547 0.188281 0.0945312
2 0.432031 0.683984 0.123438 0.122656
3 0.404687 0.714453 0.0359375 0.0570312
4 0.450391 0.669922 0.0554687 0.0632812
5 0.515625 0.455469 0.140625 0.175
6 0.519141 0.436328 0.132031 0.136719
7 0.317188 0.685937 0.123438 0.0859375
7 0.594922 0.691797 0.222656 0.0789062
8 0.295312 0.826172 0.254688 0.180469
9 0.645312 0.835156 0.235937 0.13125
10 0.526953 0.339453 0.864844 0.219531
11 0.8 0.650391 0.114062 0.142969
11 0.0636719 0.647656 0.107031 0.145313
12 0.112109 0.826172 0.0742188 0.100781
12 0.203125 0.735938 0.071875 0.0984375
13 0.110547 0.73125 0.0554687 0.0390625
13 0.289844 0.733203 0.0375 0.0382813
14 0.7 0.0867187 0.109375 0.120313
