0 0.361719 0.286328 0.592187 0.572656
1 0.360547 0.166797 0.589844 0.333594
2 0.364453 0.396094 0.427344 0.35625
3 0.310547 0.472656 0.141406 0.1875
4 0.319531 0.175781 0.101562 0.0921875
5 0.192969 0.09375 0.14375 0.1875
6 0.190234 0.0363281 0.141406 0.0726563
7 0.795312 0.318359 0.4 0.196094
8 0.255078 0.750391 0.392969 0.446094
9 0.748437 0.568359 0.395313 0.314844
10 0.791797 0.0679687 0.416406 0.132812
11 0.720313 0.227344 0.167187 0.285938
12 0.523828 0.724609 0.0773438 0.160156
12 0.588672 0.759375 0.0523438 0.0890625
13 0.496484 0.584375 0.0773438 0.0625
13 0.677734 0.792188 0.0804688 0.0875
13 0.839453 0.814844 0.0992187 0.071875
14 0.0878906 0.128125 0.149219 0.198437
