0 0.344141 0.347266 0.263281 0.463281
1 0.34375 0.251172 0.260937 0.186719
2 0.349609 0.450391 0.238281 0.253906
3 0.359766 0.488672 0.0851563 0.139844
4 0.323828 0.374609 0.113281 0.0648438
5 0.478516 0.157812 0.160156 0.190625
6 0.492188 0.0894531 0.13125 0.0539063
7 0.552734 0.585547 0.794531 0.125781
8 0.263281 0.701562 0.259375 0.28125
9 0.621875 0.504687 0.1875 0.0796875
10 0.630859 0.339844 0.283594 0.30625
11 0.859766 0.289844 0.202344 0.348438
12 0.7375 0.494922 0.05 0.103906
12 0.789453 0.503125 0.0523438 0.109375
12 0.846094 0.501172 0.04375 0.0898438
13 0.589844 0.535156 0.792188 0.103125
14 0.204687 0.101953 0.232813 0.203906
