0 0.5125 0.325 0.453125 0.529687
1 0.512891 0.225391 0.452344 0.316406
2 0.507812 0.480078 0.365625 0.219531
3 0.533594 0.465625 0.115625 0.201563
4 0.498047 0.26875 0.110156 0.109375
5 0.697656 0.125 0.165625 0.25
6 0.707812 0.03125 0.145313 0.0625
7 0.172656 0.529297 0.340625 0.157031
7 0.833984 0.486719 0.308594 0.176563
8 0.842187 0.496094 0.28125 0.153125
8 0.486719 0.792578 0.24375 0.408594
9 0.16875 0.533203 0.326562 0.149219
9 0.143359 0.766797 0.280469 0.296094
10 0.494141 0.209375 0.988281 0.41875
11 0.119141 0.342578 0.238281 0.263281
12 0.0796875 0.534766 0.05625 0.0726563
12 0.197656 0.541016 0.05625 0.0585938
13 0.241406 0.442188 0.103125 0.0359375
14 0.921094 0.0683594 0.15625 0.136719
