0 0.388672 0.383203 0.330469 0.497656
1 0.382812 0.308984 0.31875 0.349219
2 0.390234 0.553125 0.327344 0.157812
3 0.484375 0.573438 0.084375 0.09375
4 0.356641 0.508594 0.0304687 0.040625
4 0.311719 0.508594 0.0390625 0.040625
4 0.267969 0.511328 0.0359375 0.0414062
5 0.527344 0.203516 0.1625 0.171094
6 0.541797 0.169531 0.132031 0.104688
7 0.162109 0.598437 0.0789062 0.08125
7 0.713672 0.566016 0.141406 0.0820312
8 0.7 0.800781 0.598437 0.371875
9 0.259766 0.748047 0.252344 0.188281
10 0.489844 0.0644531 0.948438 0.108594
11 0.624219 0.427734 0.196875 0.377344
12 0.796875 0.789062 0.0421875 0.0640625
12 0.697266 0.733984 0.0476562 0.0835937
12 0.466016 0.839844 0.0601563 0.09375
12 0.526953 0.956641 0.0554687 0.0695313
13 0.254688 0.942969 0.0921875 0.0515625
13 0.156641 0.826953 0.0742188 0.0617188
13 0.815234 0.676562 0.0789062 0.0484375
13 0.902344 0.781641 0.0609375 0.0507812
14 0.270703 0.112891 0.136719 0.121094
