0 0.629687 0.289453 0.592187 0.414844
1 0.627344 0.217188 0.571875 0.270313
2 0.644141 0.397656 0.344531 0.2
3 0.620703 0.401953 0.114844 0.149219
4 0.740234 0.380078 0.0882813 0.0898438
5 0.816016 0.103125 0.172656 0.196875
6 0.822266 0.0523438 0.171094 0.0875
7 0.726953 0.503516 0.177344 0.0789062
7 0.4875 0.482031 0.179688 0.09375
8 0.483984 0.748047 0.344531 0.503906
9 0.190234 0.733984 0.222656 0.200781
10 0.281641 0.156641 0.563281 0.263281
11 0.190625 0.450391 0.1875 0.267969
11 0.788672 0.872266 0.202344 0.255469
12 0.810937 0.651953 0.13125 0.163281
12 0.340234 0.657031 0.113281 0.18125
12 0.113281 0.925 0.114062 0.15
13 0.951562 0.827344 0.0453125 0.025
13 0.877734 0.9125 0.0289063 0.0234375
13 0.596484 0.920312 0.0273438 0.0171875
13 0.702734 0.850391 0.0195312 0.0101563
13 0.596875 0.814844 0.021875 0.0140625
13 0.653906 0.724219 0.028125 0.0109375
13 0.699609 0.649219 0.0210938 0.015625
13 0.933984 0.678516 0.0273438 0.0132812
13 0.914453 0.579297 0.0273438 0.0132812
13 0.0585938 0.804688 0.01875 0.0140625
13 0.437891 0.653125 0.0226562 0.0140625
13 0.3625 0.619141 0.0234375 0.0132812
13 0.478516 0.561719 0.0210938 0.015625
13 0.267969 0.878125 0.0203125 0.0140625
13 0.728125 0.559375 0.0328125 0.0265625
13 0.840625 0.764062 0.034375 0.0265625
14 0.0894531 0.127734 0.178906 0.255469
