0 0.387891 0.321094 0.539844 0.470313
1 0.3875 0.207422 0.539062 0.141406
2 0.38125 0.395703 0.482812 0.324219
3 0.536719 0.468359 0.117188 0.114844
4 0.302344 0.366016 0.176563 0.121094
5 0.519531 0.0914062 0.0765625 0.117188
6 0.526563 0.0546875 0.0625 0.04375
7 0.508984 0.880078 0.977344 0.239844
8 0.555859 0.66875 0.141406 0.309375
9 0.327734 0.677734 0.257031 0.182031
10 0.223828 0.0699219 0.383594 0.133594
11 0.801562 0.486328 0.342187 0.439844
12 0.812891 0.691797 0.0914062 0.158594
13 0.677734 0.749609 0.0507812 0.0320312
13 0.930078 0.688281 0.103906 0.15
13 0.898438 0.691406 0.0765625 0.165625
13 0.730078 0.675391 0.0414062 0.166406
13 0.697266 0.667969 0.0664062 0.142187
13 0.444141 0.575 0.0632812 0.0390625
13 0.113672 0.555859 0.0679687 0.0445313
13 0.0570312 0.446484 0.04375 0.0382813
13 0.149219 0.731641 0.0515625 0.0320312
14 0.875781 0.0859375 0.179688 0.153125
