0 0.158594 0.670312 0.10625 0.120313
1 0.153906 0.655078 0.096875 0.0742188
2 0.147266 0.701172 0.0804688 0.0570312
3 0.146094 0.716406 0.0125 0.01875
4 0.134375 0.703516 0.0203125 0.0210938
4 0.162109 0.704688 0.0148437 0.0203125
5 0.240625 0.620703 0.11875 0.0929688
6 0.248438 0.603125 0.101562 0.0578125
7 0.144922 0.71875 0.233594 0.115625
8 0.414453 0.669141 0.310156 0.158594
9 0.832031 0.676172 0.11875 0.0914062
10 0.5 0.486719 1 0.414062
11 0.426953 0.584766 0.285156 0.260156
12 0.632422 0.664453 0.111719 0.0742188
13 0.5 0.889453 1 0.221094
14 0.811719 0.129688 0.376563 0.259375
