0 0.46875 0.339062 0.43125 0.592187
1 0.469141 0.158984 0.430469 0.232031
2 0.452734 0.437891 0.358594 0.392969
3 0.347266 0.535156 0.119531 0.195312
4 0.362891 0.338281 0.0914062 0.0890625
5 0.682813 0.0695313 0.301563 0.134375
6 0.697266 0.040625 0.271094 0.0765625
7 0.706641 0.628125 0.183594 0.203125
8 0.38125 0.757031 0.4125 0.264062
9 0.648828 0.786719 0.224219 0.1625
10 0.791016 0.405469 0.299219 0.203125
10 0.139844 0.462109 0.226562 0.244531
11 0.144531 0.532813 0.178125 0.295312
12 0.2875 0.654687 0.0453125 0.0421875
12 0.352344 0.6625 0.0453125 0.0484375
12 0.382812 0.623828 0.040625 0.0460938
13 0.542969 0.705859 0.08125 0.0351562
13 0.405078 0.75 0.0414062 0.0296875
13 0.0734375 0.810156 0.059375 0.0234375
13 0.146094 0.735938 0.040625 0.025
14 0.20625 0.101172 0.2 0.189844
