0 0.4375 0.382422 0.407813 0.457031
1 0.452344 0.269922 0.378125 0.232031
2 0.433984 0.475391 0.400781 0.271094
3 0.436719 0.505078 0.1375 0.166406
4 0.461719 0.272266 0.0703125 0.0820312
5 0.575 0.174609 0.09375 0.219531
6 0.580859 0.124219 0.0820312 0.11875
7 0.122656 0.466406 0.245312 0.167187
7 0.798047 0.439453 0.341406 0.110156
8 0.580078 0.778906 0.708594 0.329688
9 0.207813 0.822656 0.259375 0.173437
10 0.222656 0.176172 0.353125 0.200781
11 0.842578 0.196094 0.0929688 0.2625
12 0.0648438 0.896094 0.0859375 0.125
12 0.617188 0.932813 0.0640625 0.090625
12 0.897656 0.679688 0.0828125 0.103125
13 0.0769531 0.631641 0.0648438 0.0679687
13 0.373437 0.903125 0.059375 0.065625
13 0.817187 0.590625 0.065625 0.05625
14 0.180469 0.0527344 0.125 0.102344
