0 0.536719 0.441406 0.523438 0.765625
1 0.523438 0.196875 0.5125 0.285938
2 0.539844 0.559766 0.507812 0.516406
3 0.646875 0.678516 0.232813 0.225781
4 0.459375 0.480469 0.14375 0.120313
4 0.682813 0.462891 0.15625 0.100781
5 0.289844 0.128516 0.170313 0.205469
6 0.251172 0.102344 0.0945312 0.154688
7 0.200781 0.73125 0.132812 0.317188
7 0.525781 0.904297 0.373437 0.191406
8 0.364844 0.891016 0.651563 0.214844
9 0.922656 0.267188 0.154688 0.182812
10 0.248438 0.154688 0.496875 0.282813
11 0.0574219 0.135937 0.0757812 0.159375
12 0.83125 0.719531 0.059375 0.128125
12 0.936719 0.755469 0.0828125 0.1
12 0.878906 0.707031 0.0765625 0.078125
13 0.803906 0.811328 0.0515625 0.0554687
13 0.864844 0.812109 0.0515625 0.0570312
13 0.964063 0.817578 0.040625 0.0492187
13 0.909375 0.817578 0.046875 0.0679687
14 0.835938 0.105469 0.259375 0.209375
