0 0.578125 0.443359 0.445312 0.546094
1 0.578125 0.334375 0.446875 0.2125
2 0.578906 0.511328 0.442188 0.408594
3 0.453516 0.605859 0.0898438 0.149219
4 0.68125 0.433594 0.139063 0.120313
5 0.514062 0.163281 0.09375 0.229687
6 0.525 0.1125 0.071875 0.128125
7 0.885547 0.479687 0.227344 0.2
8 0.360547 0.826562 0.221094 0.346875
9 0.798828 0.752734 0.308594 0.0789062
10 0.5 0.162891 1 0.325781
11 0.178516 0.623437 0.297656 0.440625
12 0.281641 0.787109 0.0789062 0.122656
13 0.49375 0.963672 0.9875 0.0726563
14 0.855469 0.139844 0.289062 0.279687
