0 0.457422 0.575781 0.538281 0.623437
1 0.457031 0.462109 0.528125 0.407031
2 0.451562 0.725 0.520312 0.301563
3 0.567969 0.770312 0.084375 0.154688
4 0.290234 0.658203 0.0664062 0.0679687
4 0.484766 0.671484 0.0617188 0.0648438
4 0.383594 0.769922 0.0671875 0.0742188
5 0.627734 0.2625 0.224219 0.367188
6 0.636328 0.171875 0.216406 0.190625
7 0.773047 0.805469 0.169531 0.101562
8 0.638281 0.925391 0.101562 0.149219
9 0.882031 0.114062 0.2 0.215625
10 0.316406 0.115234 0.314063 0.230469
11 0.877734 0.708984 0.244531 0.553906
12 0.1 0.816016 0.126562 0.235156
13 0.777344 0.920312 0.151562 0.053125
14 0.0960938 0.0929688 0.192188 0.185938
