0 0.626172 0.305078 0.352344 0.339844
1 0.626172 0.239453 0.349219 0.113281
2 0.637109 0.373828 0.299219 0.200781
3 0.596094 0.392578 0.0984375 0.146094
4 0.707031 0.351953 0.090625 0.0601563
5 0.638672 0.107422 0.139844 0.172656
6 0.65 0.078125 0.117188 0.114062
7 0.271094 0.501563 0.479687 0.229687
7 0.865234 0.401172 0.177344 0.114844
8 0.426172 0.711328 0.433594 0.483594
9 0.689453 0.890625 0.342969 0.114062
10 0.326562 0.234375 0.373437 0.270313
11 0.854688 0.192969 0.279687 0.35625
12 0.367578 0.600781 0.0695313 0.096875
12 0.202344 0.709375 0.0734375 0.0890625
12 0.601953 0.753516 0.0820312 0.103906
12 0.837891 0.627734 0.0929688 0.117969
12 0.741406 0.892969 0.0921875 0.059375
13 0.775391 0.779687 0.157031 0.040625
13 0.710156 0.647656 0.05 0.0234375
13 0.152734 0.870703 0.0507812 0.0210938
13 0.144141 0.617188 0.0835937 0.0328125
14 0.125 0.117578 0.203125 0.175781
