0 0.325781 0.362109 0.479687 0.403906
1 0.330469 0.285156 0.46875 0.157812
2 0.325781 0.450781 0.479687 0.226562
3 0.444531 0.501563 0.090625 0.125
4 0.292969 0.416797 0.0703125 0.0742188
4 0.155078 0.419922 0.0695313 0.0789062
5 0.244922 0.174609 0.252344 0.233594
6 0.232422 0.115234 0.225781 0.113281
7 0.494531 0.702344 0.284375 0.135937
7 0.135156 0.671484 0.220312 0.136719
7 0.736328 0.665234 0.180469 0.202344
8 0.249609 0.771875 0.221094 0.45625
9 0.805078 0.382812 0.261719 0.342187
10 0.632422 0.117578 0.321094 0.232031
11 0.914844 0.653906 0.132812 0.267188
12 0.817969 0.820312 0.05 0.142187
12 0.480859 0.853516 0.0726563 0.158594
13 0.1 0.833594 0.0390625 0.0875
13 0.3625 0.848828 0.046875 0.0851563
13 0.555078 0.838672 0.0414062 0.0835937
13 0.694922 0.841406 0.0429688 0.0640625
13 0.902344 0.857031 0.0359375 0.09375
14 0.883984 0.122656 0.232031 0.245312
