0 0.123047 0.404687 0.224219 0.367188
1 0.115625 0.292969 0.20625 0.148438
2 0.124219 0.463672 0.221875 0.232031
3 0.208984 0.519531 0.0492187 0.10625
4 0.0714844 0.417969 0.0632812 0.059375
4 0.183984 0.405078 0.0632812 0.0617188
5 0.171875 0.25 0.053125 0.1625
6 0.171484 0.209375 0.0523438 0.08125
7 0.0992187 0.107031 0.178125 0.214062
8 0.414453 0.216797 0.396094 0.433594
9 0.0980469 0.0917969 0.132031 0.133594
10 0.859375 0.112109 0.28125 0.180469
11 0.711328 0.815234 0.250781 0.369531
12 0.193359 0.959766 0.0523438 0.0789062
12 0.285938 0.955078 0.0859375 0.0898438
13 0.174219 0.982031 0.348438 0.0359375
14 0.297656 0.0613281 0.125 0.122656
