0 0.600391 0.657031 0.232031 0.332813
1 0.607422 0.596094 0.205469 0.178125
2 0.598828 0.743359 0.225781 0.152344
3 0.630078 0.768359 0.0929688 0.0976562
4 0.546875 0.719531 0.0484375 0.04375
5 0.683984 0.501563 0.0554687 0.18125
6 0.682813 0.447656 0.05 0.075
7 0.634375 0.878516 0.3625 0.110156
8 0.246484 0.85 0.442969 0.21875
9 0.188281 0.679297 0.214062 0.225781
10 0.494141 0.235156 0.988281 0.423438
11 0.741016 0.0890625 0.0945312 0.129688
11 0.798438 0.103906 0.0796875 0.13125
11 0.119141 0.18125 0.138281 0.226562
11 0.0640625 0.253516 0.08125 0.164844
12 0.905078 0.920703 0.0742188 0.105469
12 0.828125 0.929297 0.0734375 0.108594
12 0.300391 0.94375 0.107031 0.0640625
12 0.471484 0.951953 0.0992187 0.0773438
13 0.847266 0.762109 0.297656 0.0710937
14 0.44375 0.157422 0.19375 0.260156
