0 0.439453 0.267578 0.452344 0.417969
1 0.439063 0.145703 0.451562 0.141406
2 0.437891 0.331641 0.330469 0.289844
3 0.422656 0.383594 0.114062 0.184375
4 0.534375 0.25 0.0796875 0.0859375
5 0.633594 0.0832031 0.282813 0.152344
6 0.647656 0.0363281 0.254688 0.0585938
7 0.694531 0.50625 0.323437 0.479687
7 0.216797 0.586328 0.307031 0.299219
8 0.329297 0.759766 0.449219 0.480469
9 0.150391 0.341406 0.263281 0.153125
10 0.856641 0.110937 0.286719 0.182812
11 0.865625 0.662109 0.179688 0.458594
12 0.184766 0.474609 0.0695313 0.0570312
12 0.235937 0.514453 0.0671875 0.0617188
12 0.290625 0.525391 0.065625 0.0695313
12 0.235937 0.566797 0.071875 0.0585938
12 0.18125 0.533594 0.0625 0.0625
13 0.65625 0.326953 0.0109375 0.0226562
13 0.671484 0.335156 0.0132812 0.0109375
13 0.678906 0.323047 0.0109375 0.0179687
13 0.697266 0.321875 0.0101563 0.0140625
13 0.708984 0.323828 0.0132812 0.0148437
13 0.726562 0.317188 0.009375 0.01875
13 0.744531 0.328516 0.0078125 0.0179687
13 0.720313 0.357031 0.015625 0.021875
13 0.703125 0.358984 0.0078125 0.0195312
13 0.682813 0.358203 0.0109375 0.0226562
13 0.658984 0.364063 0.0164063 0.021875
13 0.636328 0.367578 0.0101563 0.0210938
13 0.653906 0.396094 0.0125 0.0203125
13 0.680078 0.394922 0.0148437 0.0226562
13 0.698047 0.392969 0.0148437 0.025
13 0.719141 0.388672 0.0117188 0.0273438
13 0.741406 0.388281 0.01875 0.021875
13 0.757031 0.366016 0.0203125 0.0273438
13 0.78125 0.365234 0.0265625 0.0164063
13 0.632422 0.430078 0.0179687 0.0289063
13 0.655859 0.430078 0.0101563 0.0195312
13 0.683203 0.425391 0.0320312 0.0242188
13 0.658594 0.459766 0.015625 0.0226562
13 0.692187 0.455469 0.034375 0.03125
13 0.730078 0.449609 0.0226562 0.0242188
13 0.73125 0.419922 0.05625 0.0320312
13 0.589063 0.490625 0.01875 0.0234375
13 0.608203 0.487109 0.0132812 0.0179687
13 0.635547 0.480078 0.0179687 0.0257812
13 0.657422 0.483594 0.0164063 0.01875
13 0.685937 0.482031 0.0171875 0.01875
13 0.722266 0.471875 0.0164063 0.0109375
13 0.714453 0.494531 0.0164063 0.0171875
13 0.710547 0.505859 0.0226562 0.0117188
13 0.725781 0.516797 0.0109375 0.0117188
13 0.700391 0.522266 0.0164063 0.0179687
13 0.678516 0.528516 0.0164063 0.0195312
13 0.659766 0.551562 0.0101563 0.0203125
13 0.655469 0.532031 0.009375 0.0109375
13 0.648047 0.510156 0.0195312 0.0265625
13 0.623047 0.516797 0.0195312 0.0226562
13 0.628516 0.533203 0.0179687 0.0242188
13 0.632422 0.552734 0.0117188 0.0226562
13 0.674609 0.507031 0.0101563 0.021875
14 0.133984 0.0933594 0.221094 0.186719
