0 0.129688 0.365625 0.259375 0.33125
1 0.126172 0.299609 0.252344 0.136719
2 0.130078 0.442188 0.257031 0.176563
3 0.114453 0.491016 0.0570312 0.0679687
4 0.111328 0.405078 0.139844 0.0539063
5 0.0699219 0.182031 0.0460938 0.120313
6 0.0699219 0.160938 0.0460938 0.078125
7 0.5 0.815234 1 0.369531
8 0.884375 0.490625 0.23125 0.459375
9 0.166797 0.623437 0.228906 0.185938
10 0.432812 0.167578 0.865625 0.285156
11 0.346094 0.467578 0.214062 0.466406
12 0.514453 0.361328 0.0867187 0.116406
12 0.626563 0.330469 0.0828125 0.109375
12 0.739062 0.352734 0.04375 0.0710937
12 0.669531 0.466797 0.0515625 0.107031
12 0.703516 0.551953 0.0695313 0.125781
13 0.463672 0.622266 0.0210938 0.0242188
13 0.480469 0.624219 0.01875 0.01875
13 0.503125 0.623047 0.01875 0.0210938
13 0.519531 0.623437 0.0203125 0.021875
13 0.550391 0.644531 0.0226562 0.01875
13 0.553906 0.620313 0.0078125 0.0078125
13 0.622266 0.636719 0.0195312 0.0203125
13 0.696484 0.642578 0.0257812 0.0210938
13 0.719141 0.615625 0.0289063 0.025
13 0.784766 0.439063 0.0164063 0.0203125
14 0.904297 0.105469 0.177344 0.1875
