0 0.824219 0.343359 0.221875 0.382031
1 0.824219 0.254688 0.221875 0.20625
2 0.821484 0.441406 0.210156 0.185938
3 0.844922 0.493359 0.0523438 0.0804688
4 0.739453 0.375391 0.0460938 0.0554687
5 0.876953 0.308594 0.0476562 0.0984375
6 0.876953 0.283203 0.0476562 0.0476562
7 0.798047 0.482031 0.392969 0.220312
8 0.576953 0.5 0.180469 1
9 0.967187 0.492969 0.05 0.0484375
10 0.803516 0.214844 0.392969 0.276562
11 0.846484 0.127734 0.0539063 0.139844
11 0.938281 0.144141 0.084375 0.157031
12 0.053125 0.903906 0.04375 0.11875
12 0.112109 0.899219 0.0585938 0.125
12 0.189844 0.89375 0.059375 0.134375
13 0.28125 0.945703 0.0625 0.0351562
13 0.409375 0.938672 0.1 0.0335937
14 0.244531 0.316797 0.467187 0.524219
