0 0.127734 0.65625 0.255469 0.510938
1 0.127344 0.489063 0.251563 0.126562
2 0.0945312 0.707031 0.189062 0.409375
3 0.144141 0.851562 0.0867187 0.109375
4 0.0511719 0.589063 0.0320312 0.0390625
4 0.126953 0.590234 0.0351562 0.0429688
5 0.158984 0.389062 0.0914062 0.215625
6 0.158594 0.346094 0.0890625 0.129688
7 0.335547 0.718359 0.233594 0.291406
8 0.492578 0.945703 0.985156 0.108594
9 0.596484 0.766016 0.194531 0.189844
10 0.821094 0.344531 0.357812 0.223438
11 0.834766 0.684766 0.255469 0.413281
12 0.941406 0.844922 0.0578125 0.113281
13 0.590234 0.877734 0.791406 0.0710937
14 0.108594 0.0996094 0.16875 0.164844
