0 0.217969 0.5125 0.379688 0.523438
1 0.214062 0.370312 0.3625 0.239063
2 0.216406 0.608203 0.3625 0.321094
3 0.317188 0.655859 0.08125 0.146094
4 0.159375 0.612891 0.160938 0.132031
5 0.307031 0.298047 0.0734375 0.211719
6 0.317188 0.253906 0.05 0.120313
7 0.696094 0.555078 0.607812 0.171094
8 0.355078 0.861719 0.341406 0.276562
9 0.895703 0.859375 0.208594 0.28125
10 0.700781 0.34375 0.598437 0.321875
11 0.603516 0.751953 0.0804688 0.149219
12 0.828516 0.890234 0.0648438 0.0992187
13 0.794922 0.710547 0.0382813 0.0148437
13 0.692969 0.707031 0.0328125 0.034375
13 0.623047 0.884766 0.0507812 0.0195312
13 0.507812 0.733984 0.0484375 0.0179687
13 0.137109 0.810156 0.0289063 0.040625
13 0.155469 0.935156 0.0421875 0.0359375
14 0.90625 0.0792969 0.1875 0.158594
