0 0.457031 0.417187 0.573438 0.570312
1 0.453906 0.267188 0.570312 0.192188
2 0.45625 0.517188 0.575 0.354687
3 0.492188 0.571875 0.20625 0.267188
4 0.300391 0.432031 0.149219 0.140625
5 0.601562 0.138281 0.145313 0.264062
6 0.600781 0.0804688 0.146875 0.148438
7 0.158203 0.623437 0.316406 0.184375
8 0.561719 0.839453 0.357812 0.321094
9 0.826172 0.734766 0.288281 0.205469
10 0.5 0.251953 1 0.486719
11 0.862109 0.423438 0.275781 0.467187
12 0.179297 0.816016 0.0351562 0.0601563
12 0.287109 0.825391 0.0242188 0.0539063
12 0.218359 0.921875 0.0429688 0.071875
12 0.316016 0.926953 0.0351562 0.0601563
12 0.794141 0.921484 0.0382813 0.0773438
12 0.901953 0.896094 0.0476562 0.084375
12 0.809375 0.721875 0.0640625 0.0578125
13 0.0820312 0.758594 0.025 0.028125
13 0.114453 0.875 0.0132812 0.0171875
13 0.141797 0.878125 0.0132812 0.0140625
13 0.233984 0.751172 0.0257812 0.0210938
13 0.366016 0.789453 0.0304687 0.0273438
13 0.241797 0.955469 0.0195312 0.01875
13 0.361719 0.895312 0.0234375 0.021875
13 0.235937 0.85 0.0203125 0.0140625
13 0.150781 0.799609 0.0203125 0.0132812
13 0.302344 0.742188 0.0234375 0.0171875
13 0.732812 0.825 0.0140625 0.015625
13 0.744922 0.827344 0.0117188 0.021875
13 0.8375 0.885938 0.0125 0.01875
13 0.848437 0.885938 0.0140625 0.0203125
14 0.136328 0.124219 0.272656 0.248438
