0 0.426563 0.355469 0.401562 0.504687
1 0.43125 0.233594 0.404687 0.232813
2 0.425 0.436719 0.285938 0.329688
3 0.41875 0.525781 0.0671875 0.117188
4 0.364844 0.334375 0.0625 0.10625
4 0.485156 0.334375 0.059375 0.0875
4 0.427344 0.203125 0.053125 0.065625
5 0.354687 0.126562 0.235937 0.253125
6 0.357031 0.0601563 0.234375 0.117188
7 0.267969 0.707812 0.178125 0.232813
7 0.370312 0.746875 0.210938 0.314063
8 0.338281 0.751953 0.284375 0.358594
9 0.189062 0.622656 0.123438 0.15
10 0.74375 0.133984 0.50625 0.263281
11 0.1375 0.402344 0.153125 0.279687
12 0.449219 0.772656 0.0640625 0.125
12 0.480469 0.676562 0.0640625 0.0921875
13 0.511719 0.700781 0.860938 0.484375
14 0.0984375 0.090625 0.16875 0.179688
