0 0.519922 0.381641 0.439844 0.522656
1 0.520703 0.255469 0.435156 0.234375
2 0.515234 0.496875 0.383594 0.289062
3 0.519531 0.529687 0.125 0.215625
4 0.620313 0.420703 0.1 0.0773438
5 0.615234 0.15625 0.0851563 0.228125
6 0.607031 0.0824219 0.0671875 0.0804688
7 0.825391 0.600781 0.267969 0.179688
7 0.174609 0.608984 0.299219 0.169531
8 0.530078 0.816016 0.200781 0.367969
9 0.844141 0.390234 0.235156 0.236719
10 0.81875 0.119531 0.295312 0.190625
11 0.218359 0.363281 0.305469 0.514062
12 0.0574219 0.746875 0.0398437 0.0875
12 0.136328 0.753125 0.0507812 0.0953125
12 0.230859 0.751953 0.0460938 0.100781
12 0.327734 0.755859 0.0523438 0.108594
12 0.620703 0.737891 0.0617188 0.113281
12 0.741797 0.741406 0.0617188 0.104688
12 0.846094 0.738672 0.059375 0.103906
12 0.909375 0.733594 0.0546875 0.096875
13 0.0476562 0.797266 0.021875 0.0242188
13 0.0902344 0.794141 0.0367188 0.0226562
13 0.182422 0.802734 0.0304687 0.0289063
13 0.278906 0.814844 0.0359375 0.025
13 0.357031 0.815234 0.03125 0.0242188
13 0.933203 0.798047 0.0570312 0.0382813
13 0.798047 0.782813 0.0445313 0.0578125
13 0.703125 0.798828 0.04375 0.0351562
13 0.6375 0.801172 0.034375 0.0320312
13 0.602734 0.803516 0.0179687 0.0257812
14 0.441016 0.0933594 0.252344 0.186719
