0 0.444141 0.410156 0.333594 0.425
1 0.44375 0.357031 0.33125 0.209375
2 0.440234 0.530469 0.239844 0.179688
3 0.49375 0.528906 0.0640625 0.135937
4 0.374219 0.507422 0.0578125 0.0835937
5 0.539844 0.211328 0.157812 0.128906
6 0.549609 0.190234 0.139844 0.0867187
7 0.169531 0.653516 0.273438 0.108594
8 0.722266 0.782813 0.544531 0.329688
9 0.163281 0.827344 0.2 0.159375
10 0.526172 0.126953 0.947656 0.250781
11 0.783203 0.363281 0.242969 0.540625
12 0.385937 0.877344 0.0578125 0.107813
12 0.519922 0.908594 0.0476562 0.0921875
13 0.671094 0.649219 0.0640625 0.0390625
13 0.858984 0.703516 0.0523438 0.0273438
13 0.941797 0.566406 0.0601563 0.0375
14 0.318359 0.0460938 0.202344 0.090625
