0 0.426563 0.349609 0.35625 0.417969
1 0.425781 0.243359 0.357812 0.180469
2 0.413281 0.435156 0.325 0.248438
3 0.516797 0.488672 0.103906 0.133594
4 0.364844 0.39375 0.06875 0.0796875
5 0.58125 0.153906 0.121875 0.245312
6 0.583594 0.0824219 0.117188 0.100781
7 0.499219 0.612891 0.998437 0.161719
8 0.499609 0.763281 0.999219 0.240625
9 0.846484 0.490234 0.121094 0.0929688
10 0.828906 0.198047 0.342187 0.272656
10 0.130078 0.208984 0.260156 0.236719
11 0.126562 0.484375 0.103125 0.201563
12 0.695312 0.486719 0.053125 0.0875
13 0.619531 0.528906 0.0546875 0.046875
13 0.954297 0.505078 0.0617188 0.0398437
14 0.871875 0.0714844 0.234375 0.142969
