0 0.276172 0.357422 0.283594 0.558594
1 0.298047 0.144531 0.211719 0.132812
2 0.302734 0.412891 0.230469 0.446094
3 0.312109 0.546484 0.111719 0.149219
4 0.282031 0.140234 0.053125 0.0476562
5 0.165234 0.109766 0.121094 0.178906
6 0.143359 0.0582031 0.0773438 0.0742188
7 0.729297 0.394531 0.316406 0.145313
8 0.320703 0.752344 0.136719 0.257812
9 0.730078 0.562109 0.239844 0.214844
10 0.696875 0.182812 0.5875 0.178125
11 0.749219 0.124219 0.109375 0.14375
12 0.547656 0.0871094 0.0625 0.0820312
13 0.544531 0.512109 0.0484375 0.0335937
13 0.896875 0.551562 0.059375 0.034375
13 0.869922 0.730859 0.0710937 0.0382813
13 0.601562 0.698828 0.090625 0.0429688
14 0.425781 0.0699219 0.1125 0.108594
