0 0.321875 0.391016 0.376563 0.416406
1 0.321484 0.362109 0.371094 0.146094
2 0.320312 0.50625 0.3 0.185938
3 0.263672 0.526172 0.0960938 0.130469
4 0.383594 0.494141 0.0921875 0.0835937
5 0.395703 0.210156 0.158594 0.192188
6 0.414062 0.151172 0.11875 0.0726563
7 0.633594 0.518359 0.289062 0.111719
8 0.160547 0.777344 0.311719 0.401562
9 0.776172 0.728125 0.236719 0.175
10 0.625781 0.204297 0.473438 0.233594
11 0.842969 0.395313 0.259375 0.4375
12 0.0886719 0.566406 0.113281 0.15
13 0.385937 0.667969 0.0875 0.0375
13 0.471094 0.753906 0.0953125 0.0375
13 0.383594 0.847266 0.104688 0.0476562
14 0.153906 0.144531 0.214062 0.195312
