0 0.279687 0.619141 0.35 0.414844
1 0.280078 0.523828 0.347656 0.161719
2 0.282813 0.704688 0.29375 0.245312
3 0.287891 0.759766 0.0929688 0.114844
4 0.194922 0.664844 0.0648438 0.0671875
4 0.371094 0.669141 0.065625 0.0789062
5 0.19375 0.367188 0.0625 0.248438
6 0.19375 0.315234 0.0609375 0.144531
7 0.507422 0.866016 0.166406 0.196094
8 0.283594 0.903516 0.210938 0.192969
9 0.782813 0.887891 0.3 0.135156
10 0.691797 0.385156 0.616406 0.223438
11 0.696094 0.686719 0.154688 0.289062
11 0.875 0.682031 0.148438 0.271875
12 0.0820312 0.824609 0.046875 0.0648438
13 0.0722656 0.890234 0.0351562 0.0351562
13 0.199219 0.861719 0.03125 0.0453125
13 0.455078 0.915625 0.0320312 0.0265625
13 0.573828 0.827734 0.0304687 0.0289063
13 0.720703 0.976953 0.0320312 0.0257812
14 0.2875 0.105078 0.128125 0.122656
