0 0.472266 0.429297 0.427344 0.425781
1 0.446484 0.33125 0.380469 0.228125
2 0.471094 0.498047 0.426563 0.282031
3 0.346484 0.560156 0.0632812 0.148438
4 0.489063 0.476953 0.0796875 0.0804688
4 0.592969 0.435937 0.06875 0.06875
5 0.497656 0.239453 0.117188 0.239844
6 0.497656 0.198047 0.117188 0.157031
7 0.5 0.682422 1 0.194531
8 0.294922 0.876172 0.252344 0.247656
9 0.743359 0.820703 0.274219 0.236719
10 0.510156 0.135156 0.979688 0.242188
11 0.904297 0.241016 0.160156 0.289844
12 0.904687 0.932813 0.09375 0.115625
12 0.942578 0.785937 0.0804688 0.128125
13 0.126953 0.55 0.224219 0.225
14 0.0722656 0.0746094 0.135156 0.141406
