0 0.575 0.447266 0.525 0.572656
1 0.575781 0.30625 0.523438 0.110937
2 0.579297 0.530859 0.488281 0.403906
3 0.576562 0.635156 0.142187 0.175
4 0.43125 0.539062 0.117188 0.117188
4 0.595313 0.416406 0.125 0.107813
4 0.730859 0.553125 0.107031 0.096875
5 0.797656 0.154297 0.225 0.228906
6 0.808984 0.107813 0.200781 0.1375
7 0.522656 0.640625 0.692187 0.398438
8 0.483594 0.912109 0.965625 0.128906
9 0.125781 0.530859 0.1625 0.161719
10 0.500391 0.349609 0.999219 0.552344
11 0.0851563 0.687891 0.126562 0.139844
12 0.908203 0.713281 0.0523438 0.06875
13 0.137891 0.814844 0.107031 0.034375
13 0.288281 0.834375 0.13125 0.025
13 0.403125 0.845313 0.05625 0.0265625
13 0.504297 0.85 0.121094 0.025
13 0.648438 0.852344 0.107813 0.0265625
13 0.775 0.849219 0.148438 0.0375
13 0.855078 0.789453 0.125781 0.0382813
13 0.938672 0.814063 0.0882813 0.025
14 0.179297 0.0890625 0.294531 0.178125
