0 0.311328 0.505469 0.314844 0.346875
1 0.311719 0.458594 0.315625 0.134375
2 0.310547 0.596094 0.250781 0.164062
3 0.316016 0.625781 0.0695313 0.1
4 0.242969 0.594141 0.0578125 0.0539063
4 0.390625 0.601953 0.05625 0.0492187
5 0.389062 0.254297 0.0859375 0.289844
6 0.391797 0.209375 0.0820312 0.2
7 0.111328 0.64375 0.161719 0.090625
7 0.539844 0.632422 0.228125 0.0757812
8 0.31875 0.833594 0.271875 0.332813
9 0.851172 0.842187 0.230469 0.135937
10 0.710156 0.300391 0.579688 0.364844
11 0.723047 0.534766 0.239844 0.383594
12 0.0804688 0.785547 0.078125 0.110156
12 0.542969 0.883594 0.0578125 0.109375
13 0.676953 0.851172 0.0414062 0.0414062
13 0.466016 0.746875 0.0585938 0.0453125
13 0.915625 0.740625 0.0375 0.0375
13 0.165234 0.750391 0.0429688 0.0414062
14 0.125781 0.146484 0.2125 0.224219
