0 0.505469 0.455859 0.439063 0.682031
1 0.5125 0.313281 0.428125 0.401562
2 0.498047 0.635156 0.421094 0.321875
3 0.4875 0.719141 0.071875 0.113281
4 0.357812 0.576562 0.059375 0.0609375
4 0.589063 0.564063 0.046875 0.065625
5 0.352344 0.208594 0.214062 0.278125
6 0.351562 0.1375 0.2125 0.134375
7 0.212109 0.891016 0.424219 0.202344
7 0.817187 0.910156 0.354687 0.171875
8 0.513281 0.878516 0.114062 0.211719
9 0.0867187 0.591406 0.173437 0.259375
10 0.171875 0.262109 0.34375 0.297656
10 0.821484 0.220312 0.357031 0.245312
11 0.818359 0.626172 0.125781 0.355469
12 0.222656 0.729297 0.084375 0.121094
12 0.736719 0.767578 0.0671875 0.0867187
13 0.200781 0.763672 0.1875 0.0664062
13 0.835938 0.785547 0.298438 0.0585938
14 0.876172 0.0582031 0.111719 0.105469
