0 0.460156 0.336719 0.234375 0.253125
1 0.454688 0.277344 0.207813 0.121875
2 0.463672 0.388672 0.227344 0.146094
3 0.499609 0.416016 0.0445313 0.0632812
4 0.417969 0.376953 0.0375 0.0335937
5 0.517578 0.213281 0.114844 0.10625
6 0.517969 0.199609 0.115625 0.0757812
7 0.800781 0.405078 0.384375 0.314844
8 0.432812 0.517969 0.0640625 0.145313
9 0.566406 0.528125 0.151562 0.2125
10 0.787891 0.142187 0.144531 0.2375
11 0.26875 0.233984 0.204687 0.266406
12 0.746875 0.567969 0.104688 0.167187
13 0.325 0.632031 0.221875 0.248438
14 0.618359 0.1 0.199219 0.2
