0 0.202734 0.369141 0.110156 0.242969
1 0.201953 0.296094 0.105469 0.096875
2 0.203125 0.408984 0.104688 0.160156
3 0.23125 0.445703 0.046875 0.0742188
4 0.201172 0.365625 0.0445313 0.0390625
5 0.160156 0.236328 0.078125 0.164844
6 0.157031 0.208984 0.071875 0.108594
7 0.397656 0.445703 0.198437 0.0632812
7 0.367578 0.560156 0.275781 0.0875
8 0.439844 0.470313 0.420312 0.160938
9 0.601172 0.595313 0.152344 0.140625
10 0.826172 0.142969 0.347656 0.285938
11 0.0722656 0.420312 0.144531 0.3375
12 0.394922 0.639844 0.0617188 0.096875
12 0.694922 0.559375 0.0414062 0.0734375
12 0.527344 0.328125 0.06875 0.115625
13 0.376563 0.182812 0.0484375 0.0421875
13 0.815625 0.396875 0.04375 0.040625
13 0.842969 0.748047 0.04375 0.0445313
13 0.558984 0.771484 0.0445313 0.0367188
13 0.177344 0.773828 0.0515625 0.0429688
14 0.084375 0.0890625 0.16875 0.178125
