0 0.388281 0.271094 0.3875 0.525
1 0.399609 0.145313 0.328906 0.270313
2 0.3875 0.379688 0.385937 0.307812
3 0.506641 0.460938 0.0898438 0.146875
4 0.270313 0.366016 0.10625 0.0992187
5 0.273828 0.0929688 0.0804688 0.154688
6 0.266016 0.0296875 0.0648438 0.0234375
7 0.106641 0.456641 0.213281 0.114844
7 0.789844 0.452344 0.420312 0.10625
8 0.344531 0.751172 0.128125 0.496094
9 0.765234 0.202344 0.119531 0.1125
10 0.762109 0.101172 0.464844 0.174219
10 0.139063 0.162109 0.278125 0.116406
11 0.0660156 0.317578 0.127344 0.178906
11 0.752344 0.307812 0.109375 0.146875
12 0.155469 0.213281 0.0421875 0.1125
12 0.633203 0.366797 0.0554687 0.0898438
12 0.889844 0.345703 0.0578125 0.108594
13 0.166016 0.314844 0.0539063 0.0296875
13 0.635938 0.282031 0.0921875 0.03125
13 0.961328 0.378125 0.0664062 0.034375
14 0.05 0.06875 0.1 0.134375
