0 0.473828 0.439063 0.397656 0.503125
1 0.472656 0.317188 0.396875 0.175
2 0.457422 0.533984 0.274219 0.313281
3 0.473438 0.634766 0.0640625 0.0867187
4 0.392578 0.493359 0.0648438 0.0617188
4 0.509766 0.492969 0.0632812 0.0625
5 0.559766 0.187109 0.0804688 0.269531
6 0.561328 0.116406 0.0742188 0.123438
7 0.202344 0.722656 0.325 0.071875
8 0.544922 0.860547 0.910156 0.277344
9 0.805469 0.446875 0.271875 0.292187
10 0.501563 0.235156 0.995313 0.26875
11 0.116406 0.493359 0.110937 0.216406
12 0.241016 0.539453 0.0492187 0.0929688
13 0.23125 0.427344 0.0421875 0.034375
13 0.600781 0.58125 0.034375 0.04375
13 0.669141 0.608203 0.0367188 0.0226562
13 0.773438 0.622656 0.05625 0.028125
13 0.735156 0.269531 0.0671875 0.0359375
13 0.967969 0.425781 0.03125 0.0375
14 0.876953 0.0792969 0.222656 0.158594
