0 0.504687 0.530469 0.367188 0.482812
1 0.504297 0.500781 0.366406 0.251563
2 0.503516 0.660937 0.369531 0.221875
3 0.55 0.6875 0.090625 0.120313
4 0.411328 0.672656 0.0773438 0.0953125
4 0.646094 0.654687 0.04375 0.05625
5 0.45625 0.298438 0.0390625 0.16875
6 0.457031 0.249219 0.0359375 0.0703125
7 0.335938 0.857422 0.528125 0.105469
8 0.741797 0.838281 0.419531 0.189062
9 0.121875 0.582812 0.2 0.215625
10 0.283203 0.246484 0.413281 0.272656
11 0.178906 0.383594 0.0796875 0.178125
12 0.905859 0.698438 0.0710937 0.142187
12 0.805859 0.669531 0.0898438 0.146875
13 0.735156 0.733984 0.0484375 0.0320312
13 0.934766 0.799609 0.0476562 0.0476562
13 0.211328 0.729688 0.0460938 0.0265625
13 0.252344 0.666797 0.0421875 0.0273438
13 0.919531 0.578906 0.0515625 0.028125
13 0.839453 0.547266 0.0539063 0.0335937
14 0.783594 0.194531 0.215625 0.2375
