0 0.321484 0.465234 0.494531 0.757031
1 0.244141 0.247656 0.338281 0.31875
2 0.337891 0.553125 0.461719 0.582812
3 0.380859 0.656641 0.238281 0.316406
4 0.392969 0.448047 0.0953125 0.116406
5 0.440625 0.127734 0.279687 0.242969
6 0.464453 0.0566406 0.232031 0.100781
7 0.494531 0.900781 0.973437 0.198437
8 0.617969 0.408984 0.229687 0.399219
9 0.0910156 0.692969 0.182031 0.204687
10 0.664062 0.123828 0.285938 0.178906
11 0.799219 0.610547 0.257812 0.761719
12 0.647266 0.770312 0.152344 0.376563
12 0.919922 0.732422 0.150781 0.319531
13 0.519531 0.821484 0.0921875 0.0460938
13 0.755859 0.8375 0.0679687 0.03125
13 0.943359 0.838672 0.0710937 0.0429688
14 0.896094 0.138281 0.15 0.225
