0 0.506641 0.425781 0.403906 0.8
1 0.491406 0.133203 0.359375 0.213281
2 0.507031 0.521094 0.396875 0.6
3 0.390625 0.728906 0.14375 0.167187
4 0.500391 0.180469 0.0742188 0.075
4 0.509375 0.307812 0.235937 0.0890625
4 0.428516 0.419141 0.0585938 0.0804688
4 0.500781 0.415625 0.0515625 0.0703125
4 0.566406 0.415234 0.0703125 0.0835937
4 0.53125 0.552734 0.239063 0.136719
4 0.595313 0.700391 0.128125 0.103906
5 0.553516 0.0769531 0.0632812 0.149219
6 0.555078 0.0425781 0.0585938 0.0804688
7 0.465234 0.701562 0.882031 0.410938
8 0.844922 0.694141 0.310156 0.217969
9 0.193359 0.670312 0.216406 0.182812
10 0.166797 0.176563 0.289844 0.214062
11 0.853125 0.314063 0.185938 0.325
12 0.0636719 0.486328 0.0664062 0.103906
13 0.736328 0.367578 0.0460938 0.0210938
13 0.782031 0.451562 0.065625 0.0296875
14 0.870313 0.0785156 0.1375 0.141406
