0 0.758984 0.633984 0.352344 0.433594
1 0.764062 0.525781 0.342187 0.139063
2 0.757422 0.707812 0.349219 0.284375
3 0.658594 0.772656 0.0796875 0.153125
4 0.664453 0.6375 0.0695313 0.0828125
4 0.828125 0.684766 0.107813 0.110156
5 0.839844 0.385156 0.104688 0.160938
6 0.848047 0.356641 0.0898438 0.103906
7 0.519141 0.823828 0.160156 0.132031
8 0.584766 0.890234 0.207031 0.0960938
9 0.241406 0.869922 0.20625 0.0804688
10 0.505469 0.510156 0.898438 0.5875
11 0.15 0.552344 0.246875 0.451562
12 0.226953 0.757031 0.0460938 0.084375
12 0.295703 0.773438 0.0492187 0.0921875
13 0.148438 0.814844 0.040625 0.03125
13 0.353906 0.903125 0.0234375 0.0203125
13 0.695703 0.891797 0.0601563 0.0367188
13 0.864453 0.93125 0.0507812 0.034375
14 0.291016 0.190234 0.283594 0.199219
