0 0.1625 0.317969 0.232813 0.340625
1 0.178906 0.222266 0.2 0.149219
2 0.163281 0.379297 0.234375 0.217969
3 0.191406 0.419531 0.0890625 0.114062
4 0.120703 0.320312 0.0617188 0.053125
4 0.211719 0.315625 0.0640625 0.059375
5 0.246484 0.186328 0.0414062 0.144531
6 0.246094 0.1375 0.0421875 0.0453125
7 0.179297 0.453516 0.324219 0.213281
8 0.5 0.628516 1 0.332031
9 0.859766 0.873437 0.280469 0.253125
10 0.5 0.148828 0.965625 0.286719
11 0.488281 0.389844 0.135937 0.178125
11 0.695703 0.423828 0.136719 0.150781
12 0.380078 0.437891 0.0351562 0.0601563
12 0.592578 0.454297 0.0398437 0.0632812
12 0.794531 0.481641 0.034375 0.0523438
13 0.139453 0.955859 0.255469 0.0882813
14 0.899609 0.08125 0.160156 0.1625
