0 0.434766 0.369531 0.567969 0.645312
1 0.414062 0.186328 0.517188 0.221094
2 0.434766 0.470313 0.564844 0.451562
3 0.529297 0.543359 0.138281 0.278906
4 0.299219 0.456641 0.2 0.130469
5 0.528125 0.0828125 0.201563 0.165625
6 0.528516 0.0339844 0.199219 0.0679687
7 0.855859 0.575391 0.282031 0.208594
8 0.506641 0.835547 0.196094 0.328906
9 0.865625 0.853906 0.26875 0.292187
10 0.789844 0.253125 0.4125 0.429688
10 0.267578 0.157031 0.196094 0.240625
11 0.114062 0.355859 0.228125 0.680469
11 0.263281 0.0472656 0.0578125 0.0945312
11 0.361328 0.05 0.0742188 0.1
11 0.635156 0.0660156 0.071875 0.111719
11 0.748047 0.0816406 0.0710937 0.121094
12 0.171875 0.9 0.0703125 0.08125
12 0.268359 0.765234 0.0710937 0.0914062
12 0.851953 0.890625 0.0710937 0.078125
12 0.934375 0.938281 0.071875 0.071875
12 0.355859 0.879297 0.0601563 0.0726563
13 0.0808594 0.723437 0.0773438 0.0671875
13 0.184766 0.805859 0.0757812 0.0507812
13 0.08125 0.872656 0.0859375 0.075
13 0.278516 0.895703 0.0789062 0.0695313
13 0.378906 0.75625 0.071875 0.05625
13 0.700781 0.797266 0.0765625 0.0554687
14 0.908594 0.139844 0.182812 0.279687
