0 0.527344 0.46875 0.41875 0.648438
1 0.49375 0.285938 0.310937 0.284375
2 0.523438 0.573047 0.41875 0.436719
3 0.532031 0.716406 0.078125 0.128125
4 0.602734 0.607422 0.0429688 0.0664062
4 0.402734 0.660156 0.0476562 0.0609375
4 0.405859 0.487109 0.0804688 0.0445313
4 0.561328 0.46875 0.0585938 0.065625
5 0.777344 0.283984 0.445312 0.503906
6 0.775781 0.282422 0.446875 0.508594
7 0.5125 0.935547 0.871875 0.0898438
8 0.752734 0.721484 0.494531 0.310156
9 0.196094 0.621094 0.251563 0.14375
10 0.175391 0.458984 0.350781 0.342969
10 0.83125 0.382031 0.3375 0.260937
11 0.272266 0.312109 0.178906 0.271094
11 0.590625 0.701172 0.0546875 0.146094
11 0.436328 0.703125 0.0617188 0.165625
12 0.816406 0.723828 0.046875 0.0882813
12 0.230859 0.776563 0.0882813 0.13125
13 0.114453 0.751172 0.150781 0.149219
13 0.451562 0.874219 0.284375 0.0796875
13 0.825391 0.816406 0.230469 0.0796875
13 0.909375 0.555469 0.09375 0.0609375
14 0.123047 0.1625 0.246094 0.285938
