0 0.483203 0.323047 0.474219 0.510156
1 0.472266 0.217188 0.453906 0.253125
2 0.483594 0.446875 0.470313 0.259375
3 0.505078 0.501563 0.0867187 0.15
4 0.362891 0.414062 0.0882813 0.090625
4 0.613281 0.4125 0.06875 0.075
5 0.614844 0.112891 0.154688 0.160156
6 0.646484 0.0578125 0.0882813 0.0484375
7 0.166016 0.554688 0.228906 0.104688
8 0.5125 0.783203 0.0859375 0.433594
9 0.804688 0.603125 0.209375 0.18125
10 0.214453 0.128516 0.428906 0.217969
10 0.8 0.164062 0.4 0.203125
11 0.242969 0.818359 0.109375 0.236719
12 0.61875 0.817187 0.084375 0.117188
12 0.754297 0.803906 0.100781 0.117188
13 0.127734 0.698828 0.0976562 0.100781
13 0.839453 0.440625 0.130469 0.0734375
14 0.849609 0.0640625 0.203906 0.128125
