0 0.489063 0.268359 0.578125 0.536719
1 0.489063 0.234766 0.576562 0.132031
2 0.505859 0.383203 0.535156 0.308594
3 0.311328 0.449219 0.0679687 0.157812
4 0.553125 0.396094 0.159375 0.153125
5 0.351562 0.101562 0.0703125 0.203125
6 0.35 0.0484375 0.065625 0.096875
7 0.2375 0.651953 0.475 0.160156
7 0.762109 0.640625 0.474219 0.125
8 0.634766 0.757422 0.730469 0.485156
9 0.876172 0.483203 0.182031 0.121094
10 0.15625 0.116406 0.220312 0.140625
11 0.0679687 0.412891 0.132812 0.282031
12 0.108203 0.829688 0.0507812 0.0984375
12 0.334766 0.900391 0.0773438 0.102344
12 0.819531 0.371875 0.0671875 0.0984375
12 0.854297 0.753516 0.0726563 0.100781
13 0.254688 0.785156 0.0578125 0.028125
13 0.928906 0.383984 0.0875 0.0351562
13 0.764062 0.565234 0.0671875 0.0304687
13 0.789062 0.769141 0.06875 0.0304687
14 0.895312 0.0921875 0.145313 0.153125
