0 0.296094 0.142578 0.046875 0.0539063
1 0.298828 0.136328 0.0414062 0.0179687
2 0.294922 0.155469 0.0429688 0.0296875
3 0.289844 0.153906 0.0125 0.0171875
4 0.305859 0.149219 0.00859375 0.0140625
5 0.402734 0.0652344 0.207031 0.130469
6 0.401953 0.0601563 0.207031 0.120313
7 0.294141 0.166016 0.0757812 0.0585938
8 0.292578 0.173047 0.0164063 0.0257812
8 0.514062 0.598047 0.971875 0.792969
9 0.523047 0.292578 0.467969 0.372656
10 0.849609 0.154688 0.277344 0.0609375
10 0.0683594 0.119531 0.100781 0.065625
10 0.122656 0.0652344 0.046875 0.0195312
11 0.189062 0.114844 0.0625 0.0828125
11 0.108984 0.237891 0.0976562 0.158594
12 0.0433594 0.398047 0.0726563 0.0664062
13 0.256641 0.408594 0.0226562 0.03125
13 0.220703 0.473047 0.0242188 0.0242188
13 0.3 0.560156 0.025 0.0296875
13 0.396875 0.720313 0.0234375 0.0296875
13 0.742578 0.599219 0.0398437 0.0390625
13 0.864844 0.576562 0.0265625 0.025
13 0.734766 0.483984 0.0226562 0.0335937
13 0.917188 0.481641 0.0234375 0.0289063
14 0.864062 0.0492187 0.176563 0.0984375
