0 0.495703 0.285156 0.347656 0.329688
1 0.501172 0.196094 0.336719 0.15
2 0.489844 0.341406 0.335938 0.217188
3 0.497656 0.378125 0.182812 0.120313
4 0.497266 0.269531 0.203906 0.065625
5 0.547656 0.128906 0.059375 0.0421875
6 0.555469 0.116016 0.04375 0.0179687
7 0.214844 0.563281 0.3125 0.240625
7 0.413281 0.755469 0.348438 0.340625
8 0.319141 0.667969 0.500781 0.365625
9 0.830859 0.822266 0.249219 0.236719
10 0.438672 0.0878906 0.694531 0.142969
11 0.0828125 0.308203 0.117188 0.272656
11 0.169141 0.30625 0.102344 0.271875
12 0.708594 0.571875 0.075 0.175
12 0.810937 0.573828 0.06875 0.191406
13 0.241797 0.428906 0.0570312 0.053125
13 0.0742188 0.546484 0.0515625 0.0507812
13 0.550781 0.880859 0.059375 0.0460938
13 0.755078 0.694141 0.0398437 0.0304687
13 0.902734 0.565234 0.0539063 0.0273438
14 0.874609 0.119141 0.164844 0.186719
