0 0.431641 0.424609 0.369531 0.457031
1 0.428516 0.240234 0.133594 0.0882813
2 0.431641 0.453516 0.369531 0.399219
3 0.323437 0.558594 0.0671875 0.145313
4 0.458594 0.467969 0.09375 0.115625
4 0.431641 0.304688 0.0476562 0.0640625
5 0.728125 0.360547 0.217188 0.289844
6 0.744531 0.290625 0.182812 0.15
7 0.792969 0.524609 0.407813 0.261719
7 0.130469 0.516016 0.260937 0.207031
8 0.34375 0.812891 0.109375 0.374219
9 0.652734 0.771484 0.0976562 0.110156
10 0.218359 0.316406 0.428906 0.395313
11 0.139063 0.760156 0.132812 0.171875
12 0.228125 0.780078 0.0515625 0.0992187
13 0.122656 0.922656 0.0375 0.046875
13 0.447266 0.783594 0.0382813 0.040625
13 0.842578 0.711328 0.0351562 0.0351562
14 0.504687 0.0664062 0.103125 0.132812
