0 0.252344 0.512109 0.423438 0.578906
1 0.252344 0.365234 0.421875 0.283594
2 0.270313 0.632422 0.289062 0.338281
3 0.283203 0.710156 0.135156 0.15625
4 0.342578 0.540625 0.0820312 0.0890625
4 0.194922 0.552344 0.0851563 0.084375
5 0.439844 0.267578 0.198437 0.166406
6 0.476172 0.237109 0.125781 0.105469
7 0.695312 0.742578 0.58125 0.497656
7 0.0671875 0.699609 0.128125 0.116406
8 0.682031 0.33125 0.414062 0.6625
9 0.867578 0.205859 0.180469 0.155469
10 0.289844 0.0894531 0.579688 0.152344
11 0.655859 0.800781 0.205469 0.342187
12 0.202734 0.904687 0.105469 0.128125
13 0.405859 0.8875 0.0398437 0.0828125
13 0.825 0.914844 0.046875 0.0765625
13 0.511328 0.633594 0.0492187 0.05
14 0.0683594 0.0625 0.0820312 0.096875
