0 0.502344 0.334766 0.410938 0.517969
1 0.501563 0.239063 0.410938 0.2
2 0.505469 0.459375 0.401562 0.270313
3 0.389844 0.502344 0.0984375 0.170313
4 0.603516 0.426563 0.158594 0.114062
5 0.580859 0.144922 0.483594 0.269531
6 0.628125 0.0589844 0.389062 0.0976562
7 0.18125 0.579688 0.3625 0.125
7 0.812109 0.592578 0.374219 0.150781
8 0.385156 0.789453 0.140625 0.397656
9 0.796484 0.834766 0.407031 0.330469
10 0.838672 0.309375 0.322656 0.195312
10 0.158984 0.244141 0.317969 0.149219
11 0.194531 0.364063 0.179688 0.298438
12 0.657422 0.706641 0.0757812 0.135156
12 0.227344 0.852734 0.0984375 0.186719
13 0.146484 0.850391 0.0445313 0.0445313
13 0.528906 0.8 0.0546875 0.065625
13 0.594531 0.667188 0.0546875 0.0359375
14 0.889844 0.145313 0.220312 0.2625
