0 0.193359 0.499219 0.250781 0.282813
1 0.192969 0.428125 0.251563 0.1375
2 0.196875 0.553125 0.2 0.175
3 0.171094 0.5875 0.0640625 0.09375
4 0.235937 0.528125 0.05625 0.059375
5 0.18125 0.352344 0.1125 0.160938
6 0.189062 0.315625 0.096875 0.090625
7 0.807813 0.899609 0.35625 0.157031
8 0.36875 0.815234 0.45 0.369531
9 0.559375 0.621094 0.265625 0.2
10 0.5 0.199219 1 0.290625
11 0.389453 0.483984 0.138281 0.246094
11 0.734766 0.573438 0.214844 0.335938
12 0.528906 0.767969 0.065625 0.0796875
13 0.0632812 0.745313 0.0359375 0.0296875
13 0.364063 0.675 0.034375 0.0296875
13 0.132812 0.854688 0.034375 0.0203125
13 0.321875 0.91875 0.034375 0.0265625
14 0.860156 0.109766 0.279687 0.219531
