0 0.323828 0.328906 0.333594 0.435937
1 0.323828 0.258203 0.333594 0.149219
2 0.315234 0.432422 0.294531 0.228906
3 0.250391 0.476562 0.0726563 0.134375
4 0.364453 0.423828 0.103906 0.0851563
5 0.279687 0.126172 0.16875 0.150781
6 0.302734 0.0796875 0.122656 0.0578125
7 0.620703 0.500781 0.241406 0.153125
8 0.276562 0.759375 0.217188 0.448437
9 0.730469 0.729688 0.2125 0.179688
10 0.644531 0.272266 0.378125 0.313281
11 0.851562 0.394922 0.234375 0.430469
12 0.0777344 0.517578 0.0835937 0.136719
13 0.108594 0.760547 0.071875 0.0304687
13 0.396875 0.642969 0.0890625 0.0328125
13 0.485547 0.785937 0.0945312 0.0390625
14 0.663672 0.0828125 0.125781 0.128125
