0 0.389453 0.348828 0.482031 0.474219
1 0.389453 0.290625 0.482031 0.164062
2 0.386328 0.468359 0.389844 0.236719
3 0.305078 0.507031 0.0789062 0.134375
4 0.452344 0.441406 0.120313 0.0984375
5 0.486719 0.130859 0.18125 0.186719
6 0.511328 0.0726563 0.132031 0.0703125
7 0.697656 0.889062 0.24375 0.1
8 0.193359 0.770703 0.299219 0.410156
9 0.595703 0.729297 0.228906 0.167969
10 0.736719 0.145313 0.501563 0.1625
11 0.821484 0.455078 0.211719 0.399219
12 0.0863281 0.585547 0.0835937 0.169531
13 0.310547 0.757031 0.0914062 0.0421875
13 0.394922 0.703516 0.0835937 0.0335937
13 0.366797 0.830078 0.0960938 0.0367188
14 0.167578 0.155078 0.172656 0.158594
