0 0.459375 0.325781 0.285938 0.41875
1 0.45625 0.212891 0.246875 0.180469
2 0.458984 0.407031 0.272656 0.246875
3 0.452344 0.485156 0.05625 0.0875
4 0.390625 0.435156 0.06875 0.0703125
5 0.390625 0.130078 0.046875 0.228906
6 0.390625 0.0855469 0.046875 0.146094
7 0.283203 0.690625 0.253906 0.1125
8 0.417578 0.758594 0.211719 0.482812
9 0.242969 0.835547 0.173437 0.153906
10 0.232031 0.213281 0.464062 0.426563
11 0.196094 0.211719 0.065625 0.154688
11 0.178516 0.557031 0.0664062 0.125
12 0.235156 0.587891 0.0265625 0.0507812
12 0.735938 0.447656 0.028125 0.0609375
12 0.121875 0.815234 0.025 0.0585938
13 0.628906 0.653516 0.046875 0.0242188
13 0.705859 0.767188 0.0523438 0.0234375
13 0.819141 0.691016 0.0460938 0.0304687
13 0.912891 0.638281 0.0476562 0.028125
14 0.856641 0.174219 0.286719 0.348438
