0 0.369531 0.590234 0.5 0.336719
1 0.370703 0.55 0.497656 0.123438
2 0.333203 0.666406 0.252344 0.179688
3 0.359375 0.6875 0.0796875 0.0984375
4 0.277344 0.637891 0.05625 0.0695313
4 0.437109 0.633594 0.0476562 0.0734375
5 0.420312 0.413672 0.05 0.211719
6 0.422656 0.359766 0.046875 0.105469
7 0.367578 0.801953 0.546094 0.232031
8 0.240625 0.953516 0.48125 0.0914062
9 0.641797 0.932422 0.250781 0.135156
10 0.825 0.683203 0.254688 0.357031
11 0.878125 0.83125 0.198437 0.242188
12 0.277734 0.785937 0.0507812 0.059375
12 0.454688 0.769922 0.0453125 0.0757812
12 0.707812 0.913672 0.0296875 0.0382813
13 0.667969 0.774219 0.0421875 0.0453125
13 0.603906 0.770703 0.040625 0.0523438
13 0.522656 0.774219 0.0375 0.0515625
13 0.490234 0.894141 0.0789062 0.0398437
13 0.182031 0.895312 0.24375 0.18125
14 0.142187 0.126562 0.284375 0.253125
