0 0.216406 0.539062 0.20625 0.15625
1 0.217969 0.508984 0.201563 0.0960938
2 0.219922 0.551172 0.178906 0.121094
3 0.244531 0.575 0.0328125 0.04375
4 0.210547 0.56875 0.0289063 0.0328125
4 0.28125 0.563281 0.028125 0.028125
4 0.157812 0.534766 0.0203125 0.0242188
5 0.290625 0.473047 0.0984375 0.0960938
6 0.290234 0.452734 0.0976562 0.0554687
7 0.0832031 0.601562 0.103906 0.09375
7 0.365625 0.583984 0.123438 0.0992187
8 0.25 0.6375 0.0328125 0.0890625
9 0.211328 0.761719 0.263281 0.20625
10 0.529297 0.204297 0.936719 0.249219
11 0.529297 0.458594 0.0773438 0.120313
12 0.831641 0.703906 0.0726563 0.0890625
13 0.74375 0.745313 0.025 0.0234375
13 0.919531 0.727734 0.0296875 0.0304687
13 0.828516 0.852344 0.0320312 0.03125
14 0.451562 0.0992187 0.15 0.132812
