0 0.468359 0.373437 0.580469 0.671875
1 0.475781 0.178516 0.560937 0.280469
2 0.467187 0.493359 0.576562 0.430469
3 0.391016 0.559766 0.172656 0.302344
4 0.652344 0.408594 0.148438 0.132812
4 0.507031 0.391797 0.104688 0.135156
4 0.269922 0.376563 0.122656 0.145313
5 0.680078 0.108594 0.0820312 0.217188
6 0.682813 0.0226562 0.0765625 0.0453125
7 0.450781 0.742188 0.748437 0.11875
8 0.595313 0.894141 0.307812 0.211719
9 0.79375 0.638672 0.201563 0.210156
10 0.178906 0.288672 0.296875 0.310156
11 0.0898438 0.357422 0.103125 0.183594
12 0.111719 0.647266 0.040625 0.0898438
12 0.144531 0.640234 0.046875 0.102344
13 0.0429688 0.687109 0.025 0.0179687
13 0.0824219 0.676562 0.0398437 0.0296875
13 0.0710937 0.704688 0.0328125 0.021875
13 0.156641 0.672656 0.0289063 0.0328125
13 0.229297 0.695703 0.0304687 0.0148437
13 0.7 0.721094 0.0296875 0.015625
13 0.846875 0.767969 0.0453125 0.03125
14 0.799219 0.115625 0.128125 0.129688
