0 0.585156 0.467969 0.36875 0.229687
1 0.582422 0.435547 0.361719 0.0960938
2 0.590234 0.512109 0.360156 0.141406
3 0.477344 0.549609 0.046875 0.0648438
4 0.617969 0.505078 0.04375 0.0476562
5 0.678906 0.289062 0.0984375 0.2875
6 0.678906 0.253906 0.0984375 0.217188
7 0.212109 0.569922 0.424219 0.0757812
7 0.878125 0.509375 0.24375 0.0703125
8 0.415234 0.732812 0.182031 0.321875
9 0.833594 0.810547 0.179688 0.224219
10 0.323437 0.329688 0.645312 0.253125
11 0.839063 0.43125 0.071875 0.171875
12 0.617578 0.666797 0.0507812 0.0789062
12 0.800781 0.686719 0.05 0.0859375
13 0.862891 0.665625 0.0304687 0.025
13 0.749609 0.806641 0.0304687 0.0257812
13 0.785547 0.912891 0.0429688 0.0335937
13 0.822656 0.923047 0.0234375 0.0242188
13 0.531641 0.733594 0.0335937 0.03125
13 0.407813 0.655078 0.0328125 0.0210938
13 0.24375 0.766016 0.0484375 0.0398437
14 0.337109 0.259766 0.150781 0.180469
