0 0.244141 0.423828 0.430469 0.427344
1 0.242969 0.328516 0.429688 0.171094
2 0.254688 0.502344 0.371875 0.270313
3 0.264453 0.525 0.0789062 0.196875
4 0.132422 0.455859 0.0632812 0.0789062
5 0.0769531 0.172266 0.108594 0.300781
6 0.0773438 0.11875 0.109375 0.19375
7 0.732812 0.602344 0.534375 0.1875
8 0.337109 0.807031 0.221094 0.385937
9 0.876172 0.853516 0.239844 0.139844
10 0.400781 0.342187 0.795312 0.423438
11 0.878516 0.448828 0.224219 0.335156
12 0.772266 0.555469 0.0710937 0.126562
12 0.694141 0.551562 0.0789062 0.128125
12 0.585938 0.531641 0.0765625 0.103906
13 0.396094 0.809375 0.673438 0.1625
14 0.753906 0.135547 0.492188 0.271094
