0 0.523828 0.366797 0.369531 0.285156
1 0.524609 0.348438 0.369531 0.142187
2 0.513672 0.410156 0.307031 0.198437
3 0.410156 0.457813 0.059375 0.09375
4 0.53125 0.433203 0.034375 0.0351562
5 0.666797 0.208984 0.102344 0.153906
6 0.666406 0.178516 0.103125 0.0945312
7 0.257031 0.626172 0.276562 0.0914062
8 0.439063 0.616016 0.078125 0.221094
9 0.842969 0.451953 0.2 0.133594
10 0.196094 0.25 0.340625 0.221875
11 0.175391 0.425391 0.158594 0.294531
12 0.799219 0.319141 0.03125 0.0289063
12 0.841016 0.321875 0.0273438 0.0234375
13 0.260547 0.507422 0.0460938 0.0242188
13 0.525 0.552344 0.0484375 0.0265625
13 0.678906 0.559375 0.046875 0.028125
13 0.809375 0.630859 0.0390625 0.0242188
14 0.842578 0.171875 0.117969 0.13125
