0 0.410938 0.521875 0.264062 0.564063
1 0.401953 0.381641 0.283594 0.282031
2 0.408203 0.639062 0.257031 0.325
3 0.419531 0.720703 0.0953125 0.130469
4 0.346875 0.565625 0.0875 0.121875
4 0.467187 0.580469 0.090625 0.10625
5 0.505469 0.254297 0.0859375 0.227344
6 0.505078 0.211328 0.0851563 0.142969
7 0.502734 0.932422 0.994531 0.135156
8 0.667969 0.776953 0.664062 0.217969
9 0.848047 0.446094 0.233594 0.1875
10 0.469141 0.157812 0.869531 0.315625
11 0.124609 0.692969 0.213281 0.376563
12 0.799609 0.836719 0.0460938 0.104688
12 0.871875 0.845313 0.05 0.109375
13 0.588672 0.876563 0.817969 0.071875
14 0.907422 0.110547 0.185156 0.221094
