0 0.798438 0.707812 0.403125 0.584375
1 0.8 0.541016 0.4 0.205469
2 0.798438 0.809375 0.403125 0.38125
3 0.780469 0.930469 0.103125 0.1375
4 0.649609 0.719141 0.0492187 0.0476562
4 0.869922 0.716797 0.0335937 0.0460938
4 0.866016 0.851172 0.0304687 0.0351562
4 0.678516 0.845313 0.0460938 0.04375
5 0.930859 0.445312 0.0710937 0.159375
6 0.930469 0.396484 0.0703125 0.0585938
7 0.348828 0.903125 0.517969 0.173437
8 0.538281 0.471875 0.789062 0.107813
9 0.605859 0.188281 0.297656 0.18125
10 0.343359 0.382031 0.264844 0.125
11 0.103125 0.689844 0.20625 0.620313
12 0.311328 0.668359 0.0976562 0.163281
12 0.472266 0.686719 0.0820312 0.15
13 0.580078 0.8 0.0304687 0.021875
13 0.547656 0.838672 0.0296875 0.0257812
13 0.514062 0.803125 0.0265625 0.021875
13 0.476172 0.819922 0.0320312 0.0320312
13 0.457813 0.848047 0.0296875 0.0257812
13 0.478906 0.769922 0.0359375 0.0210938
13 0.422266 0.797266 0.0320312 0.0210938
13 0.4 0.775391 0.0328125 0.0226562
13 0.370703 0.826562 0.0335937 0.0234375
13 0.386719 0.863672 0.025 0.0242188
13 0.303906 0.821484 0.0328125 0.0210938
13 0.296094 0.789844 0.03125 0.0234375
13 0.246094 0.831641 0.034375 0.0226562
13 0.24375 0.76875 0.028125 0.0203125
13 0.319531 0.764453 0.025 0.0242188
13 0.18125 0.783203 0.0390625 0.0304687
13 0.132812 0.819922 0.025 0.0179687
14 0.139453 0.195312 0.278906 0.3875
