0 0.398047 0.373437 0.591406 0.742188
1 0.397656 0.167187 0.590625 0.328125
2 0.376563 0.446094 0.35625 0.596875
3 0.378516 0.685937 0.0976562 0.096875
4 0.282422 0.233594 0.0695313 0.090625
4 0.416797 0.234766 0.0601563 0.0945312
4 0.507812 0.232813 0.053125 0.0890625
4 0.280078 0.394531 0.0648438 0.101562
4 0.404297 0.391406 0.0570312 0.0953125
4 0.504297 0.382031 0.0492187 0.0953125
4 0.285938 0.546484 0.075 0.0976562
4 0.407031 0.546875 0.0515625 0.104688
4 0.5 0.539453 0.0578125 0.100781
4 0.272656 0.677734 0.0796875 0.0554687
4 0.491797 0.669141 0.0804688 0.0585938
5 0.575781 0.0652344 0.209375 0.130469
6 0.600391 0.0265625 0.158594 0.053125
7 0.109766 0.691406 0.219531 0.182812
7 0.769141 0.686719 0.457031 0.201563
8 0.309375 0.843359 0.235937 0.225781
9 0.803125 0.456641 0.39375 0.305469
10 0.509375 0.0957031 0.875 0.185156
11 0.121484 0.546484 0.239844 0.858594
12 0.678125 0.733203 0.0953125 0.121094
12 0.757812 0.774609 0.090625 0.124219
13 0.161719 0.478516 0.0421875 0.0289063
13 0.150781 0.555859 0.0390625 0.0210938
13 0.0300781 0.833984 0.0429688 0.0273438
13 0.178906 0.841406 0.034375 0.021875
13 0.0316406 0.916406 0.0351562 0.021875
13 0.467578 0.899609 0.0367188 0.0195312
13 0.614453 0.957422 0.0382813 0.0226562
13 0.754297 0.898828 0.0382813 0.0210938
13 0.880078 0.857812 0.0320312 0.0203125
13 0.605078 0.384375 0.0382813 0.0203125
13 0.595313 0.485547 0.040625 0.0257812
13 0.690625 0.308984 0.0328125 0.0210938
13 0.882812 0.273438 0.0390625 0.025
14 0.913672 0.0628906 0.0976562 0.0945312
