0 0.451172 0.442578 0.533594 0.819531
1 0.450391 0.353516 0.535156 0.536719
2 0.460547 0.689063 0.388281 0.326562
3 0.475 0.772266 0.0875 0.149219
4 0.488672 0.551953 0.130469 0.0960938
5 0.278906 0.100391 0.217188 0.191406
6 0.276172 0.0242188 0.211719 0.040625
7 0.808984 0.682422 0.367969 0.147656
8 0.448828 0.911328 0.342969 0.177344
9 0.130078 0.802344 0.252344 0.3
10 0.5 0.205859 1 0.411719
11 0.813281 0.453906 0.1625 0.371875
12 0.808594 0.919922 0.1 0.132031
13 0.69375 0.815234 0.0625 0.0445313
13 0.890234 0.816406 0.0601563 0.04375
14 0.921094 0.0652344 0.151562 0.130469
