0 0.308984 0.280078 0.346094 0.397656
1 0.317188 0.194141 0.329688 0.158594
2 0.305078 0.361328 0.338281 0.236719
3 0.207031 0.404297 0.078125 0.136719
4 0.241406 0.222266 0.059375 0.0414062
5 0.344531 0.0828125 0.0546875 0.0984375
6 0.344531 0.0609375 0.0546875 0.05625
7 0.498047 0.734766 0.822656 0.110156
8 0.292578 0.60625 0.111719 0.2625
9 0.714063 0.605078 0.120313 0.103906
10 0.158984 0.111719 0.314844 0.146875
10 0.66875 0.15625 0.585938 0.28125
11 0.0824219 0.725781 0.164844 0.548438
11 0.900391 0.707031 0.199219 0.582812
12 0.591406 0.739844 0.053125 0.101562
12 0.190625 0.690625 0.0734375 0.175
13 0.191016 0.8125 0.0945312 0.0890625
13 0.600781 0.803906 0.0609375 0.059375
13 0.808984 0.734375 0.108594 0.078125
13 0.0835937 0.657813 0.05625 0.0765625
13 0.372656 0.675 0.075 0.0703125
14 0.905859 0.0941406 0.188281 0.188281
