0 0.328516 0.241797 0.103906 0.161719
1 0.328516 0.212109 0.100781 0.0726563
2 0.328906 0.280078 0.104688 0.0867187
3 0.355078 0.294141 0.0289063 0.0445313
4 0.303125 0.270703 0.04375 0.0398437
5 0.373828 0.148828 0.0664062 0.107031
6 0.374219 0.130859 0.0640625 0.0710937
7 0.378516 0.412109 0.289844 0.0976562
8 0.153125 0.582422 0.282813 0.561719
8 0.596484 0.747656 0.219531 0.348438
9 0.497266 0.68125 0.128906 0.13125
10 0.739062 0.458203 0.390625 0.341406
11 0.134375 0.672266 0.103125 0.194531
12 0.336719 0.835547 0.065625 0.102344
12 0.380078 0.872266 0.0476562 0.133594
12 0.445312 0.822266 0.05625 0.139844
13 0.730859 0.711328 0.0460938 0.0335937
13 0.855859 0.729297 0.0492187 0.0257812
13 0.724219 0.8 0.0375 0.0328125
13 0.818359 0.808203 0.0476562 0.0320312
13 0.931641 0.800391 0.0507812 0.0398437
13 0.732812 0.882031 0.04375 0.034375
13 0.833203 0.869141 0.0476562 0.0210938
13 0.903125 0.861328 0.0421875 0.0242188
14 0.719141 0.06875 0.113281 0.1125
