0 0.4875 0.420703 0.434375 0.505469
1 0.486719 0.268359 0.434375 0.200781
2 0.489453 0.511719 0.342969 0.320312
3 0.578125 0.592578 0.0953125 0.152344
4 0.435937 0.453906 0.178125 0.0671875
5 0.4 0.155469 0.18125 0.310937
6 0.4125 0.0839844 0.154688 0.167969
7 0.157422 0.544531 0.314844 0.26875
8 0.5 0.857031 1 0.285938
9 0.799609 0.566797 0.213281 0.210156
10 0.798438 0.106641 0.354687 0.157031
11 0.196094 0.288672 0.146875 0.192969
12 0.0566406 0.342187 0.0445313 0.0890625
13 0.159375 0.328906 0.31875 0.229687
14 0.10625 0.0933594 0.210938 0.186719
