0 0.473438 0.344531 0.403125 0.334375
1 0.472656 0.267969 0.379688 0.18125
2 0.46875 0.414453 0.409375 0.196094
3 0.381641 0.435937 0.0757812 0.128125
4 0.36875 0.281641 0.0421875 0.0398437
4 0.552734 0.373828 0.113281 0.0757812
5 0.380859 0.157422 0.125781 0.189844
6 0.376563 0.13125 0.120313 0.140625
7 0.822266 0.433203 0.341406 0.161719
8 0.225781 0.73125 0.451562 0.48125
9 0.149219 0.426563 0.198437 0.215625
10 0.360938 0.115234 0.460938 0.230469
11 0.537109 0.658984 0.186719 0.319531
12 0.664844 0.721094 0.0859375 0.121875
13 0.448828 0.841406 0.102344 0.046875
13 0.667578 0.821094 0.0914062 0.05625
13 0.791797 0.758594 0.0929688 0.0484375
14 0.0953125 0.110547 0.190625 0.221094
