0 0.420312 0.433594 0.196875 0.273438
1 0.421094 0.402734 0.195312 0.211719
2 0.411719 0.526953 0.090625 0.0867187
3 0.418359 0.521094 0.0273438 0.046875
4 0.390234 0.504687 0.0226562 0.0265625
5 0.376563 0.320703 0.0515625 0.135156
6 0.375391 0.278516 0.0539063 0.0507812
7 0.352734 0.671875 0.217969 0.1125
8 0.683594 0.501953 0.15625 0.336719
9 0.110156 0.798828 0.142187 0.141406
10 0.259375 0.208984 0.503125 0.417969
11 0.861328 0.507812 0.111719 0.282813
12 0.900781 0.60625 0.046875 0.0890625
13 0.860547 0.695312 0.113281 0.0796875
14 0.860156 0.101562 0.101562 0.110937
