0 0.216797 0.615625 0.310156 0.379688
1 0.216797 0.517188 0.308594 0.184375
2 0.222656 0.698047 0.285938 0.216406
3 0.154688 0.747266 0.0734375 0.113281
4 0.283594 0.698828 0.0921875 0.0460938
4 0.221094 0.544531 0.078125 0.075
5 0.156641 0.441797 0.0492187 0.174219
6 0.15625 0.393359 0.0453125 0.0773438
7 0.0472656 0.739844 0.0945312 0.107813
7 0.471484 0.747266 0.247656 0.110156
8 0.34375 0.887109 0.44375 0.225781
9 0.148438 0.917969 0.296875 0.164062
10 0.643359 0.474219 0.713281 0.4625
11 0.390625 0.532813 0.201563 0.489063
12 0.621875 0.917969 0.0484375 0.040625
12 0.594922 0.953125 0.0460938 0.034375
12 0.635938 0.941797 0.04375 0.0398437
12 0.673047 0.946875 0.0445313 0.0421875
12 0.109766 0.775 0.0414062 0.075
13 0.591797 0.838281 0.0601563 0.028125
13 0.385937 0.796875 0.053125 0.040625
13 0.319141 0.775391 0.0460938 0.0226562
13 0.805078 0.964453 0.0351562 0.0195312
14 0.892969 0.0773438 0.203125 0.154688
