0 0.415625 0.35625 0.49375 0.445312
1 0.416016 0.274219 0.492969 0.178125
2 0.424219 0.443359 0.4375 0.261719
3 0.572266 0.457813 0.0789062 0.151562
4 0.291406 0.436328 0.0734375 0.110156
4 0.410547 0.426563 0.0773438 0.115625
5 0.547656 0.154297 0.135937 0.246094
6 0.550391 0.0835937 0.132031 0.10625
7 0.146094 0.539062 0.214062 0.423438
7 0.655859 0.510156 0.230469 0.415625
8 0.55625 0.840234 0.584375 0.255469
9 0.754687 0.753125 0.235937 0.21875
10 0.808594 0.108594 0.382812 0.18125
11 0.883594 0.414844 0.114062 0.26875
12 0.286719 0.629687 0.05625 0.06875
12 0.451172 0.609375 0.0523438 0.0625
12 0.552734 0.588281 0.0507812 0.065625
13 0.151953 0.509375 0.0429688 0.0546875
13 0.160547 0.590234 0.0382813 0.0429688
13 0.368359 0.603516 0.0398437 0.0445313
13 0.267188 0.679297 0.0296875 0.0398437
13 0.503516 0.629297 0.0226562 0.0367188
13 0.641406 0.567969 0.0359375 0.0484375
13 0.689453 0.451562 0.0414062 0.04375
14 0.116016 0.136719 0.208594 0.228125
