0 0.514844 0.364844 0.682813 0.7125
1 0.515625 0.250781 0.689063 0.35625
2 0.502344 0.554688 0.628125 0.342187
3 0.667969 0.584375 0.209375 0.264062
4 0.317969 0.521875 0.1875 0.2
4 0.510156 0.498828 0.184375 0.171094
5 0.289453 0.0554687 0.157031 0.110937
6 0.267188 0.0355469 0.109375 0.0710937
7 0.102734 0.626953 0.205469 0.258594
7 0.896875 0.625 0.204687 0.225
8 0.711719 0.842187 0.3 0.315625
9 0.145313 0.841406 0.251563 0.2375
10 0.143359 0.255469 0.286719 0.25
11 0.904297 0.291016 0.191406 0.369531
12 0.30625 0.894922 0.0703125 0.0960938
12 0.357422 0.894141 0.0523438 0.0773438
13 0.369922 0.778516 0.208594 0.0460938
13 0.533594 0.927344 0.182812 0.0359375
13 0.906641 0.874219 0.139844 0.0296875
14 0.851953 0.0730469 0.0929688 0.0898438
