0 0.291406 0.602734 0.26875 0.419531
1 0.280078 0.484766 0.241406 0.171094
2 0.291797 0.676172 0.244531 0.264844
3 0.375 0.728906 0.078125 0.13125
4 0.284766 0.607031 0.0554687 0.059375
4 0.225391 0.614062 0.0539063 0.0640625
5 0.376953 0.417969 0.174219 0.248438
6 0.375391 0.355859 0.177344 0.128906
7 0.532031 0.527344 0.240625 0.148438
7 0.0878906 0.664062 0.175781 0.125
8 0.679297 0.555078 0.496094 0.419531
9 0.709375 0.798438 0.357812 0.2375
10 0.520703 0.228906 0.861719 0.253125
11 0.9375 0.564063 0.110937 0.198437
12 0.0714844 0.822656 0.0820312 0.13125
12 0.903906 0.846484 0.0765625 0.117969
13 0.769531 0.946484 0.084375 0.0585938
13 0.898047 0.702344 0.0742188 0.046875
14 0.633594 0.0925781 0.18125 0.142969
