0 0.514062 0.639453 0.53125 0.708594
1 0.499609 0.467969 0.488281 0.290625
2 0.514062 0.768359 0.53125 0.449219
3 0.673047 0.86875 0.214844 0.25
4 0.352734 0.721094 0.177344 0.14375
5 0.279687 0.282031 0.207813 0.317188
6 0.264453 0.211328 0.177344 0.175781
7 0.132031 0.688281 0.259375 0.614062
8 0.849219 0.838672 0.11875 0.322656
9 0.938672 0.478125 0.0882813 0.090625
10 0.852344 0.5625 0.25625 0.270313
11 0.0929688 0.69375 0.107813 0.225
12 0.738281 0.414062 0.08125 0.145313
13 0.807813 0.887109 0.0859375 0.0507812
13 0.946875 0.864844 0.0921875 0.071875
14 0.789844 0.192969 0.371875 0.375
