0 0.467578 0.392188 0.580469 0.778125
1 0.467187 0.171094 0.578125 0.335938
2 0.467187 0.534375 0.579688 0.495312
3 0.509766 0.614062 0.164844 0.2625
4 0.667188 0.489063 0.132812 0.153125
4 0.316406 0.494922 0.153125 0.152344
5 0.694141 0.0933594 0.225781 0.186719
6 0.703125 0.0421875 0.207813 0.084375
7 0.084375 0.73125 0.16875 0.117188
7 0.875781 0.778516 0.248438 0.155469
8 0.729688 0.866797 0.540625 0.266406
9 0.855469 0.278516 0.19375 0.153906
10 0.198047 0.1 0.396094 0.2
11 0.919922 0.114062 0.147656 0.228125
12 0.130469 0.237109 0.0515625 0.0835937
12 0.896484 0.608984 0.0742188 0.119531
13 0.0722656 0.180859 0.0695313 0.0335937
13 0.137109 0.307031 0.0445313 0.0359375
13 0.935156 0.447656 0.059375 0.025
13 0.811328 0.385547 0.0570312 0.0242188
13 0.817578 0.684766 0.0601563 0.0304687
13 0.942969 0.749219 0.05 0.0234375
13 0.828906 0.824609 0.0625 0.0273438
13 0.682813 0.792188 0.0609375 0.0234375
13 0.460156 0.798047 0.0578125 0.0320312
13 0.3125 0.890234 0.0671875 0.0273438
13 0.163672 0.807031 0.0460938 0.034375
13 0.071875 0.887109 0.0578125 0.0320312
13 0.139844 0.662109 0.0515625 0.0320312
13 0.0453125 0.663281 0.059375 0.040625
13 0.0367188 0.596094 0.0453125 0.0328125
14 0.212891 0.0582031 0.152344 0.116406
