0 0.499609 0.444922 0.355469 0.633594
1 0.496484 0.257812 0.344531 0.259375
2 0.5 0.557422 0.351562 0.408594
3 0.623828 0.588281 0.103906 0.310937
4 0.407422 0.497656 0.0835937 0.101562
5 0.619531 0.1625 0.167187 0.221875
6 0.663672 0.117188 0.0789062 0.13125
7 0.273047 0.663281 0.135156 0.0875
7 0.701953 0.642578 0.0867187 0.0945312
7 0.0601563 0.66875 0.120313 0.096875
8 0.801172 0.584766 0.280469 0.567969
9 0.864844 0.1375 0.246875 0.260937
10 0.40625 0.0976562 0.285938 0.107813
11 0.194922 0.490625 0.253906 0.714063
12 0.800781 0.842578 0.135937 0.211719
13 0.505469 0.913672 0.9875 0.172656
14 0.0992187 0.105859 0.198437 0.211719
