0 0.259375 0.633984 0.414062 0.732031
1 0.235156 0.528906 0.359375 0.29375
2 0.257031 0.792578 0.41875 0.414844
3 0.335156 0.890234 0.13125 0.219531
4 0.171875 0.7625 0.0796875 0.110937
4 0.310937 0.522656 0.0515625 0.08125
5 0.341406 0.245312 0.096875 0.489063
6 0.340625 0.139844 0.0984375 0.278125
7 0.730859 0.919922 0.538281 0.153906
8 0.578906 0.578125 0.275 0.504687
9 0.796484 0.153906 0.313281 0.29375
10 0.308594 0.191406 0.6 0.28125
10 0.869141 0.470313 0.261719 0.279687
11 0.778906 0.703125 0.146875 0.335938
12 0.905469 0.777344 0.109375 0.19375
13 0.5 0.955469 1 0.0890625
14 0.482812 0.417578 0.209375 0.253906
