0 0.459766 0.272266 0.338281 0.321094
1 0.460156 0.194141 0.340625 0.164844
2 0.456641 0.326953 0.241406 0.228906
3 0.412891 0.366016 0.0804688 0.152344
4 0.407422 0.326953 0.0320312 0.0382813
4 0.517578 0.292578 0.0554687 0.0585938
5 0.372656 0.113672 0.0859375 0.185156
6 0.364844 0.06875 0.071875 0.096875
7 0.414062 0.407031 0.451562 0.101562
8 0.454297 0.698828 0.142969 0.536719
9 0.841016 0.55625 0.247656 0.239063
10 0.170703 0.234766 0.307031 0.222656
10 0.692969 0.200781 0.23125 0.167187
11 0.116797 0.397656 0.141406 0.198437
12 0.0746094 0.35625 0.0398437 0.046875
12 0.149609 0.354297 0.0414062 0.0398437
13 0.273438 0.357812 0.0328125 0.0265625
13 0.335547 0.383984 0.0304687 0.0273438
13 0.616797 0.367969 0.0289063 0.021875
13 0.630469 0.315234 0.034375 0.0226562
14 0.878906 0.0933594 0.242188 0.186719
