0 0.369531 0.426953 0.528125 0.483594
1 0.369141 0.331641 0.528906 0.185156
2 0.375 0.535547 0.489063 0.266406
3 0.323828 0.559766 0.149219 0.217969
4 0.479297 0.508594 0.136719 0.121875
5 0.383984 0.136328 0.230469 0.235156
6 0.390625 0.105469 0.217188 0.171875
7 0.0746094 0.563672 0.130469 0.107031
7 0.7875 0.574219 0.360938 0.1625
8 0.275391 0.828516 0.178906 0.335156
9 0.647656 0.739453 0.239063 0.147656
10 0.661719 0.21875 0.573438 0.357812
11 0.112891 0.189844 0.225781 0.335938
12 0.0925781 0.815625 0.0523438 0.08125
12 0.370312 0.741016 0.0671875 0.102344
12 0.61875 0.873437 0.0625 0.096875
12 0.805859 0.838281 0.0710937 0.126562
13 0.0757812 0.712891 0.05 0.0648438
13 0.125781 0.885547 0.06875 0.0632812
13 0.470703 0.883203 0.0710937 0.0742188
13 0.773438 0.875391 0.125 0.0804688
13 0.885938 0.735547 0.0625 0.0429688
14 0.699609 0.0664062 0.175781 0.121875
