0 0.173047 0.689844 0.283594 0.620313
1 0.168359 0.517188 0.249219 0.195312
2 0.173828 0.791406 0.282031 0.417187
3 0.166406 0.925781 0.0765625 0.148438
4 0.146484 0.516797 0.0257812 0.0273438
4 0.184766 0.517188 0.0289063 0.0234375
4 0.151172 0.544922 0.0179687 0.0210938
4 0.181641 0.542188 0.0257812 0.021875
4 0.10625 0.675391 0.0796875 0.102344
4 0.252734 0.666406 0.0898438 0.101562
5 0.136719 0.397656 0.139063 0.314063
6 0.143359 0.307422 0.124219 0.133594
7 0.448047 0.962891 0.305469 0.0742188
8 0.596484 0.908203 0.571094 0.132031
9 0.463672 0.715234 0.258594 0.214844
10 0.703516 0.353125 0.592969 0.476562
11 0.523047 0.452734 0.0679687 0.166406
11 0.923438 0.860156 0.153125 0.279687
12 0.592969 0.111719 0.0359375 0.0734375
12 0.821094 0.0875 0.0421875 0.06875
12 0.8 0.553906 0.0734375 0.0984375
13 0.752344 0.973437 0.298438 0.0515625
13 0.521875 0.836328 0.403125 0.0773438
13 0.768359 0.850781 0.0914062 0.096875
14 0.108984 0.10625 0.217969 0.2125
