0 0.340625 0.462109 0.353125 0.410156
1 0.341406 0.420312 0.351562 0.325
2 0.348438 0.576953 0.289062 0.177344
3 0.277734 0.617969 0.0460938 0.0796875
4 0.405859 0.548438 0.0554687 0.053125
5 0.423828 0.279297 0.100781 0.163281
6 0.430859 0.241797 0.0867187 0.0882813
7 0.350391 0.758594 0.477344 0.182812
8 0.686328 0.921094 0.524219 0.157812
9 0.760547 0.584375 0.386719 0.198437
10 0.494922 0.214062 0.839844 0.304688
11 0.863672 0.386719 0.100781 0.228125
12 0.744531 0.428906 0.0546875 0.1125
12 0.68125 0.426953 0.059375 0.116406
13 0.535156 0.644141 0.0515625 0.0351562
13 0.482422 0.673047 0.0429688 0.0429688
13 0.391797 0.672656 0.0460938 0.025
13 0.326953 0.676562 0.0351562 0.0296875
13 0.260547 0.680078 0.0335937 0.0382813
13 0.194141 0.677734 0.0507812 0.0351562
13 0.217969 0.692187 0.01875 0.028125
14 0.763281 0.166016 0.142187 0.169531
