0 0.465625 0.419531 0.782813 0.407813
1 0.465625 0.349609 0.782813 0.235156
2 0.472266 0.495703 0.747656 0.253906
3 0.230078 0.553906 0.0898438 0.13125
3 0.584766 0.541016 0.107031 0.138281
4 0.235156 0.456641 0.0375 0.0382813
4 0.585547 0.45625 0.0273438 0.03125
4 0.789453 0.474219 0.0695313 0.13125
4 0.407031 0.512109 0.109375 0.0914062
5 0.363281 0.188281 0.367188 0.304688
6 0.375781 0.127344 0.345313 0.182812
7 0.157031 0.678125 0.314063 0.410938
7 0.911719 0.558594 0.129688 0.278125
8 0.582812 0.798828 0.83125 0.402344
9 0.572656 0.866016 0.3875 0.219531
10 0.5 0.182422 1 0.205469
11 0.896484 0.287891 0.191406 0.317969
12 0.785547 0.695312 0.0570312 0.09375
12 0.725 0.6625 0.0609375 0.09375
12 0.113672 0.655469 0.0382813 0.0640625
12 0.0601563 0.585938 0.0484375 0.0765625
13 0.5 0.757812 1 0.484375
14 0.0898438 0.096875 0.179688 0.19375
