0 0.585938 0.475 0.465625 0.38125
1 0.594531 0.389062 0.446875 0.209375
2 0.585938 0.572266 0.464062 0.186719
3 0.782422 0.596484 0.0664062 0.0851563
4 0.441797 0.532422 0.0601563 0.0664062
4 0.548047 0.531641 0.0507812 0.0539063
4 0.751563 0.399219 0.0421875 0.0484375
4 0.717187 0.528906 0.075 0.059375
5 0.615234 0.320703 0.235156 0.239844
6 0.624219 0.271484 0.217188 0.139844
7 0.187891 0.576172 0.374219 0.189844
7 0.904297 0.473047 0.191406 0.147656
8 0.504297 0.817187 0.592969 0.3625
9 0.181641 0.733984 0.172656 0.163281
10 0.285547 0.244531 0.508594 0.423438
10 0.769141 0.142187 0.449219 0.234375
11 0.880469 0.806641 0.107813 0.222656
12 0.366797 0.710156 0.0414062 0.0640625
13 0.667188 0.942578 0.0328125 0.0476562
13 0.767969 0.879297 0.0453125 0.0414062
14 0.557422 0.104688 0.144531 0.1625
