0 0.373437 0.284766 0.379688 0.325781
1 0.361328 0.235156 0.355469 0.1375
2 0.372266 0.359766 0.380469 0.174219
3 0.25625 0.390234 0.0640625 0.107031
4 0.457813 0.358984 0.1625 0.130469
4 0.271875 0.253516 0.0484375 0.0570312
5 0.399609 0.10625 0.125781 0.135937
6 0.385156 0.0800781 0.096875 0.0820312
7 0.196484 0.5125 0.227344 0.0828125
8 0.492188 0.692578 0.984375 0.160156
9 0.727734 0.426953 0.194531 0.186719
10 0.704297 0.144531 0.591406 0.289062
11 0.65625 0.23125 0.142187 0.1875
12 0.894531 0.452734 0.0421875 0.0648438
12 0.913672 0.517188 0.0429688 0.05
13 0.448828 0.53125 0.847656 0.175
14 0.912109 0.0949219 0.175781 0.189844
