0 0.40625 0.333594 0.328125 0.4625
1 0.387109 0.207422 0.292969 0.211719
2 0.406641 0.426172 0.324219 0.274219
3 0.515234 0.484766 0.0882813 0.139844
4 0.309375 0.378125 0.0640625 0.06875
4 0.415234 0.367969 0.0617188 0.0640625
4 0.510547 0.357812 0.0617188 0.0546875
4 0.392578 0.228516 0.136719 0.102344
5 0.572656 0.162109 0.210938 0.291406
6 0.573438 0.090625 0.209375 0.15
7 0.188281 0.489453 0.128125 0.125781
8 0.669531 0.608594 0.660937 0.1125
9 0.190625 0.807422 0.226562 0.257031
10 0.870313 0.308984 0.259375 0.150781
11 0.834375 0.814063 0.178125 0.295312
12 0.709766 0.74375 0.0757812 0.090625
12 0.50625 0.817969 0.0625 0.0859375
12 0.549609 0.947266 0.0585938 0.0773438
12 0.362891 0.855469 0.0570312 0.09375
13 0.141406 0.382422 0.05 0.0648438
13 0.15625 0.597656 0.05625 0.071875
13 0.364063 0.702344 0.0578125 0.06875
13 0.522266 0.712109 0.0617188 0.0476562
13 0.670312 0.432031 0.0671875 0.0671875
13 0.841406 0.55 0.0828125 0.071875
14 0.879687 0.0769531 0.192188 0.153906
