0 0.488672 0.325 0.383594 0.571875
1 0.483203 0.182812 0.372656 0.253125
2 0.489063 0.413672 0.385937 0.392969
3 0.457813 0.498828 0.109375 0.172656
4 0.558203 0.349219 0.0664062 0.09375
5 0.785156 0.0898438 0.429688 0.16875
6 0.791406 0.0742188 0.417187 0.132812
7 0.157422 0.377734 0.314844 0.275781
7 0.840625 0.458984 0.31875 0.285156
8 0.460547 0.785547 0.149219 0.425781
9 0.178906 0.115234 0.170313 0.230469
10 0.820312 0.153125 0.359375 0.30625
11 0.150781 0.65 0.14375 0.24375
11 0.795703 0.713281 0.136719 0.220312
12 0.539453 0.760938 0.0757812 0.1375
13 0.161328 0.834375 0.117969 0.0765625
13 0.307422 0.869531 0.0867187 0.0828125
13 0.681641 0.648047 0.0726563 0.0664062
13 0.667969 0.859766 0.075 0.0851563
14 0.395313 0.0792969 0.165625 0.158594
