0 0.474219 0.416016 0.370312 0.363281
1 0.474609 0.361719 0.371094 0.178125
2 0.470313 0.503125 0.332813 0.184375
3 0.366016 0.552344 0.0554687 0.059375
4 0.423828 0.5375 0.0507812 0.040625
4 0.505859 0.533594 0.0507812 0.0375
4 0.580078 0.533594 0.0554687 0.0390625
5 0.547656 0.221484 0.096875 0.214844
6 0.548828 0.175781 0.0992187 0.121875
7 0.654687 0.583594 0.0734375 0.0984375
7 0.283984 0.544531 0.0539063 0.0640625
8 0.276562 0.703125 0.239063 0.254688
9 0.767578 0.862891 0.305469 0.189844
10 0.363281 0.234375 0.673438 0.39375
11 0.801172 0.323437 0.316406 0.417187
12 0.491016 0.677734 0.0523438 0.0742188
12 0.748047 0.637891 0.0601563 0.0992187
13 0.2375 0.637891 0.028125 0.0257812
13 0.5375 0.723437 0.0296875 0.0265625
13 0.591016 0.6375 0.0289063 0.0265625
13 0.675391 0.738672 0.0414062 0.0335937
13 0.805078 0.5625 0.0398437 0.0328125
14 0.0953125 0.121875 0.190625 0.203125
