0 0.402344 0.416797 0.403125 0.617969
1 0.401562 0.266016 0.385937 0.267969
2 0.401953 0.555078 0.400781 0.346094
3 0.307422 0.634375 0.107031 0.170313
4 0.325781 0.460547 0.15 0.0492187
4 0.498828 0.464844 0.149219 0.0484375
5 0.509766 0.141797 0.114844 0.283594
6 0.525391 0.0589844 0.0789062 0.117969
7 0.432031 0.850781 0.585938 0.173437
8 0.888672 0.872656 0.222656 0.254688
9 0.813672 0.770312 0.241406 0.2
10 0.163281 0.191797 0.325 0.257031
10 0.774609 0.202734 0.450781 0.233594
11 0.801562 0.409375 0.342187 0.489063
12 0.0539063 0.819141 0.104688 0.227344
13 0.370312 0.953125 0.078125 0.0578125
13 0.513672 0.956641 0.132031 0.0429688
13 0.623828 0.966406 0.0804688 0.0515625
14 0.89375 0.110547 0.2125 0.210156
