0 0.392969 0.409766 0.485938 0.424219
1 0.433984 0.324609 0.385156 0.249219
2 0.391797 0.491797 0.486719 0.257031
3 0.259375 0.540625 0.104688 0.146875
4 0.342969 0.392188 0.09375 0.0859375
5 0.354687 0.161719 0.107813 0.320312
6 0.359375 0.110547 0.0984375 0.221094
7 0.81875 0.479687 0.357812 0.20625
8 0.18125 0.781641 0.3625 0.436719
9 0.581641 0.791016 0.200781 0.164844
10 0.499609 0.235547 0.999219 0.344531
11 0.717969 0.347266 0.185938 0.441406
12 0.733984 0.918359 0.0835937 0.146094
13 0.527344 0.896484 0.0921875 0.0742188
13 0.848437 0.853516 0.0765625 0.0617188
13 0.754687 0.740234 0.103125 0.0976562
13 0.453906 0.696875 0.075 0.0671875
13 0.0539063 0.603125 0.05 0.06875
14 0.0949219 0.110156 0.175781 0.220312
