0 0.111328 0.855078 0.222656 0.289844
1 0.0972656 0.875391 0.194531 0.0929688
2 0.100391 0.948828 0.200781 0.100781
3 0.207031 0.972656 0.0296875 0.0546875
4 0.102344 0.920703 0.0546875 0.0414062
5 0.116016 0.691797 0.146094 0.297656
6 0.115625 0.625781 0.142187 0.164062
7 0.318359 0.921484 0.177344 0.0523438
8 0.442188 0.494531 0.88125 0.940625
9 0.116797 0.391797 0.185156 0.183594
10 0.621875 0.149219 0.395313 0.298438
11 0.278125 0.645312 0.20625 0.342187
11 0.854688 0.829688 0.142187 0.265625
12 0.769141 0.910937 0.0445313 0.0609375
12 0.873437 0.898438 0.0484375 0.05
13 0.494922 0.486328 0.0429688 0.0414062
13 0.435156 0.658594 0.053125 0.0421875
13 0.931641 0.473828 0.0695313 0.0492187
13 0.829688 0.654297 0.0984375 0.0679687
14 0.875391 0.141016 0.249219 0.282031
