0 0.536719 0.421484 0.498437 0.571094
1 0.538281 0.261328 0.501563 0.250781
2 0.521875 0.535937 0.439063 0.342187
3 0.414844 0.633203 0.0828125 0.119531
4 0.507031 0.477344 0.248438 0.0765625
5 0.428516 0.144531 0.0664062 0.190625
6 0.428125 0.100781 0.065625 0.101562
7 0.153906 0.532422 0.30625 0.0820312
7 0.866016 0.573047 0.267969 0.0632812
8 0.507812 0.851172 0.414062 0.297656
9 0.879687 0.783594 0.2125 0.432812
10 0.179297 0.239063 0.358594 0.223438
10 0.808203 0.209375 0.383594 0.271875
11 0.14375 0.764453 0.184375 0.296094
12 0.0414062 0.875391 0.0484375 0.0789062
12 0.257422 0.862891 0.0429688 0.0664062
12 0.275781 0.767969 0.04375 0.0625
13 0.0226562 0.654297 0.01875 0.0195312
13 0.0625 0.600781 0.0328125 0.0171875
13 0.196094 0.586328 0.0296875 0.0164063
13 0.260156 0.607422 0.028125 0.0179687
13 0.763281 0.641016 0.0359375 0.0179687
13 0.858984 0.619531 0.0242188 0.009375
13 0.7625 0.691016 0.0375 0.0164063
13 0.775781 0.782422 0.028125 0.0148437
13 0.719531 0.839063 0.028125 0.0109375
13 0.744531 0.975781 0.025 0.015625
14 0.600781 0.0867187 0.145313 0.146875
