0 0.559766 0.438281 0.392969 0.426563
1 0.557031 0.330859 0.371875 0.127344
2 0.560547 0.515625 0.391406 0.271875
3 0.494531 0.58125 0.10625 0.123438
4 0.663281 0.451562 0.071875 0.075
4 0.474219 0.341016 0.0546875 0.0492187
5 0.622656 0.149609 0.0984375 0.274219
6 0.622656 0.11875 0.0984375 0.214062
7 0.869922 0.424609 0.260156 0.130469
8 0.376563 0.815234 0.435937 0.316406
9 0.891797 0.636719 0.216406 0.20625
10 0.401562 0.139063 0.228125 0.1
11 0.171094 0.329688 0.185938 0.414062
12 0.202734 0.708594 0.135156 0.160938
13 0.727344 0.75625 0.0453125 0.0265625
13 0.801953 0.787109 0.0476562 0.0257812
13 0.873828 0.780469 0.0320312 0.0234375
13 0.937891 0.785156 0.0367188 0.025
13 0.9625 0.808984 0.0265625 0.0195312
14 0.869922 0.090625 0.132031 0.129688
