0 0.362109 0.466016 0.305469 0.403906
1 0.358203 0.344531 0.297656 0.159375
2 0.362891 0.539062 0.303906 0.257812
3 0.415234 0.582422 0.102344 0.158594
4 0.283984 0.45625 0.0789062 0.0640625
5 0.494922 0.285156 0.149219 0.225
6 0.501563 0.21875 0.135937 0.0921875
7 0.636719 0.586719 0.257812 0.167187
8 0.372266 0.808984 0.171094 0.269531
9 0.573828 0.80625 0.216406 0.189062
10 0.426953 0.116797 0.280469 0.153906
11 0.880469 0.575 0.235937 0.551562
12 0.735938 0.761328 0.101562 0.191406
13 0.512891 0.945312 0.0695313 0.028125
13 0.696484 0.937891 0.0789062 0.0226562
13 0.875 0.941406 0.084375 0.0328125
14 0.123438 0.115625 0.214062 0.2125
