0 0.75625 0.591016 0.4875 0.817969
1 0.757812 0.328516 0.484375 0.289844
2 0.756641 0.725391 0.486719 0.549219
3 0.908203 0.888672 0.183594 0.222656
4 0.623047 0.764453 0.158594 0.157031
5 0.655859 0.217969 0.0914062 0.289062
6 0.645703 0.158594 0.0695313 0.16875
7 0.266016 0.891406 0.532031 0.217188
8 0.401562 0.688281 0.239063 0.178125
9 0.186719 0.607031 0.190625 0.176563
10 0.391406 0.176953 0.353125 0.269531
11 0.0863281 0.496875 0.163281 0.359375
12 0.0398437 0.782031 0.03125 0.0546875
12 0.0925781 0.777734 0.0273438 0.0476562
12 0.138281 0.784375 0.0328125 0.0625
12 0.181641 0.789453 0.0226562 0.0648438
13 0.0910156 0.735547 0.105469 0.0289063
13 0.272266 0.769141 0.136719 0.0304687
13 0.233984 0.460156 0.105469 0.0359375
13 0.429297 0.627734 0.100781 0.0492187
14 0.130469 0.125781 0.260937 0.251563
