0 0.745313 0.559375 0.20625 0.217188
1 0.745313 0.514453 0.20625 0.127344
2 0.744922 0.619531 0.141406 0.0984375
3 0.786719 0.646875 0.03125 0.040625
4 0.747266 0.605469 0.0398437 0.0328125
5 0.837109 0.445312 0.0867187 0.178125
6 0.841797 0.409766 0.0773438 0.105469
7 0.55625 0.8125 0.335938 0.296875
8 0.601562 0.833594 0.379688 0.3125
9 0.348438 0.794141 0.329688 0.325781
10 0.539062 0.199609 0.879687 0.314844
11 0.172656 0.597266 0.323437 0.710156
12 0.561328 0.671875 0.0789062 0.114062
12 0.812109 0.835156 0.0742188 0.115625
12 0.942187 0.68125 0.0921875 0.126562
13 0.925391 0.840625 0.0445313 0.053125
13 0.710156 0.944922 0.0515625 0.0476562
13 0.900781 0.564453 0.0625 0.0507812
14 0.725 0.110937 0.228125 0.201563
