0 0.436328 0.334766 0.446094 0.407031
1 0.436719 0.248438 0.445312 0.167187
2 0.39375 0.423047 0.285938 0.232031
3 0.447656 0.477734 0.0796875 0.100781
4 0.382031 0.386328 0.160938 0.102344
5 0.491016 0.137109 0.132031 0.241406
6 0.490625 0.0835937 0.13125 0.134375
7 0.153125 0.491797 0.273438 0.103906
7 0.736719 0.465234 0.414062 0.136719
8 0.185938 0.764062 0.24375 0.4625
9 0.725781 0.684375 0.157812 0.1625
10 0.144141 0.190234 0.227344 0.282031
10 0.775781 0.167578 0.203125 0.282031
11 0.792969 0.335547 0.0578125 0.102344
11 0.869922 0.317578 0.0601563 0.105469
12 0.560937 0.369141 0.059375 0.0820312
13 0.119531 0.408594 0.109375 0.059375
13 0.652344 0.381641 0.09375 0.0617188
14 0.281641 0.0652344 0.108594 0.130469
