0 0.678516 0.527734 0.163281 0.189844
1 0.678516 0.494922 0.163281 0.124219
2 0.677734 0.582812 0.103906 0.0796875
3 0.701172 0.595703 0.0257812 0.0429688
4 0.675391 0.512109 0.0320312 0.0320312
4 0.658203 0.577734 0.0398437 0.0429688
5 0.812109 0.396094 0.208594 0.192188
6 0.814844 0.371094 0.203125 0.142187
7 0.828906 0.606641 0.207813 0.0664062
7 0.535547 0.609375 0.186719 0.0484375
8 0.701953 0.753906 0.0492187 0.28125
9 0.414062 0.803906 0.153125 0.153125
10 0.352734 0.401172 0.414844 0.155469
11 0.229687 0.591016 0.140625 0.166406
11 0.390234 0.563281 0.149219 0.175
12 0.825781 0.757422 0.0765625 0.113281
12 0.570312 0.813672 0.0796875 0.117969
13 0.812891 0.887891 0.0617188 0.0335937
13 0.785937 0.680078 0.059375 0.0367188
13 0.560156 0.695312 0.05 0.0265625
14 0.711719 0.0792969 0.0625 0.0632812
