0 0.484375 0.284375 0.3625 0.434375
1 0.482031 0.185938 0.360938 0.215625
2 0.490625 0.370312 0.259375 0.25625
3 0.5125 0.43125 0.05625 0.090625
4 0.429688 0.345313 0.065625 0.08125
4 0.566406 0.328125 0.0515625 0.071875
4 0.471094 0.185156 0.0796875 0.0671875
5 0.659375 0.096875 0.2375 0.173437
6 0.6625 0.0414062 0.23125 0.0625
7 0.553906 0.46875 0.354687 0.314063
8 0.258594 0.642188 0.517188 0.339062
9 0.688281 0.634375 0.301563 0.204687
10 0.233594 0.162109 0.267188 0.324219
10 0.821875 0.248438 0.215625 0.125
11 0.849219 0.4625 0.173437 0.2625
11 0.9 0.600781 0.1625 0.207813
12 0.339062 0.805469 0.0796875 0.146875
12 0.428906 0.810156 0.075 0.1625
12 0.528906 0.817969 0.075 0.15625
13 0.757812 0.86875 0.232813 0.0765625
13 0.252344 0.68125 0.365625 0.479687
14 0.826172 0.120313 0.171094 0.192188
