0 0.565234 0.264062 0.522656 0.445312
1 0.564453 0.148047 0.516406 0.210156
2 0.551562 0.357422 0.459375 0.255469
3 0.429297 0.423438 0.0867187 0.11875
4 0.593359 0.332813 0.0710937 0.05625
5 0.350781 0.0828125 0.05625 0.160938
6 0.35 0.0417969 0.059375 0.0804688
7 0.167578 0.134375 0.335156 0.103125
7 0.0570312 0.727734 0.114062 0.105469
7 0.254688 0.583594 0.207813 0.225
8 0.403516 0.673828 0.588281 0.399219
9 0.821484 0.802734 0.353906 0.322656
10 0.892578 0.116406 0.213281 0.229687
11 0.0546875 0.547656 0.0859375 0.242188
12 0.421875 0.830469 0.0640625 0.090625
12 0.522656 0.527734 0.0578125 0.0632812
12 0.597656 0.539062 0.05625 0.071875
12 0.661328 0.560547 0.0664062 0.0726563
13 0.167969 0.405078 0.335938 0.525781
14 0.053125 0.0667969 0.10625 0.132031
