0 0.372656 0.367969 0.725 0.651563
1 0.375391 0.214844 0.724219 0.228125
2 0.375391 0.46875 0.728906 0.451562
3 0.319531 0.565234 0.101562 0.175781
4 0.169922 0.359766 0.135156 0.121094
4 0.461328 0.348438 0.139844 0.0890625
5 0.521484 0.0652344 0.0679687 0.130469
6 0.525 0.0195312 0.0203125 0.0390625
7 0.4 0.60625 0.8 0.525
8 0.312109 0.821484 0.100781 0.357031
9 0.791406 0.860156 0.2375 0.16875
10 0.811328 0.119531 0.377344 0.239063
11 0.878125 0.463672 0.18125 0.410156
12 0.5125 0.913672 0.053125 0.108594
13 0.168359 0.714844 0.258594 0.126562
13 0.551562 0.597266 0.420312 0.421094
14 0.869141 0.0355469 0.116406 0.0710937
