0 0.210156 0.667969 0.420312 0.664062
1 0.208594 0.45625 0.417187 0.240625
2 0.190625 0.778906 0.285938 0.442188
3 0.253906 0.904687 0.126562 0.190625
4 0.109766 0.663281 0.0679687 0.05625
4 0.218359 0.662891 0.0601563 0.0460938
5 0.148438 0.35 0.0671875 0.151562
6 0.147656 0.315625 0.0625 0.0765625
7 0.0269531 0.914844 0.0539063 0.0921875
7 0.340234 0.923828 0.0710937 0.141406
8 0.654687 0.717187 0.690625 0.203125
9 0.766016 0.873047 0.278906 0.178906
10 0.738672 0.304297 0.380469 0.296094
11 0.901953 0.5875 0.157031 0.195312
12 0.534766 0.905859 0.108594 0.136719
13 0.470313 0.968359 0.05625 0.0492187
14 0.867578 0.114062 0.217969 0.204687
