0 0.375391 0.358594 0.424219 0.646875
1 0.378125 0.221094 0.415625 0.370312
2 0.374609 0.518359 0.422656 0.327344
3 0.309375 0.575 0.109375 0.176563
4 0.235547 0.432812 0.0914062 0.078125
4 0.415234 0.438281 0.102344 0.0796875
4 0.533984 0.466406 0.0929688 0.101562
5 0.292578 0.127344 0.0898438 0.254688
6 0.299219 0.0351562 0.075 0.0703125
7 0.10625 0.560937 0.128125 0.21875
7 0.690625 0.568359 0.242188 0.205469
7 0.939063 0.576172 0.121875 0.197656
8 0.301953 0.826562 0.482031 0.346875
9 0.727344 0.835938 0.478125 0.2875
10 0.169141 0.0878906 0.338281 0.163281
10 0.626172 0.117578 0.239844 0.121094
11 0.830078 0.405469 0.311719 0.596875
11 0.0683594 0.407031 0.136719 0.529687
12 0.0445313 0.767188 0.0875 0.140625
12 0.966406 0.899609 0.0671875 0.175781
13 0.947656 0.7 0.0296875 0.0265625
13 0.884766 0.966406 0.0304687 0.021875
13 0.575781 0.699609 0.028125 0.0242188
13 0.0285156 0.907813 0.0335937 0.025
13 0.116797 0.680469 0.0304687 0.0203125
14 0.873437 0.0898438 0.253125 0.179688
