0 0.463672 0.489063 0.267969 0.554688
1 0.459766 0.414844 0.258594 0.225
2 0.464453 0.642188 0.267969 0.248438
3 0.463281 0.709375 0.125 0.114062
4 0.457813 0.592578 0.0609375 0.0585938
4 0.541016 0.584766 0.0867187 0.0695313
4 0.383203 0.590625 0.0914062 0.075
5 0.629687 0.203906 0.3875 0.242188
6 0.650391 0.140234 0.347656 0.116406
7 0.801953 0.485938 0.382031 0.0984375
8 0.561719 0.884375 0.315625 0.23125
9 0.795312 0.816797 0.289062 0.235156
10 0.510156 0.114844 0.95625 0.19375
11 0.176563 0.370703 0.259375 0.357031
12 0.269141 0.858984 0.110156 0.178906
12 0.133203 0.867969 0.136719 0.217188
13 0.394922 0.94375 0.0835937 0.034375
13 0.359375 0.823047 0.0578125 0.0273438
13 0.149219 0.683984 0.065625 0.0289063
13 0.262109 0.569531 0.0554687 0.0296875
13 0.723437 0.628906 0.084375 0.0234375
13 0.899609 0.619922 0.0867187 0.0304687
13 0.911719 0.953516 0.0828125 0.0335937
14 0.230859 0.0566406 0.133594 0.105469
