0 0.4 0.709766 0.409375 0.580469
1 0.389453 0.540234 0.388281 0.241406
2 0.4 0.812891 0.409375 0.374219
3 0.416406 0.889453 0.117188 0.221094
4 0.249219 0.7 0.084375 0.11875
5 0.55625 0.463672 0.154688 0.189844
6 0.585547 0.424219 0.0960938 0.110937
7 0.106641 0.774219 0.213281 0.254688
8 0.425391 0.633594 0.766406 0.732812
9 0.0914062 0.775391 0.153125 0.130469
10 0.494141 0.133594 0.988281 0.267188
11 0.640234 0.697656 0.0851563 0.176563
12 0.135547 0.58125 0.0804688 0.132812
12 0.183203 0.899609 0.0601563 0.0945312
13 0.0703125 0.637891 0.0703125 0.0367188
13 0.05 0.928516 0.071875 0.0414062
13 0.116016 0.934766 0.0835937 0.0460938
14 0.841406 0.0777344 0.196875 0.155469
