0 0.194141 0.355859 0.139844 0.319531
1 0.18125 0.278125 0.107813 0.126562
2 0.194531 0.416797 0.1375 0.196094
3 0.167969 0.4625 0.0390625 0.0984375
4 0.174219 0.373828 0.0625 0.0695313
5 0.220312 0.199609 0.0515625 0.246094
6 0.220312 0.132031 0.0515625 0.109375
7 0.505469 0.910156 0.985938 0.179688
8 0.0722656 0.202344 0.144531 0.373437
9 0.917969 0.721875 0.1625 0.232813
10 0.639453 0.185938 0.719531 0.371875
11 0.409375 0.282813 0.123438 0.259375
12 0.537891 0.678906 0.150781 0.276562
13 0.434766 0.773047 0.861719 0.185156
14 0.928906 0.0835937 0.140625 0.167187
