0 0.319531 0.363281 0.232813 0.309375
1 0.319141 0.282031 0.232031 0.148438
2 0.319141 0.433203 0.164844 0.169531
3 0.373437 0.469141 0.0515625 0.0960938
4 0.296875 0.4125 0.0421875 0.05625
5 0.453906 0.206641 0.16875 0.186719
6 0.483984 0.166797 0.108594 0.107031
7 0.316406 0.565625 0.323437 0.103125
8 0.501563 0.744531 0.996875 0.18125
9 0.594531 0.501563 0.203125 0.132812
10 0.422266 0.323828 0.819531 0.399219
11 0.73125 0.355078 0.204687 0.349219
12 0.557031 0.622266 0.046875 0.0820312
12 0.698438 0.610938 0.046875 0.0734375
12 0.840625 0.598437 0.04375 0.08125
13 0.63125 0.649219 0.0484375 0.01875
13 0.774219 0.637891 0.0515625 0.0164063
13 0.911328 0.638281 0.0507812 0.0171875
14 0.879297 0.109375 0.241406 0.21875
