0 0.719922 0.499609 0.255469 0.339844
1 0.719531 0.46875 0.253125 0.123438
2 0.717578 0.594531 0.228906 0.15
3 0.676172 0.604688 0.0757812 0.109375
4 0.762891 0.575781 0.0757812 0.0578125
5 0.806641 0.31875 0.244531 0.196875
6 0.822266 0.266406 0.213281 0.09375
7 0.378125 0.600391 0.429688 0.103906
8 0.504687 0.813672 0.40625 0.313281
9 0.203125 0.753125 0.220312 0.135937
10 0.3375 0.345313 0.65 0.407813
11 0.8875 0.660937 0.1625 0.396875
12 0.658594 0.856641 0.121875 0.147656
13 0.537891 0.924219 0.0976562 0.0453125
13 0.220703 0.887891 0.0945312 0.0507812
13 0.451562 0.708984 0.090625 0.0492187
14 0.709375 0.135156 0.271875 0.217188
