0 0.225781 0.501953 0.376563 0.661719
1 0.226953 0.312109 0.378906 0.283594
2 0.221094 0.612109 0.367188 0.436719
3 0.278906 0.694531 0.146875 0.260937
4 0.165625 0.533203 0.125 0.114844
5 0.344922 0.176563 0.182031 0.353125
6 0.347266 0.110156 0.183594 0.220312
7 0.53125 0.925391 0.239063 0.142969
8 0.286328 0.908984 0.192969 0.182031
9 0.532813 0.940234 0.225 0.116406
10 0.571484 0.597656 0.396094 0.490625
11 0.845703 0.567187 0.308594 0.803125
12 0.109375 0.893359 0.096875 0.130469
13 0.0230469 0.858594 0.0445313 0.0421875
13 0.18125 0.970313 0.03125 0.0203125
13 0.484375 0.798828 0.034375 0.0382813
13 0.632422 0.839453 0.0523438 0.0398437
13 0.722266 0.9125 0.0351562 0.01875
13 0.696484 0.956641 0.0304687 0.0257812
13 0.565234 0.859375 0.0195312 0.025
13 0.405078 0.811719 0.0242188 0.025
14 0.7125 0.160938 0.573438 0.321875
