0 0.522266 0.255859 0.517969 0.494531
1 0.519922 0.187891 0.513281 0.211719
2 0.530859 0.365625 0.410156 0.278125
3 0.59375 0.425781 0.13125 0.126562
4 0.4375 0.393359 0.109375 0.102344
5 0.511719 0.0488281 0.245312 0.0898438
6 0.478516 0.0457031 0.177344 0.0757812
7 0.175781 0.446875 0.351562 0.254688
8 0.3375 0.732812 0.670312 0.534375
9 0.146094 0.60625 0.246875 0.157812
10 0.276562 0.194531 0.440625 0.389062
11 0.858984 0.314844 0.282031 0.629687
12 0.808984 0.689844 0.0820312 0.176563
13 0.791016 0.534375 0.146094 0.0578125
13 0.779687 0.583203 0.132812 0.0554687
14 0.142187 0.157812 0.284375 0.315625
