0 0.465234 0.503516 0.513281 0.664844
1 0.465234 0.348828 0.513281 0.249219
2 0.460156 0.644922 0.467187 0.382031
3 0.455469 0.74375 0.167187 0.182812
4 0.351562 0.550781 0.125 0.11875
4 0.590234 0.560156 0.139844 0.121875
5 0.685156 0.138672 0.303125 0.197656
6 0.688672 0.117188 0.296094 0.154688
7 0.136719 0.417187 0.273438 0.123438
7 0.807422 0.447266 0.260156 0.149219
8 0.5 0.9125 1 0.175
9 0.123438 0.635547 0.240625 0.319531
10 0.393359 0.1375 0.764844 0.275
11 0.869922 0.461328 0.260156 0.739844
12 0.708984 0.659766 0.0507812 0.119531
12 0.826953 0.645703 0.0460938 0.157031
12 0.866797 0.651172 0.0492187 0.133594
13 0.0625 0.493359 0.0265625 0.0242188
13 0.0304687 0.785547 0.028125 0.0226562
13 0.576172 0.862109 0.0320312 0.0226562
13 0.892578 0.875 0.0351562 0.021875
13 0.708984 0.564453 0.0304687 0.0210938
13 0.869531 0.545312 0.0359375 0.0234375
14 0.370312 0.0527344 0.171875 0.0476562
