0 0.746484 0.742969 0.507031 0.514062
1 0.747266 0.636328 0.505469 0.228906
2 0.756641 0.857812 0.486719 0.284375
3 0.596875 0.903516 0.120313 0.192969
4 0.754297 0.794141 0.0867187 0.0773438
4 0.926172 0.793359 0.105469 0.0773438
4 0.572266 0.660547 0.0789062 0.0742188
5 0.814453 0.410938 0.371094 0.246875
6 0.822656 0.382422 0.354687 0.189844
7 0.283203 0.812109 0.467969 0.375781
8 0.644922 0.341797 0.347656 0.382031
9 0.248828 0.496875 0.497656 0.382812
10 0.510156 0.101172 0.979688 0.202344
11 0.108594 0.197656 0.0734375 0.09375
11 0.237891 0.190625 0.0851563 0.09375
11 0.563281 0.166016 0.0796875 0.0945312
11 0.688281 0.164062 0.0828125 0.0828125
11 0.876563 0.164844 0.0703125 0.090625
11 0.970313 0.159766 0.059375 0.0757812
11 0.0328125 0.393359 0.046875 0.0820312
11 0.0957031 0.354297 0.0570312 0.0851563
11 0.164453 0.345703 0.0554687 0.0742188
11 0.225781 0.334766 0.0484375 0.0632812
11 0.289844 0.335547 0.0484375 0.0679687
11 0.350781 0.342578 0.0421875 0.0742188
11 0.400391 0.353125 0.0476562 0.078125
11 0.45 0.388281 0.0390625 0.0765625
11 0.476172 0.452734 0.0320312 0.0726563
11 0.475781 0.528516 0.040625 0.0664062
11 0.439453 0.596484 0.0460938 0.0742188
11 0.375 0.613672 0.0421875 0.0710937
11 0.3 0.632031 0.046875 0.08125
11 0.230078 0.642188 0.0507812 0.075
11 0.169141 0.651172 0.0570312 0.0757812
11 0.108984 0.651953 0.0507812 0.0742188
11 0.046875 0.639062 0.0640625 0.0875
12 0.306641 0.735938 0.0492187 0.065625
12 0.376563 0.73125 0.05 0.06875
12 0.451172 0.727344 0.0539063 0.0703125
12 0.476172 0.810547 0.0523438 0.0742188
12 0.407031 0.810937 0.05 0.0734375
12 0.332422 0.810156 0.0507812 0.078125
12 0.265234 0.814453 0.0476562 0.0773438
12 0.194922 0.825781 0.0414062 0.0703125
13 0.14375 0.913672 0.028125 0.0429688
13 0.201172 0.904687 0.0226562 0.040625
13 0.261719 0.900391 0.0375 0.0429688
13 0.325 0.902734 0.0375 0.0460938
13 0.389062 0.900781 0.040625 0.0453125
13 0.457813 0.902734 0.0453125 0.0445313
13 0.471094 0.972656 0.040625 0.0375
13 0.406641 0.975 0.0367188 0.0359375
13 0.344922 0.975781 0.0398437 0.0390625
13 0.110547 0.976953 0.0289063 0.0398437
13 0.169922 0.977734 0.0320312 0.0414062
13 0.232422 0.976953 0.0398437 0.0414062
13 0.288672 0.975391 0.0382813 0.0398437
14 0.424219 0.0902344 0.146875 0.139844
