0 0.413281 0.333203 0.345313 0.630469
1 0.403516 0.129688 0.307031 0.221875
2 0.410938 0.411719 0.345313 0.475
3 0.442969 0.544141 0.146875 0.189844
4 0.303125 0.342578 0.06875 0.0914062
4 0.415625 0.330859 0.142187 0.133594
5 0.677734 0.0878906 0.400781 0.164844
6 0.723437 0.0632812 0.310937 0.115625
7 0.832031 0.736719 0.335938 0.175
7 0.355078 0.819922 0.377344 0.202344
8 0.586328 0.798438 0.185156 0.357812
9 0.74375 0.385547 0.15625 0.191406
10 0.121875 0.457813 0.195312 0.159375
10 0.900781 0.429297 0.171875 0.122656
11 0.147656 0.266406 0.140625 0.24375
12 0.876172 0.219922 0.147656 0.186719
13 0.682422 0.551172 0.103906 0.161719
13 0.143359 0.601172 0.144531 0.155469
14 0.199219 0.0746094 0.16875 0.149219
