0 0.478125 0.381641 0.407813 0.414844
1 0.479687 0.301953 0.404687 0.236719
2 0.475391 0.452344 0.403906 0.273438
3 0.363672 0.515234 0.0632812 0.146094
4 0.364844 0.383594 0.05 0.053125
5 0.407422 0.175781 0.0570312 0.217188
6 0.409766 0.125781 0.0523438 0.115625
7 0.836328 0.368359 0.327344 0.0820312
8 0.310547 0.775781 0.244531 0.395313
9 0.639844 0.728516 0.24375 0.196094
10 0.499609 0.239844 0.999219 0.392188
11 0.748437 0.25625 0.153125 0.1875
12 0.876563 0.806641 0.0875 0.128906
13 0.773828 0.888281 0.0570312 0.0421875
13 0.918359 0.59375 0.0539063 0.04375
13 0.834766 0.520312 0.0492187 0.040625
13 0.678516 0.561328 0.0539063 0.0429688
14 0.101953 0.0847656 0.147656 0.132031
