0 0.653906 0.319922 0.2625 0.222656
1 0.653906 0.273828 0.260937 0.128906
2 0.653516 0.372266 0.255469 0.119531
3 0.580469 0.391797 0.040625 0.0742188
4 0.697656 0.368359 0.0796875 0.0492187
5 0.793359 0.208984 0.160156 0.149219
6 0.803906 0.178906 0.139063 0.0890625
7 0.416016 0.483984 0.232031 0.357031
7 0.752344 0.529687 0.423438 0.45625
8 0.444922 0.682422 0.467969 0.371094
9 0.801172 0.621094 0.169531 0.11875
10 0.332422 0.160547 0.597656 0.177344
11 0.1375 0.566406 0.246875 0.459375
12 0.253516 0.94375 0.0585938 0.078125
12 0.411328 0.852344 0.0539063 0.071875
12 0.601953 0.704297 0.0539063 0.0898438
13 0.337891 0.88125 0.0382813 0.0390625
13 0.262109 0.735547 0.0382813 0.0414062
13 0.402344 0.640625 0.0359375 0.0359375
13 0.505859 0.755469 0.0320312 0.03125
14 0.319531 0.131641 0.173437 0.160156
