0 0.473047 0.387109 0.353906 0.482031
1 0.476172 0.275 0.346094 0.257812
2 0.471094 0.507812 0.35 0.240625
3 0.467578 0.542188 0.138281 0.160938
4 0.578516 0.460156 0.0617188 0.0671875
4 0.360547 0.460547 0.0523438 0.0695313
5 0.614062 0.150781 0.15 0.292187
6 0.61875 0.0703125 0.140625 0.132812
7 0.814844 0.544141 0.35625 0.144531
7 0.150781 0.578125 0.298438 0.142187
8 0.472266 0.805078 0.277344 0.366406
9 0.796875 0.805859 0.271875 0.182031
10 0.291406 0.169922 0.557813 0.266406
10 0.782813 0.213672 0.39375 0.357031
11 0.152734 0.407422 0.222656 0.325781
12 0.728516 0.675 0.0648438 0.0890625
12 0.2625 0.73125 0.0546875 0.09375
12 0.106641 0.810937 0.0601563 0.104688
13 0.614453 0.677734 0.0429688 0.0195312
13 0.904687 0.64375 0.05 0.0234375
13 0.341016 0.793359 0.0460938 0.0195312
13 0.226953 0.810156 0.0398437 0.0203125
14 0.885156 0.103516 0.21875 0.207031
