0 0.524219 0.479687 0.851562 0.714063
1 0.523828 0.388672 0.838281 0.244531
2 0.525391 0.653125 0.841406 0.365625
3 0.780859 0.677344 0.163281 0.248438
4 0.46875 0.388672 0.160938 0.0992187
4 0.290625 0.614844 0.139063 0.126562
5 0.302734 0.169531 0.108594 0.232813
6 0.290234 0.0996094 0.0867187 0.0929688
7 0.367578 0.916016 0.511719 0.167969
8 0.774609 0.894141 0.291406 0.211719
9 0.716016 0.126953 0.269531 0.199219
10 0.130078 0.251172 0.260156 0.180469
11 0.0488281 0.727344 0.0976562 0.545312
12 0.576562 0.208203 0.04375 0.0507812
12 0.825391 0.223047 0.0445313 0.0523438
12 0.866797 0.0757812 0.0429688 0.053125
12 0.600391 0.0460938 0.0414062 0.0578125
13 0.934375 0.892188 0.0796875 0.0328125
13 0.941016 0.352344 0.0882813 0.053125
14 0.127734 0.0628906 0.125781 0.125781
