0 0.7625 0.439453 0.339062 0.474219
1 0.769922 0.291797 0.294531 0.178906
2 0.758984 0.517969 0.332031 0.315625
3 0.754297 0.603906 0.0742188 0.132812
4 0.676172 0.45 0.0679687 0.053125
4 0.850391 0.447656 0.0554687 0.0375
5 0.895703 0.204687 0.125781 0.34375
6 0.895703 0.147656 0.127344 0.229687
7 0.685937 0.448828 0.490625 0.747656
8 0.258984 0.253516 0.422656 0.507031
9 0.313281 0.203906 0.26875 0.295312
10 0.212891 0.898828 0.330469 0.202344
11 0.459766 0.8375 0.269531 0.325
12 0.674609 0.927734 0.0945312 0.144531
12 0.815234 0.926953 0.0742188 0.144531
13 0.739453 0.972656 0.521094 0.0546875
14 0.21875 0.0808594 0.175 0.161719
