0 0.435156 0.271875 0.3875 0.410938
1 0.426953 0.191797 0.385156 0.205469
2 0.433594 0.351172 0.376563 0.246094
3 0.462891 0.375 0.161719 0.171875
4 0.444531 0.351172 0.05625 0.0601563
5 0.485156 0.0972656 0.075 0.194531
6 0.480469 0.0292969 0.05625 0.0585938
7 0.446875 0.478516 0.592187 0.133594
8 0.460938 0.733594 0.492188 0.532813
9 0.826562 0.559375 0.334375 0.159375
10 0.178125 0.24375 0.334375 0.401562
10 0.782813 0.189844 0.434375 0.35
11 0.767969 0.187891 0.260937 0.375781
12 0.215625 0.627344 0.065625 0.090625
12 0.332813 0.617969 0.0578125 0.0765625
13 0.489844 0.652344 0.979688 0.651563
14 0.112891 0.145703 0.225781 0.291406
