0 0.430078 0.342187 0.703906 0.615625
1 0.427734 0.165625 0.696094 0.25
2 0.405078 0.45625 0.491406 0.3875
3 0.444531 0.566406 0.107813 0.154688
3 0.555859 0.702344 0.149219 0.126562
4 0.267969 0.395313 0.126562 0.128125
4 0.546484 0.4 0.146094 0.1375
5 0.619531 0.0894531 0.167187 0.178906
6 0.619531 0.0277344 0.170313 0.0554687
7 0.272656 0.376563 0.525 0.753125
7 0.782031 0.365625 0.3375 0.73125
8 0.539453 0.812109 0.253906 0.375781
9 0.897266 0.858203 0.205469 0.283594
10 0.958594 0.0316406 0.0828125 0.0632812
11 0.746875 0.504297 0.15625 0.350781
12 0.130078 0.147656 0.0585938 0.0859375
12 0.196094 0.158203 0.0484375 0.0804688
12 0.708203 0.170313 0.0523438 0.09375
12 0.763281 0.124609 0.046875 0.0757812
12 0.800781 0.266797 0.059375 0.0898438
12 0.659375 0.550391 0.0703125 0.103906
12 0.123047 0.327734 0.0570312 0.0882813
12 0.145313 0.448047 0.05 0.0835937
12 0.130859 0.607422 0.0648438 0.0976562
13 0.241406 0.66875 0.0890625 0.0515625
13 0.316016 0.655469 0.0695313 0.03125
13 0.665625 0.633984 0.0734375 0.0429688
13 0.816016 0.5125 0.0773438 0.0453125
13 0.812891 0.597266 0.0789062 0.0398437
13 0.678125 0.494531 0.059375 0.0375
13 0.663281 0.392578 0.0578125 0.0476562
13 0.728906 0.310547 0.121875 0.0523438
13 0.149219 0.0832031 0.078125 0.0460938
13 0.249609 0.0992187 0.0789062 0.046875
13 0.278906 0.130469 0.0640625 0.028125
13 0.133984 0.196875 0.0789062 0.04375
13 0.174219 0.167187 0.0484375 0.040625
13 0.715625 0.0804688 0.114062 0.046875
13 0.828125 0.113281 0.0703125 0.046875
13 0.7875 0.179688 0.0890625 0.0546875
14 0.0683594 0.0726563 0.136719 0.145313
