0 0.519922 0.5375 0.407031 0.34375
1 0.440625 0.398047 0.2125 0.0664062
2 0.461719 0.546484 0.284375 0.285156
2 0.638281 0.619141 0.1625 0.177344
3 0.450391 0.642188 0.0960938 0.09375
4 0.447266 0.478125 0.135156 0.075
5 0.570703 0.372266 0.0648438 0.113281
6 0.580469 0.35625 0.0453125 0.0859375
7 0.80625 0.627344 0.19375 0.167187
7 0.233594 0.6125 0.201563 0.1625
8 0.444531 0.839453 0.129688 0.321094
9 0.673047 0.839453 0.349219 0.235156
10 0.325781 0.267188 0.321875 0.176563
11 0.111328 0.780078 0.144531 0.250781
12 0.26875 0.778125 0.0390625 0.0609375
12 0.381641 0.787891 0.0617188 0.0585938
12 0.873828 0.765234 0.0476562 0.0695313
12 0.619531 0.974609 0.0390625 0.0429688
13 0.2 0.790234 0.0625 0.0414062
13 0.335938 0.867578 0.0578125 0.0367188
13 0.277344 0.95 0.053125 0.0359375
13 0.764844 0.978906 0.0546875 0.0296875
13 0.595703 0.717187 0.0507812 0.021875
14 0.805859 0.317188 0.207031 0.226562
