0 0.455078 0.351562 0.266406 0.328125
1 0.446094 0.257422 0.248438 0.138281
2 0.45625 0.414062 0.265625 0.204687
3 0.528516 0.43125 0.0757812 0.128125
4 0.391797 0.383594 0.0617188 0.0609375
5 0.537109 0.224609 0.0664062 0.142969
6 0.5375 0.176563 0.0671875 0.046875
7 0.174609 0.505859 0.325781 0.122656
7 0.610938 0.453906 0.08125 0.059375
7 0.858203 0.457422 0.283594 0.0804688
8 0.574609 0.744141 0.560156 0.511719
9 0.753906 0.664844 0.221875 0.2
10 0.366016 0.0847656 0.271094 0.107031
11 0.7 0.336719 0.176563 0.33125
12 0.175391 0.645703 0.0507812 0.0726563
12 0.0757812 0.838281 0.059375 0.0875
12 0.286719 0.783203 0.059375 0.0835937
13 0.0507812 0.732031 0.028125 0.015625
13 0.10625 0.689063 0.0296875 0.0234375
13 0.0765625 0.602344 0.0390625 0.021875
13 0.148047 0.78125 0.0320312 0.0234375
13 0.239453 0.7125 0.0289063 0.0171875
13 0.262891 0.59375 0.0304687 0.01875
13 0.345313 0.680078 0.034375 0.0273438
13 0.1375 0.923828 0.0296875 0.0195312
13 0.0394531 0.929297 0.0304687 0.0226562
13 0.250781 0.894141 0.0265625 0.0179687
13 0.582031 0.526172 0.03125 0.0164063
13 0.610938 0.625391 0.028125 0.0148437
13 0.688281 0.542969 0.03125 0.015625
13 0.839453 0.539062 0.0304687 0.01875
13 0.94375 0.644141 0.0375 0.0195312
13 0.892969 0.747656 0.0328125 0.0203125
13 0.691406 0.803125 0.0296875 0.0203125
13 0.823828 0.857422 0.0304687 0.0195312
14 0.0820312 0.110547 0.164062 0.221094
