0 0.469141 0.476953 0.675781 0.803906
1 0.470313 0.360156 0.675 0.428125
2 0.458984 0.705078 0.411719 0.344531
3 0.437891 0.766406 0.183594 0.214062
4 0.577344 0.616797 0.139063 0.0992187
5 0.598437 0.127734 0.303125 0.213281
6 0.637891 0.0671875 0.235156 0.0875
7 0.499219 0.848437 0.998437 0.301563
8 0.146094 0.596094 0.292187 0.0875
8 0.824219 0.617969 0.351562 0.084375
9 0.835938 0.654687 0.196875 0.132812
10 0.146094 0.248438 0.292187 0.326562
11 0.80625 0.291406 0.309375 0.409375
12 0.778125 0.659375 0.0390625 0.0578125
12 0.826562 0.673828 0.0328125 0.0554687
12 0.867578 0.683203 0.0351562 0.0617188
13 0.078125 0.693359 0.078125 0.0304687
13 0.213672 0.688281 0.0648438 0.0328125
13 0.771484 0.716797 0.121094 0.0351562
14 0.319141 0.105469 0.236719 0.210938
