0 0.337109 0.285156 0.367969 0.4125
1 0.335156 0.194922 0.36875 0.103906
2 0.336719 0.348438 0.367188 0.282813
3 0.4625 0.387891 0.0953125 0.142969
4 0.368359 0.283594 0.0867187 0.0671875
5 0.511328 0.08125 0.205469 0.153125
6 0.515234 0.0476562 0.199219 0.084375
7 0.221875 0.442969 0.357812 0.221875
7 0.534375 0.446875 0.103125 0.167187
8 0.466406 0.609766 0.5 0.139844
9 0.6875 0.310937 0.210938 0.182812
10 0.641016 0.115625 0.228906 0.128125
11 0.8625 0.448437 0.2 0.385937
11 0.132422 0.0953125 0.225781 0.190625
12 0.642969 0.469922 0.11875 0.157031
13 0.689453 0.530078 0.0539063 0.0226562
13 0.577344 0.526953 0.053125 0.0195312
14 0.825391 0.0917969 0.199219 0.182031
