0 0.478125 0.358203 0.45625 0.571094
1 0.472656 0.203125 0.442188 0.260937
2 0.477734 0.476172 0.449219 0.332031
3 0.496484 0.546484 0.128906 0.183594
4 0.364453 0.400391 0.102344 0.114844
4 0.61875 0.399219 0.09375 0.0984375
5 0.633203 0.138672 0.0914062 0.277344
6 0.633203 0.0410156 0.0914062 0.0820312
7 0.883594 0.383594 0.232813 0.415625
8 0.129297 0.744922 0.258594 0.510156
9 0.824219 0.796484 0.351562 0.358594
10 0.185156 0.128516 0.329688 0.171094
11 0.109375 0.0898438 0.06875 0.09375
11 0.261719 0.0625 0.0875 0.121875
12 0.491016 0.940625 0.0726563 0.11875
12 0.604297 0.940234 0.102344 0.119531
13 0.501563 0.923047 0.4875 0.153906
14 0.852734 0.105078 0.227344 0.210156
