0 0.289453 0.517578 0.402344 0.442969
1 0.289062 0.484375 0.4 0.257812
2 0.288281 0.629687 0.315625 0.217188
3 0.216016 0.672656 0.0460938 0.0984375
4 0.213281 0.542578 0.0734375 0.0757812
5 0.372266 0.303516 0.139844 0.346094
6 0.372656 0.240234 0.140625 0.219531
7 0.297266 0.686328 0.532031 0.321094
8 0.665234 0.401172 0.335156 0.250781
9 0.431641 0.879687 0.210156 0.214062
10 0.7375 0.248047 0.525 0.367969
11 0.780078 0.702734 0.439844 0.594531
12 0.592969 0.860547 0.13125 0.227344
13 0.137891 0.9125 0.228906 0.107813
14 0.119141 0.125781 0.238281 0.251563
