0 0.660156 0.416406 0.435937 0.398438
1 0.660156 0.310547 0.434375 0.183594
2 0.666016 0.500391 0.364844 0.227344
3 0.610156 0.512891 0.160938 0.200781
4 0.740625 0.457031 0.107813 0.0640625
5 0.599219 0.287891 0.084375 0.117969
6 0.613281 0.25625 0.053125 0.053125
7 0.901953 0.523438 0.121094 0.1
7 0.258203 0.507812 0.477344 0.139063
8 0.544922 0.776953 0.291406 0.294531
9 0.818359 0.778906 0.199219 0.195312
10 0.262891 0.312109 0.357031 0.271094
11 0.760547 0.188281 0.307031 0.376563
12 0.386328 0.840234 0.0695313 0.116406
12 0.258594 0.708594 0.0609375 0.078125
12 0.0882813 0.696484 0.065625 0.108594
13 0.221094 0.759766 0.053125 0.0335937
13 0.340234 0.703516 0.0867187 0.0414062
14 0.462109 0.132812 0.242969 0.195312
