0 0.495703 0.480859 0.727344 0.838281
1 0.495703 0.248828 0.727344 0.374219
2 0.474219 0.655078 0.570312 0.491406
3 0.630469 0.767188 0.232813 0.265625
4 0.35 0.559766 0.139063 0.153906
5 0.744141 0.162891 0.167969 0.303906
6 0.7625 0.0546875 0.13125 0.0875
7 0.870313 0.704688 0.259375 0.190625
7 0.114844 0.704688 0.229687 0.1875
8 0.469531 0.932031 0.648438 0.134375
9 0.882422 0.846484 0.125781 0.108594
10 0.5 0.298828 1 0.530469
11 0.0855469 0.877734 0.100781 0.182031
12 0.904297 0.961328 0.0554687 0.0773438
13 0.980078 0.814453 0.0398437 0.0273438
13 0.837109 0.949609 0.0554687 0.0320312
13 0.171875 0.895312 0.05625 0.028125
13 0.0496094 0.971484 0.0367188 0.0195312
14 0.103125 0.144922 0.20625 0.289844
