0 0.393359 0.344531 0.321094 0.3375
1 0.392969 0.283203 0.320312 0.152344
2 0.392969 0.425391 0.257812 0.177344
3 0.451562 0.433984 0.078125 0.133594
4 0.328125 0.393359 0.05625 0.0570312
5 0.511719 0.142969 0.115625 0.1875
6 0.511719 0.115625 0.115625 0.132812
7 0.214453 0.565234 0.147656 0.272656
7 0.598437 0.549219 0.223438 0.271875
8 0.625 0.305469 0.220312 0.34375
9 0.329297 0.846094 0.471094 0.173437
10 0.6 0.126953 0.8 0.177344
11 0.823828 0.373437 0.258594 0.554688
12 0.894531 0.931641 0.115625 0.0929688
12 0.771484 0.921875 0.0945312 0.104688
12 0.708203 0.871094 0.0867187 0.132812
12 0.810156 0.8375 0.115625 0.121875
12 0.896875 0.819531 0.053125 0.107813
12 0.842187 0.769141 0.0921875 0.124219
12 0.94375 0.786328 0.090625 0.157031
13 0.100391 0.499609 0.0679687 0.0273438
13 0.716797 0.716797 0.0539063 0.0335937
13 0.915234 0.672266 0.0554687 0.0304687
13 0.899609 0.553125 0.0320312 0.0203125
13 0.929688 0.485938 0.06875 0.0359375
13 0.747656 0.496875 0.0546875 0.040625
13 0.727344 0.653516 0.05625 0.0226562
13 0.515234 0.530859 0.0257812 0.0164063
13 0.602344 0.541016 0.0296875 0.0164063
13 0.248828 0.558203 0.0242188 0.0195312
14 0.167578 0.11875 0.272656 0.225
