0 0.479687 0.347266 0.38125 0.432031
1 0.479687 0.211328 0.38125 0.158594
2 0.489063 0.400391 0.33125 0.317969
3 0.495703 0.452344 0.108594 0.15625
4 0.569922 0.328125 0.0882813 0.0984375
4 0.408594 0.344141 0.0859375 0.0992187
5 0.587109 0.161719 0.0929688 0.0921875
6 0.583984 0.136328 0.0945312 0.0398437
7 0.548047 0.556641 0.878906 0.366406
8 0.166016 0.409375 0.332031 0.265625
9 0.65625 0.860156 0.6875 0.279687
10 0.225 0.202734 0.346875 0.269531
11 0.89375 0.326562 0.154688 0.2125
12 0.0660156 0.642578 0.0710937 0.133594
13 0.0964844 0.735547 0.0804688 0.0804688
14 0.874219 0.106641 0.210938 0.207031
