0 0.269531 0.221484 0.332813 0.442969
1 0.269531 0.127734 0.332813 0.239844
2 0.264844 0.307812 0.30625 0.275
3 0.307422 0.358984 0.0492187 0.136719
4 0.368359 0.312891 0.0710937 0.0710937
4 0.325 0.154688 0.05625 0.0609375
5 0.410938 0.0492187 0.26875 0.0984375
6 0.423047 0.0492187 0.244531 0.0984375
7 0.263281 0.466797 0.470313 0.282031
7 0.511719 0.373437 0.210938 0.392188
8 0.6 0.592578 0.6125 0.369531
9 0.827344 0.369141 0.34375 0.214844
10 0.745313 0.117578 0.509375 0.191406
11 0.113672 0.662109 0.197656 0.386719
12 0.483203 0.3375 0.0507812 0.0765625
12 0.501563 0.411328 0.0296875 0.0414062
12 0.457813 0.420703 0.03125 0.0445313
12 0.544141 0.454688 0.0367188 0.05
13 0.499219 0.790625 0.751563 0.345313
13 0.800391 0.566797 0.324219 0.186719
14 0.0820312 0.084375 0.0953125 0.0984375
