0 0.378906 0.34375 0.345313 0.410938
1 0.380469 0.24375 0.342187 0.207813
2 0.378125 0.436719 0.265625 0.228125
3 0.410547 0.458594 0.0742188 0.121875
4 0.290625 0.4125 0.08125 0.0703125
5 0.526563 0.125 0.184375 0.217188
6 0.528906 0.08125 0.182812 0.126562
7 0.135937 0.536719 0.221875 0.2
7 0.698828 0.535156 0.392969 0.190625
8 0.434375 0.692187 0.171875 0.314063
9 0.0859375 0.829688 0.109375 0.157812
10 0.708984 0.323437 0.474219 0.373437
11 0.138281 0.334375 0.176563 0.292187
11 0.235547 0.265625 0.177344 0.401562
12 0.183594 0.79375 0.0765625 0.129688
12 0.275781 0.669531 0.0828125 0.103125
12 0.567969 0.669531 0.0890625 0.11875
12 0.636719 0.791406 0.101562 0.15
12 0.78125 0.778125 0.096875 0.189062
13 0.242188 0.846094 0.084375 0.059375
13 0.155859 0.697656 0.0867187 0.0625
13 0.60625 0.889844 0.14375 0.053125
14 0.69375 0.107031 0.146875 0.15
