0 0.507422 0.501172 0.772656 0.997656
1 0.485938 0.203125 0.746875 0.403125
2 0.508203 0.676562 0.771094 0.646875
3 0.5625 0.790234 0.246875 0.419531
4 0.253516 0.488672 0.213281 0.189844
4 0.787891 0.494922 0.174219 0.144531
5 0.839063 0.187109 0.2375 0.364844
6 0.848047 0.0582031 0.219531 0.108594
7 0.332813 0.898828 0.270313 0.197656
7 0.776172 0.886719 0.217969 0.18125
8 0.933984 0.58125 0.132031 0.346875
9 0.0863281 0.861328 0.130469 0.102344
10 0.191016 0.135547 0.382031 0.205469
11 0.121875 0.187891 0.1125 0.139844
11 0.197266 0.217578 0.0820312 0.124219
12 0.926953 0.903125 0.0804688 0.167187
13 0.967969 0.969531 0.0640625 0.0328125
13 0.122656 0.859766 0.134375 0.227344
14 0.0941406 0.0617188 0.188281 0.123438
