0 0.557031 0.602344 0.529687 0.470313
1 0.557031 0.528906 0.529687 0.154688
2 0.569141 0.711719 0.407031 0.251563
3 0.564453 0.758984 0.119531 0.122656
4 0.453906 0.682813 0.107813 0.08125
4 0.698047 0.694531 0.100781 0.0828125
4 0.566016 0.521875 0.102344 0.0890625
5 0.809766 0.233984 0.364844 0.457031
6 0.809766 0.197266 0.366406 0.385156
7 0.440625 0.769922 0.1375 0.107031
7 0.689844 0.778906 0.145313 0.104688
8 0.528125 0.914844 0.276562 0.170313
9 0.731641 0.883594 0.182031 0.0875
10 0.501563 0.60625 0.996875 0.489063
11 0.195312 0.661719 0.221875 0.326562
12 0.05 0.920312 0.0734375 0.11875
12 0.951172 0.814453 0.0820312 0.142969
13 0.907813 0.900781 0.0609375 0.0375
13 0.791406 0.965625 0.06875 0.0453125
13 0.33125 0.901953 0.071875 0.0460938
13 0.194922 0.946094 0.0539063 0.0328125
13 0.132031 0.8875 0.0703125 0.0515625
14 0.201953 0.176953 0.382031 0.353906
