0 0.274609 0.390234 0.241406 0.361719
1 0.255078 0.339844 0.202344 0.15
2 0.277344 0.46875 0.245312 0.201563
3 0.203516 0.524609 0.0710937 0.0867187
4 0.284766 0.485938 0.0851563 0.0765625
5 0.244141 0.210938 0.0648438 0.182812
6 0.237891 0.167187 0.0507812 0.0984375
7 0.500781 0.616797 0.998437 0.107031
8 0.326562 0.341406 0.357812 0.515625
9 0.904297 0.417187 0.191406 0.371875
10 0.50625 0.0886719 0.9875 0.177344
11 0.518359 0.266016 0.0835937 0.164844
11 0.641797 0.390234 0.108594 0.157031
12 0.561719 0.510156 0.0953125 0.110937
12 0.936328 0.380078 0.0960938 0.116406
12 0.943359 0.523047 0.0710937 0.0617188
13 0.513672 0.784375 0.960156 0.2125
14 0.0984375 0.0855469 0.196875 0.171094
