0 0.514453 0.247266 0.508594 0.494531
1 0.516016 0.108594 0.500781 0.214062
2 0.513281 0.307812 0.50625 0.370312
3 0.514453 0.414062 0.0632812 0.0921875
4 0.396094 0.297266 0.0875 0.139844
4 0.639844 0.299219 0.084375 0.179688
5 0.325 0.0632812 0.0421875 0.126562
6 0.324609 0.0105469 0.0414062 0.0210938
7 0.132812 0.396875 0.265625 0.242188
7 0.859375 0.346875 0.226562 0.18125
8 0.526563 0.767188 0.148438 0.464062
9 0.123438 0.760547 0.154688 0.160156
10 0.160547 0.182422 0.228906 0.169531
11 0.927344 0.835156 0.14375 0.298438
12 0.837891 0.922656 0.0992187 0.123438
12 0.206641 0.585938 0.108594 0.139063
13 0.172656 0.891406 0.0359375 0.0359375
13 0.127734 0.526172 0.0460938 0.0382813
13 0.871875 0.436328 0.0359375 0.0382813
13 0.855078 0.576562 0.0382813 0.0328125
13 0.953516 0.639062 0.0242188 0.0484375
14 0.909766 0.0855469 0.172656 0.171094
