0 0.391797 0.349219 0.303906 0.407813
1 0.391016 0.329297 0.300781 0.217969
2 0.391797 0.473438 0.300781 0.154688
3 0.325781 0.500781 0.0484375 0.0765625
4 0.465234 0.451953 0.0429688 0.0492187
5 0.404297 0.177344 0.163281 0.31875
6 0.405078 0.0835937 0.160156 0.128125
7 0.737891 0.441797 0.383594 0.280469
7 0.154688 0.479687 0.223438 0.246875
8 0.224609 0.716016 0.258594 0.372656
9 0.561328 0.641797 0.330469 0.277344
10 0.689844 0.229297 0.442188 0.377344
11 0.873828 0.717187 0.189844 0.275
12 0.710547 0.864453 0.0695313 0.100781
12 0.395703 0.858203 0.0632812 0.0929688
13 0.814453 0.915625 0.0414062 0.025
13 0.606641 0.829297 0.0367188 0.0195312
13 0.525 0.898047 0.0375 0.0242188
14 0.0972656 0.108984 0.192969 0.217969
