0 0.435156 0.429688 0.496875 0.553125
1 0.436328 0.303125 0.491406 0.3
2 0.436719 0.547266 0.495312 0.321094
3 0.535547 0.635938 0.125781 0.135937
4 0.337109 0.521094 0.114844 0.117188
4 0.546875 0.511328 0.11875 0.0820312
5 0.582812 0.236328 0.0734375 0.299219
6 0.582031 0.154297 0.06875 0.130469
7 0.8375 0.582812 0.325 0.110937
7 0.101172 0.578125 0.196094 0.107813
8 0.655078 0.842969 0.350781 0.310937
9 0.729297 0.844141 0.216406 0.205469
10 0.801953 0.291406 0.189844 0.178125
10 0.90625 0.228906 0.132812 0.084375
11 0.105859 0.303125 0.211719 0.317188
12 0.460547 0.732422 0.0570312 0.0789062
12 0.627734 0.739844 0.0539063 0.0734375
13 0.151172 0.792969 0.103906 0.0421875
13 0.316016 0.896875 0.0789062 0.034375
13 0.488672 0.953906 0.0695313 0.025
14 0.739453 0.123828 0.271094 0.247656
