0 0.436719 0.358984 0.30625 0.449219
1 0.447656 0.244922 0.279687 0.210156
2 0.436719 0.448437 0.30625 0.26875
3 0.340625 0.509766 0.071875 0.113281
4 0.421484 0.435547 0.100781 0.119531
5 0.375391 0.119922 0.110156 0.236719
6 0.375391 0.0730469 0.110156 0.141406
7 0.241797 0.499609 0.127344 0.361719
7 0.478125 0.508594 0.273438 0.379688
8 0.346094 0.782813 0.120313 0.434375
9 0.159766 0.858984 0.288281 0.280469
10 0.500391 0.233203 0.999219 0.410156
11 0.770703 0.724219 0.344531 0.551562
12 0.543359 0.864844 0.0851563 0.201563
13 0.930859 0.855078 0.103906 0.0804688
13 0.453906 0.763281 0.053125 0.05
13 0.268359 0.858984 0.0429688 0.0726563
13 0.133203 0.977344 0.0460938 0.0390625
13 0.1625 0.723828 0.103125 0.0367188
13 0.0933594 0.545312 0.0929688 0.0515625
14 0.107031 0.125391 0.214062 0.247656
