0 0.792188 0.380469 0.1875 0.196875
1 0.793359 0.352344 0.185156 0.0921875
2 0.795703 0.425781 0.174219 0.104688
3 0.744531 0.448047 0.034375 0.0601563
4 0.813281 0.4125 0.0234375 0.025
4 0.849219 0.405078 0.028125 0.0257812
4 0.81875 0.348438 0.0828125 0.046875
4 0.75 0.365234 0.05 0.0367188
5 0.801172 0.285156 0.0695313 0.065625
6 0.802734 0.275781 0.0382813 0.0453125
7 0.656641 0.660937 0.658594 0.371875
8 0.185547 0.733203 0.371094 0.533594
9 0.435547 0.398438 0.336719 0.260937
10 0.178906 0.133594 0.214062 0.090625
11 0.723828 0.820703 0.358594 0.358594
12 0.734375 0.114062 0.090625 0.148438
13 0.673828 0.803516 0.603906 0.392969
14 0.182812 0.0769531 0.0671875 0.0601563
