0 0.40625 0.3625 0.292187 0.3375
1 0.406641 0.29375 0.291406 0.201563
2 0.403125 0.411328 0.232813 0.239844
3 0.402344 0.469922 0.0828125 0.110156
4 0.354687 0.388672 0.059375 0.0585938
4 0.465234 0.380078 0.0414062 0.0460938
5 0.532813 0.164844 0.11875 0.267188
6 0.537109 0.110547 0.111719 0.157031
7 0.505859 0.909766 0.988281 0.180469
8 0.528906 0.596484 0.334375 0.161719
9 0.789062 0.616406 0.246875 0.203125
10 0.262109 0.183203 0.464844 0.289844
11 0.0894531 0.130078 0.0945312 0.166406
12 0.585547 0.721484 0.0601563 0.0742188
12 0.236328 0.722656 0.0523438 0.078125
12 0.386328 0.834766 0.0492187 0.0726563
13 0.352734 0.741016 0.0320312 0.0148437
13 0.542969 0.821875 0.03125 0.0203125
13 0.714063 0.775781 0.028125 0.0203125
13 0.898828 0.776953 0.0460938 0.0210938
14 0.805859 0.188281 0.360156 0.376563
