0 0.421094 0.397266 0.551562 0.794531
1 0.417187 0.154688 0.546875 0.307812
2 0.425781 0.540625 0.49375 0.50625
3 0.508984 0.680078 0.133594 0.200781
4 0.305078 0.404297 0.103906 0.103906
4 0.553125 0.399219 0.134375 0.120313
5 0.585547 0.0964844 0.0742188 0.192969
6 0.584766 0.0222656 0.0726563 0.0414062
7 0.112109 0.693359 0.224219 0.175781
7 0.816406 0.636328 0.367188 0.138281
8 0.472266 0.856641 0.527344 0.286719
9 0.848828 0.830859 0.242969 0.216406
10 0.162109 0.158984 0.324219 0.242969
11 0.866016 0.298438 0.266406 0.579688
12 0.0992187 0.860938 0.0859375 0.1875
12 0.186719 0.835938 0.090625 0.190625
13 0.0449219 0.927734 0.0351562 0.0257812
13 0.128906 0.975391 0.059375 0.0445313
13 0.682422 0.790234 0.0460938 0.0289063
13 0.712109 0.873828 0.0460938 0.0523438
13 0.796094 0.952344 0.05625 0.046875
14 0.0769531 0.0863281 0.153906 0.172656
