0 0.51875 0.485547 0.542188 0.652344
1 0.515625 0.285547 0.532813 0.128906
2 0.515234 0.567578 0.488281 0.485156
3 0.408594 0.654297 0.11875 0.244531
4 0.606641 0.505859 0.191406 0.208594
5 0.244922 0.166406 0.274219 0.128125
6 0.245312 0.151953 0.273438 0.0976562
7 0.514453 0.794141 0.936719 0.202344
8 0.521875 0.935156 0.892188 0.1
9 0.860156 0.705078 0.103125 0.158594
10 0.846484 0.509375 0.205469 0.226562
10 0.173828 0.487109 0.238281 0.280469
11 0.948047 0.508203 0.102344 0.257031
12 0.782031 0.658594 0.0421875 0.059375
12 0.139453 0.647266 0.0539063 0.0664062
13 0.106641 0.68125 0.0554687 0.0296875
13 0.227734 0.653516 0.0460938 0.0273438
13 0.208984 0.689844 0.0945312 0.028125
13 0.0601563 0.755469 0.021875 0.0125
13 0.220312 0.761328 0.059375 0.0273438
13 0.432031 0.879687 0.0484375 0.028125
13 0.657813 0.8875 0.078125 0.028125
13 0.796484 0.907422 0.0507812 0.0226562
14 0.758984 0.123828 0.371094 0.246094
