0 0.396094 0.376953 0.364063 0.564844
1 0.396875 0.245703 0.35 0.300781
2 0.395313 0.520703 0.3625 0.277344
3 0.400391 0.569922 0.0617188 0.155469
4 0.488281 0.482031 0.0625 0.075
4 0.291797 0.475 0.0695313 0.0828125
5 0.513281 0.145703 0.1 0.232031
6 0.521484 0.0730469 0.0835937 0.0867187
7 0.113672 0.572266 0.219531 0.116406
8 0.497656 0.809766 0.95625 0.197656
9 0.883203 0.6125 0.183594 0.151562
10 0.151953 0.239453 0.292969 0.458594
11 0.728906 0.400781 0.229687 0.50625
12 0.775781 0.926562 0.0484375 0.096875
12 0.386719 0.919531 0.05625 0.1
13 0.870313 0.935156 0.0484375 0.0859375
13 0.686328 0.923047 0.0492187 0.0851563
13 0.493359 0.914453 0.0585938 0.0664062
13 0.289844 0.925781 0.053125 0.071875
14 0.726172 0.0855469 0.114844 0.130469
