0 0.469141 0.458203 0.410156 0.622656
1 0.458984 0.386719 0.363281 0.1875
2 0.46875 0.616406 0.409375 0.304688
3 0.447266 0.672266 0.146094 0.189844
4 0.34375 0.544531 0.1 0.065625
4 0.550781 0.541406 0.103125 0.0625
4 0.461328 0.414844 0.119531 0.0671875
5 0.594922 0.211328 0.224219 0.347656
6 0.611328 0.0890625 0.191406 0.103125
7 0.441797 0.844141 0.777344 0.225781
8 0.207813 0.280469 0.24375 0.326562
9 0.798438 0.583203 0.165625 0.172656
10 0.777734 0.203125 0.439844 0.151562
11 0.112109 0.440625 0.119531 0.225
12 0.108594 0.649219 0.0609375 0.075
12 0.136328 0.683984 0.0585938 0.0601563
12 0.1875 0.673438 0.0625 0.0671875
12 0.162891 0.626953 0.0632812 0.0585938
13 0.0839844 0.612891 0.0117188 0.0195312
13 0.109375 0.599609 0.0109375 0.0179687
13 0.142969 0.59375 0.0171875 0.025
13 0.166406 0.601562 0.0109375 0.0234375
13 0.191797 0.609766 0.0132812 0.0257812
13 0.210156 0.622266 0.015625 0.0289063
13 0.221094 0.638281 0.01875 0.0296875
13 0.238281 0.648828 0.0140625 0.0273438
13 0.250781 0.6625 0.0125 0.025
13 0.223828 0.694141 0.0148437 0.0210938
13 0.223438 0.711328 0.00625 0.0164063
13 0.201563 0.721094 0.009375 0.0203125
13 0.178516 0.727344 0.0117188 0.025
13 0.15625 0.725391 0.00625 0.0226562
13 0.133594 0.727734 0.0125 0.0242188
13 0.108984 0.725 0.0117188 0.03125
13 0.0855469 0.708984 0.0148437 0.0273438
13 0.0703125 0.701953 0.0140625 0.0257812
13 0.0621094 0.663281 0.0117188 0.0171875
14 0.290234 0.111719 0.207031 0.204687
