0 0.272656 0.516016 0.275 0.474219
1 0.258984 0.384766 0.247656 0.202344
2 0.272656 0.609766 0.275 0.286719
3 0.272266 0.665234 0.132031 0.149219
4 0.192969 0.550391 0.06875 0.0757812
4 0.336328 0.541406 0.0648438 0.075
5 0.334375 0.251563 0.11875 0.310937
6 0.334375 0.183203 0.11875 0.174219
7 0.0703125 0.626172 0.140625 0.177344
7 0.475391 0.537109 0.182031 0.147656
8 0.560156 0.864844 0.69375 0.210938
9 0.825781 0.711328 0.314063 0.217969
10 0.674609 0.202734 0.483594 0.160156
11 0.727344 0.491406 0.115625 0.201563
11 0.876563 0.469922 0.109375 0.167969
12 0.321094 0.941406 0.0734375 0.104688
12 0.151562 0.912109 0.084375 0.117969
13 0.558594 0.716406 0.210938 0.08125
14 0.876953 0.078125 0.167969 0.154688
