0 0.805469 0.198047 0.30625 0.353906
1 0.821094 0.119141 0.220312 0.0898438
2 0.80625 0.233984 0.307812 0.282031
3 0.805078 0.289844 0.0820312 0.090625
4 0.802344 0.200391 0.0625 0.0539063
4 0.859766 0.198047 0.0492187 0.0554687
5 0.830078 0.040625 0.102344 0.0796875
6 0.828516 0.0210938 0.0789062 0.040625
7 0.345703 0.270313 0.674219 0.189062
8 0.65 0.687109 0.434375 0.624219
9 0.333594 0.841016 0.225 0.133594
10 0.361328 0.0824219 0.722656 0.125781
11 0.908594 0.744531 0.18125 0.509375
12 0.118359 0.862109 0.136719 0.274219
13 0.106641 0.447656 0.119531 0.160938
13 0.278516 0.434375 0.116406 0.167187
13 0.428906 0.438281 0.110937 0.157812
13 0.569922 0.458203 0.117969 0.147656
13 0.110937 0.625781 0.0671875 0.06875
13 0.265234 0.627734 0.0710937 0.0648438
13 0.399609 0.630078 0.0695313 0.0820312
13 0.519922 0.630859 0.0757812 0.0820312
14 0.601953 0.0539063 0.128906 0.107813
