0 0.464062 0.351562 0.49375 0.617188
1 0.463281 0.265625 0.49375 0.226562
2 0.457031 0.507812 0.364063 0.304688
3 0.578125 0.56875 0.110937 0.178125
4 0.346484 0.438281 0.0648438 0.0625
5 0.454688 0.0804688 0.179688 0.160938
6 0.485547 0.0296875 0.119531 0.059375
7 0.5 0.865625 1 0.26875
8 0.9 0.386719 0.2 0.773438
9 0.0652344 0.710156 0.130469 0.282813
10 0.183594 0.223438 0.367188 0.446875
10 0.625 0.194531 0.392188 0.389062
11 0.208594 0.566016 0.190625 0.541406
12 0.422266 0.719531 0.110156 0.173437
12 0.529297 0.728516 0.100781 0.158594
13 0.432812 0.801953 0.195312 0.0335937
13 0.634375 0.780078 0.201563 0.0492187
14 0.115625 0.115625 0.176563 0.190625
