0 0.492969 0.436719 0.610938 0.84375
1 0.49375 0.185938 0.609375 0.335938
2 0.485156 0.589844 0.451562 0.5375
3 0.357031 0.746094 0.0875 0.164062
4 0.432422 0.510547 0.0804688 0.105469
5 0.265625 0.152734 0.13125 0.177344
6 0.249609 0.0964844 0.0960938 0.0679687
7 0.455859 0.866016 0.578906 0.174219
8 0.344141 0.907422 0.0648438 0.175781
9 0.776172 0.560156 0.160156 0.175
10 0.824609 0.139844 0.350781 0.21875
11 0.108984 0.599609 0.216406 0.357031
12 0.788672 0.721875 0.0632812 0.11875
13 0.216797 0.684766 0.0632812 0.0414062
13 0.738281 0.829297 0.0625 0.0539063
13 0.828906 0.804688 0.053125 0.0453125
13 0.923828 0.759375 0.0664062 0.0515625
14 0.090625 0.130078 0.139063 0.161719
