0 0.510938 0.339062 0.632812 0.639062
1 0.510938 0.164453 0.629687 0.249219
2 0.491016 0.457031 0.405469 0.403125
3 0.492188 0.535937 0.117188 0.242188
4 0.38125 0.358594 0.104688 0.107813
4 0.625391 0.362891 0.0742188 0.103906
5 0.694922 0.0835937 0.0914062 0.15625
6 0.685156 0.0339844 0.071875 0.0570312
7 0.5 0.860547 1 0.278906
8 0.792969 0.784375 0.414062 0.43125
9 0.142578 0.424219 0.224219 0.135937
10 0.154297 0.204297 0.233594 0.177344
10 0.891016 0.182812 0.199219 0.120313
11 0.825781 0.455859 0.235937 0.335156
12 0.167969 0.707031 0.173437 0.298438
13 0.491797 0.696484 0.399219 0.171094
14 0.907813 0.0746094 0.14375 0.128906
