0 0.427734 0.333203 0.197656 0.364844
1 0.439453 0.2625 0.163281 0.15625
2 0.427734 0.417969 0.202344 0.196875
3 0.421484 0.466797 0.0679687 0.0882813
4 0.390234 0.354297 0.0273438 0.0289063
4 0.485547 0.367188 0.0304687 0.034375
4 0.366406 0.449609 0.025 0.0367188
4 0.478125 0.462109 0.0234375 0.0289063
5 0.511328 0.186328 0.163281 0.167969
6 0.510156 0.125 0.165625 0.0421875
7 0.383203 0.583594 0.261719 0.096875
8 0.33125 0.759766 0.185938 0.260156
9 0.767188 0.551172 0.185938 0.182031
10 0.139063 0.205859 0.175 0.214844
11 0.801953 0.298047 0.150781 0.258594
12 0.121875 0.560156 0.189062 0.242188
13 0.532813 0.957812 0.934375 0.084375
14 0.813672 0.0789062 0.153906 0.154688
