0 0.4625 0.5125 0.610938 0.7375
1 0.451562 0.367578 0.589063 0.203906
2 0.460156 0.644141 0.614062 0.471094
3 0.471094 0.763281 0.184375 0.19375
4 0.324219 0.532031 0.121875 0.101562
4 0.598047 0.519531 0.114844 0.104688
5 0.697266 0.170313 0.296094 0.2375
6 0.789062 0.107031 0.1125 0.110937
7 0.866016 0.753516 0.266406 0.180469
7 0.0890625 0.762109 0.178125 0.189844
8 0.807422 0.904297 0.246094 0.182031
8 0.876563 0.503125 0.154688 0.323437
9 0.869922 0.258594 0.260156 0.264062
10 0.501172 0.125 0.997656 0.246875
11 0.100781 0.497656 0.19375 0.360938
12 0.156641 0.605859 0.0554687 0.0914062
13 0.0261719 0.636328 0.0523438 0.0835937
13 0.153906 0.648828 0.0421875 0.0679687
13 0.175391 0.920312 0.0476562 0.0421875
13 0.305469 0.914062 0.0625 0.0453125
13 0.470703 0.904297 0.0460938 0.0414062
13 0.629687 0.896875 0.05625 0.0390625
14 0.126562 0.11875 0.253125 0.2375
