0 0.376563 0.3625 0.460938 0.495312
1 0.376953 0.225391 0.463281 0.222656
2 0.369922 0.466406 0.341406 0.282813
3 0.374219 0.527734 0.135937 0.133594
4 0.275391 0.403906 0.0710937 0.075
4 0.463281 0.39375 0.075 0.0734375
5 0.583203 0.134375 0.216406 0.239063
6 0.589453 0.0617188 0.203906 0.09375
7 0.117188 0.707812 0.195312 0.471875
7 0.657813 0.530078 0.235937 0.249219
7 0.508594 0.879297 0.251563 0.0882813
8 0.268359 0.794531 0.302344 0.407813
9 0.735938 0.753125 0.303125 0.21875
10 0.227344 0.128516 0.454688 0.174219
11 0.719141 0.191797 0.125781 0.186719
11 0.840625 0.313672 0.146875 0.310156
12 0.622266 0.597656 0.0757812 0.110937
13 0.166797 0.755469 0.0648438 0.0734375
13 0.500391 0.690625 0.0601563 0.053125
14 0.804688 0.0691406 0.135937 0.135156
