0 0.333203 0.331641 0.291406 0.307031
1 0.333594 0.289062 0.290625 0.0765625
2 0.338672 0.392969 0.252344 0.185938
3 0.408984 0.425391 0.0539063 0.103906
4 0.280469 0.371484 0.0734375 0.0648438
5 0.285547 0.133984 0.0679687 0.263281
6 0.280078 0.103516 0.0585938 0.203906
7 0.132422 0.425 0.119531 0.0703125
7 0.532422 0.391016 0.103906 0.0726563
8 0.416406 0.53125 0.0578125 0.132812
9 0.663672 0.49375 0.152344 0.151562
10 0.160156 0.172266 0.232813 0.246094
10 0.639453 0.171094 0.616406 0.342187
11 0.130469 0.627734 0.19375 0.285156
12 0.316406 0.641406 0.078125 0.126562
12 0.50625 0.641016 0.08125 0.135156
13 0.255469 0.676562 0.0734375 0.0359375
13 0.466016 0.739453 0.0742188 0.0414062
13 0.648047 0.801953 0.0976562 0.0601563
13 0.712109 0.658984 0.103906 0.0539063
13 0.133594 0.828906 0.05625 0.034375
14 0.901953 0.0945312 0.147656 0.154688
