0 0.316016 0.596094 0.521094 0.503125
1 0.309375 0.478516 0.503125 0.117969
2 0.314844 0.660937 0.520312 0.376563
3 0.242188 0.742188 0.114062 0.203125
4 0.123828 0.610156 0.0570312 0.0703125
4 0.244531 0.603906 0.0640625 0.0640625
4 0.370312 0.596875 0.075 0.075
4 0.377344 0.742578 0.06875 0.0867187
4 0.125 0.758594 0.0609375 0.078125
5 0.577734 0.354687 0.289844 0.14375
6 0.618359 0.324609 0.208594 0.0835937
7 0.789453 0.675 0.421094 0.257812
8 0.738281 0.839453 0.523438 0.119531
9 0.672656 0.466016 0.16875 0.125781
10 0.497266 0.204687 0.994531 0.307812
11 0.890625 0.470703 0.21875 0.377344
12 0.913672 0.780078 0.0523438 0.0757812
12 0.749219 0.959766 0.0625 0.0710937
13 0.369141 0.979297 0.0757812 0.0367188
13 0.204687 0.969922 0.0734375 0.0351562
13 0.0800781 0.966406 0.0695313 0.040625
14 0.462109 0.104688 0.189844 0.165625
