0 0.490625 0.194922 0.259375 0.244531
1 0.490625 0.155078 0.259375 0.163281
2 0.49375 0.26875 0.217188 0.0953125
3 0.502734 0.258984 0.0585938 0.0992187
4 0.434766 0.235156 0.0492187 0.04375
4 0.566016 0.227734 0.0398437 0.0382813
5 0.614453 0.0902344 0.133594 0.0898438
6 0.637109 0.0777344 0.0882813 0.0648438
7 0.230078 0.527344 0.460156 0.182812
7 0.760938 0.541797 0.478125 0.172656
7 0.805078 0.302344 0.389844 0.134375
7 0.197656 0.310547 0.395313 0.125781
8 0.486328 0.45 0.0851563 0.290625
9 0.709766 0.373437 0.196094 0.115625
10 0.762109 0.107813 0.289844 0.1625
10 0.280078 0.109766 0.497656 0.171094
11 0.257812 0.200391 0.075 0.0898438
11 0.321484 0.226562 0.0789062 0.103125
11 0.662109 0.221484 0.0867187 0.117969
11 0.721875 0.205469 0.059375 0.09375
12 0.584766 0.306641 0.0414062 0.0476562
12 0.615625 0.307031 0.04375 0.04375
12 0.642578 0.305859 0.0429688 0.0445313
12 0.314063 0.307031 0.0515625 0.05625
12 0.339453 0.303906 0.0382813 0.0578125
12 0.372266 0.309766 0.0460938 0.0429688
13 0.249609 0.407813 0.424219 0.217188
13 0.717578 0.401953 0.344531 0.192969
14 0.0636719 0.0609375 0.122656 0.120313
