0 0.525 0.366406 0.434375 0.534375
1 0.525781 0.253125 0.426563 0.314063
2 0.512109 0.455078 0.307031 0.358594
3 0.507031 0.549609 0.0671875 0.128906
3 0.45 0.770703 0.153125 0.169531
4 0.479297 0.360938 0.0914062 0.0671875
5 0.334375 0.144141 0.209375 0.213281
6 0.305469 0.114062 0.153125 0.151562
7 0.202734 0.829688 0.405469 0.2125
7 0.717187 0.7375 0.451562 0.20625
8 0.722656 0.610938 0.514062 0.129688
9 0.154688 0.681641 0.178125 0.177344
10 0.272656 0.205859 0.454688 0.350781
11 0.76875 0.316016 0.190625 0.466406
12 0.909375 0.421094 0.14375 0.253125
12 0.258984 0.477344 0.182031 0.301563
13 0.738281 0.519141 0.0390625 0.0460938
13 0.323047 0.578516 0.0351562 0.0382813
13 0.291016 0.679297 0.0304687 0.0382813
13 0.419141 0.669922 0.0367188 0.0398437
14 0.0941406 0.127734 0.188281 0.255469
