0 0.4625 0.296875 0.445312 0.526563
1 0.460547 0.196875 0.444531 0.326562
2 0.457813 0.430469 0.446875 0.251563
3 0.468359 0.472266 0.0726563 0.135156
4 0.324609 0.431641 0.0929688 0.0804688
5 0.615234 0.183203 0.0679687 0.214844
6 0.620703 0.110937 0.0492187 0.0546875
7 0.476172 0.837891 0.830469 0.263281
8 0.482812 0.674219 0.0890625 0.271875
9 0.13125 0.501563 0.15 0.167187
10 0.140625 0.328125 0.28125 0.21875
10 0.855859 0.229297 0.260156 0.202344
11 0.796875 0.500391 0.235937 0.447656
12 0.353906 0.658984 0.046875 0.125781
12 0.240625 0.659766 0.065625 0.146094
13 0.434375 0.714063 0.48125 0.0609375
14 0.848828 0.0671875 0.153906 0.134375
