0 0.498828 0.323828 0.641406 0.592969
1 0.504297 0.164844 0.630469 0.24375
2 0.498047 0.445312 0.639844 0.348438
3 0.679688 0.536328 0.1125 0.149219
4 0.675781 0.348438 0.135937 0.114062
4 0.305859 0.35 0.132031 0.109375
5 0.655859 0.102734 0.0601563 0.205469
6 0.661328 0.0171875 0.0367188 0.034375
7 0.500781 0.672656 0.690625 0.134375
8 0.783984 0.703125 0.319531 0.209375
9 0.280859 0.882422 0.397656 0.166406
10 0.150391 0.1375 0.300781 0.165625
10 0.841016 0.138281 0.316406 0.1375
11 0.0921875 0.425 0.179688 0.359375
12 0.210547 0.783203 0.0398437 0.0507812
12 0.292969 0.778906 0.0359375 0.0484375
12 0.386328 0.777344 0.0351562 0.0453125
12 0.476172 0.776172 0.0367188 0.0523438
12 0.537891 0.776563 0.0414062 0.053125
13 0.726953 0.807813 0.244531 0.115625
14 0.078125 0.0761719 0.15625 0.152344
