0 0.4625 0.661719 0.34375 0.4125
1 0.460156 0.56875 0.334375 0.196875
2 0.462891 0.751563 0.342969 0.232813
3 0.364063 0.807031 0.075 0.08125
4 0.511719 0.739844 0.084375 0.0703125
5 0.587891 0.464844 0.138281 0.2125
6 0.591016 0.401172 0.133594 0.0851563
7 0.790625 0.834766 0.260937 0.0804688
8 0.376563 0.923438 0.13125 0.153125
9 0.703125 0.575 0.1375 0.0953125
10 0.402344 0.125781 0.8 0.251563
11 0.158594 0.589453 0.278125 0.614844
12 0.863672 0.600391 0.0710937 0.111719
13 0.792578 0.735938 0.100781 0.05
13 0.249609 0.59375 0.0773438 0.04375
14 0.889844 0.103516 0.220312 0.207031
