0 0.665625 0.467187 0.370312 0.510938
1 0.653906 0.345703 0.342187 0.261719
2 0.649609 0.589453 0.333594 0.266406
3 0.593359 0.633594 0.171094 0.173437
4 0.743359 0.578516 0.0914062 0.0914062
5 0.866406 0.229687 0.221875 0.401562
6 0.867188 0.148438 0.21875 0.240625
7 0.901172 0.558594 0.183594 0.117188
7 0.244141 0.537891 0.488281 0.150781
8 0.370312 0.84375 0.607812 0.271875
9 0.223047 0.732812 0.192969 0.15625
10 0.399609 0.159766 0.767969 0.271094
11 0.389453 0.385937 0.136719 0.182812
11 0.236719 0.3875 0.134375 0.15625
11 0.558203 0.901563 0.0804688 0.13125
11 0.707422 0.759375 0.0914062 0.123438
11 0.867188 0.675391 0.107813 0.141406
12 0.0832031 0.784375 0.0742188 0.120313
12 0.371484 0.646875 0.0585938 0.0984375
12 0.669141 0.897266 0.0867187 0.0960938
12 0.774219 0.910156 0.090625 0.09375
12 0.897656 0.857031 0.078125 0.123438
13 0.0570312 0.692187 0.0296875 0.0375
13 0.125391 0.863281 0.0382813 0.0453125
13 0.434766 0.640625 0.0289063 0.0328125
13 0.798438 0.772266 0.0296875 0.0273438
13 0.86875 0.770703 0.0375 0.0273438
13 0.928906 0.727344 0.0578125 0.0359375
13 0.874609 0.960547 0.0648438 0.0226562
13 0.384766 0.704297 0.117969 0.0570312
14 0.269531 0.0882813 0.190625 0.157812
