0 0.48125 0.322266 0.465625 0.535156
1 0.480859 0.180859 0.464844 0.247656
2 0.46875 0.436328 0.398438 0.307031
3 0.450781 0.546094 0.0875 0.084375
4 0.587891 0.335938 0.0664062 0.0546875
5 0.721094 0.107031 0.360938 0.151562
6 0.736719 0.0824219 0.328125 0.102344
7 0.833203 0.545703 0.333594 0.182031
7 0.131641 0.567969 0.263281 0.179688
8 0.307031 0.790234 0.33125 0.419531
9 0.626563 0.811719 0.421875 0.264062
10 0.852344 0.353906 0.246875 0.125
11 0.149609 0.336328 0.178906 0.450781
12 0.718359 0.645703 0.0570312 0.0945312
12 0.126172 0.796875 0.0679687 0.1
13 0.242578 0.682813 0.0867187 0.0421875
13 0.897266 0.680078 0.0523438 0.0367188
14 0.870313 0.211328 0.135937 0.108594
