0 0.4125 0.426172 0.4875 0.641406
1 0.410938 0.296875 0.485938 0.315625
2 0.426953 0.589844 0.319531 0.314063
3 0.413672 0.590234 0.142969 0.163281
4 0.319141 0.478906 0.0460938 0.0515625
4 0.394922 0.480859 0.0539063 0.0539063
4 0.472656 0.475781 0.0609375 0.0546875
5 0.557422 0.115234 0.167969 0.214844
6 0.559766 0.0722656 0.161719 0.128906
7 0.498437 0.589844 0.859375 0.525
8 0.833594 0.227734 0.332813 0.396094
9 0.898828 0.455859 0.182031 0.224219
10 0.147266 0.189844 0.191406 0.379688
11 0.267188 0.105859 0.170313 0.197656
12 0.594922 0.620703 0.0742188 0.163281
12 0.951953 0.363672 0.0773438 0.0945312
13 0.869922 0.398828 0.0507812 0.0726563
13 0.696875 0.669141 0.134375 0.0585938
13 0.675781 0.621094 0.115625 0.0453125
13 0.765234 0.542188 0.0804688 0.05625
13 0.65625 0.545312 0.084375 0.040625
13 0.601562 0.494531 0.021875 0.0359375
13 0.630469 0.490234 0.0265625 0.0304687
13 0.661719 0.488672 0.028125 0.0351562
13 0.696094 0.487109 0.03125 0.0367188
13 0.726172 0.476172 0.0304687 0.0476562
13 0.259766 0.657422 0.0648438 0.0773438
13 0.241016 0.585938 0.0789062 0.0984375
13 0.235937 0.503906 0.075 0.0921875
14 0.405469 0.0679687 0.134375 0.126562
