0 0.564453 0.269922 0.522656 0.308594
1 0.557422 0.175391 0.510156 0.0804688
2 0.565234 0.300391 0.521094 0.221094
3 0.572266 0.346875 0.0960938 0.153125
3 0.764844 0.330078 0.0828125 0.0992187
3 0.657813 0.335156 0.09375 0.10625
3 0.472266 0.34375 0.0929688 0.109375
3 0.357031 0.348828 0.084375 0.107031
4 0.350781 0.257812 0.084375 0.05625
4 0.478906 0.257031 0.09375 0.0625
4 0.666406 0.246484 0.0875 0.0507812
4 0.769922 0.246484 0.0773438 0.0585938
5 0.351562 0.0980469 0.0734375 0.142969
6 0.349219 0.0726563 0.0671875 0.090625
7 0.155078 0.35625 0.310156 0.217188
7 0.939063 0.312891 0.121875 0.108594
8 0.436328 0.689453 0.452344 0.589844
9 0.189453 0.521094 0.363281 0.178125
10 0.503906 0.0875 0.992188 0.16875
11 0.866406 0.232813 0.215625 0.382812
12 0.824609 0.537109 0.0757812 0.127344
12 0.728906 0.727344 0.0796875 0.153125
12 0.394141 0.601953 0.0757812 0.163281
12 0.175 0.760156 0.0859375 0.175
12 0.862891 0.85 0.0929688 0.148438
13 0.948828 0.500391 0.0429688 0.0773438
13 0.896484 0.688281 0.0429688 0.0796875
13 0.957812 0.777734 0.040625 0.0835937
13 0.919922 0.94375 0.0289063 0.0375
13 0.786328 0.91875 0.0273438 0.0546875
14 0.0769531 0.0527344 0.110156 0.0945312
