0 0.208594 0.600391 0.259375 0.355469
1 0.201172 0.523047 0.238281 0.197656
2 0.208984 0.661719 0.258594 0.232813
3 0.18125 0.723437 0.053125 0.08125
4 0.137891 0.546875 0.0335937 0.053125
5 0.115234 0.511719 0.0617188 0.171875
6 0.116016 0.454297 0.0601563 0.0570312
7 0.280859 0.176563 0.555469 0.353125
8 0.559766 0.671094 0.707031 0.226562
9 0.123047 0.849219 0.175781 0.135937
10 0.209766 0.121484 0.338281 0.155469
11 0.35625 0.465625 0.0609375 0.21875
11 0.421484 0.470703 0.0632812 0.210156
11 0.483203 0.464844 0.0554687 0.2
12 0.322656 0.835156 0.0484375 0.071875
12 0.377344 0.828516 0.05 0.0679687
13 0.332813 0.898828 0.0171875 0.0398437
13 0.416797 0.91875 0.0226562 0.0265625
13 0.571094 0.915234 0.0296875 0.0304687
13 0.719531 0.901953 0.021875 0.0289063
13 0.807813 0.914062 0.0453125 0.0265625
13 0.861719 0.851562 0.040625 0.0375
13 0.792578 0.949219 0.0445313 0.0296875
14 0.884766 0.114453 0.230469 0.227344
