0 0.423828 0.398047 0.427344 0.502344
1 0.404687 0.266406 0.378125 0.239063
2 0.424219 0.494141 0.428125 0.310156
3 0.391016 0.578906 0.0945312 0.123438
4 0.30625 0.445312 0.0640625 0.0515625
4 0.526563 0.421875 0.0515625 0.04375
5 0.526172 0.219922 0.0664062 0.144531
6 0.525 0.190234 0.03125 0.0851563
7 0.371875 0.752734 0.614062 0.167969
8 0.377734 0.678906 0.108594 0.0875
8 0.358203 0.877344 0.144531 0.2375
9 0.823828 0.539844 0.319531 0.225
10 0.508594 0.154297 0.979688 0.264844
11 0.114062 0.404687 0.140625 0.178125
11 0.728516 0.335547 0.132031 0.197656
11 0.905859 0.328516 0.135156 0.174219
12 0.0550781 0.651172 0.0554687 0.0914062
12 0.109375 0.582031 0.040625 0.075
12 0.175781 0.605078 0.0484375 0.0773438
12 0.671094 0.648828 0.0375 0.0585938
12 0.939453 0.635938 0.0460938 0.075
13 0.1625 0.686328 0.296875 0.0992187
13 0.575 0.676172 0.28125 0.0632812
14 0.0734375 0.0691406 0.107813 0.113281
