0 0.373047 0.544922 0.361719 0.474219
1 0.375391 0.432422 0.357031 0.197656
2 0.36875 0.638281 0.353125 0.2875
3 0.347266 0.699609 0.0539063 0.0664062
4 0.289453 0.608984 0.0820312 0.0851563
4 0.467969 0.598047 0.0640625 0.0679687
5 0.645312 0.194922 0.434375 0.364844
6 0.651563 0.178125 0.421875 0.332813
7 0.607422 0.693359 0.122656 0.0726563
8 0.489063 0.858984 0.321875 0.282031
9 0.594531 0.815625 0.176563 0.126562
10 0.908203 0.875 0.119531 0.215625
11 0.890234 0.660547 0.178906 0.374219
12 0.149219 0.760547 0.0546875 0.0914062
12 0.10625 0.765625 0.0640625 0.126562
12 0.0800781 0.797656 0.0664062 0.10625
12 0.0601563 0.821484 0.065625 0.113281
12 0.0394531 0.844141 0.0585938 0.107031
13 0.74375 0.732031 0.117188 0.13125
14 0.789062 0.278906 0.3125 0.38125
