0 0.484766 0.257031 0.380469 0.375
1 0.478516 0.16875 0.360156 0.198437
2 0.484766 0.308594 0.375781 0.265625
3 0.360547 0.377734 0.0914062 0.119531
4 0.579688 0.319531 0.165625 0.157812
4 0.387891 0.221484 0.0507812 0.0507812
5 0.543359 0.0945312 0.0851563 0.164062
6 0.535156 0.06875 0.06875 0.109375
7 0.144531 0.358594 0.289062 0.145313
7 0.814453 0.330859 0.361719 0.141406
8 0.255469 0.691797 0.4375 0.547656
9 0.623437 0.660156 0.145313 0.16875
10 0.351953 0.149609 0.699219 0.299219
11 0.903906 0.572656 0.140625 0.198437
12 0.738281 0.815234 0.0625 0.108594
13 0.125391 0.528906 0.0882813 0.0390625
13 0.457031 0.848437 0.0671875 0.0265625
13 0.689844 0.490234 0.0515625 0.0351562
13 0.882812 0.807031 0.053125 0.0234375
14 0.105078 0.0914062 0.186719 0.182812
