0 0.2625 0.423828 0.354687 0.432031
1 0.262891 0.366797 0.352344 0.133594
2 0.263672 0.515625 0.355469 0.25
3 0.345703 0.548438 0.125781 0.126562
4 0.209375 0.479687 0.153125 0.1
5 0.451953 0.192578 0.127344 0.380469
6 0.452344 0.10625 0.125 0.207813
7 0.0535156 0.491406 0.0929688 0.160938
7 0.553906 0.398047 0.185938 0.132031
8 0.567969 0.647266 0.54375 0.527344
9 0.275391 0.695703 0.192969 0.136719
10 0.629297 0.2125 0.735156 0.21875
11 0.837891 0.71875 0.272656 0.50625
12 0.670703 0.833594 0.0835937 0.21875
12 0.716797 0.870313 0.0976562 0.165625
13 0.312109 0.726172 0.586719 0.514844
14 0.178516 0.146094 0.341406 0.271875
