0 0.458984 0.303906 0.603906 0.532813
1 0.466016 0.192969 0.585156 0.171875
2 0.450391 0.404297 0.585156 0.332031
3 0.591016 0.470703 0.121094 0.189844
4 0.591797 0.421484 0.0648438 0.0523438
4 0.316797 0.369922 0.174219 0.111719
5 0.660156 0.071875 0.059375 0.140625
6 0.671094 0.0222656 0.0375 0.0429688
7 0.226172 0.513281 0.452344 0.101562
8 0.492578 0.776172 0.299219 0.447656
9 0.188672 0.707812 0.319531 0.284375
10 0.364844 0.109375 0.490625 0.184375
11 0.865625 0.339844 0.26875 0.592187
12 0.677734 0.800391 0.0757812 0.119531
12 0.765625 0.695312 0.0640625 0.115625
13 0.0558594 0.569922 0.0523438 0.0257812
13 0.280859 0.921484 0.0460938 0.0210938
14 0.103516 0.148828 0.207031 0.275781
