0 0.450391 0.359766 0.649219 0.574219
1 0.446875 0.20625 0.635938 0.1
2 0.45 0.441797 0.648438 0.410156
3 0.579297 0.543359 0.122656 0.192969
4 0.343359 0.383203 0.358594 0.244531
5 0.264453 0.103516 0.0726563 0.207031
6 0.266406 0.0394531 0.0640625 0.0789062
7 0.808594 0.467969 0.114062 0.25625
8 0.709766 0.819141 0.383594 0.361719
9 0.430859 0.791797 0.391406 0.224219
10 0.836719 0.112109 0.326562 0.200781
11 0.106641 0.436328 0.213281 0.452344
12 0.270313 0.907813 0.090625 0.121875
12 0.197266 0.861719 0.0648438 0.115625
12 0.0957031 0.777344 0.0507812 0.101562
13 0.5 0.726562 1 0.546875
14 0.0925781 0.0980469 0.185156 0.196094
