0 0.375781 0.295312 0.223438 0.348438
1 0.377344 0.217188 0.210938 0.192188
2 0.374219 0.375781 0.217188 0.1875
3 0.4125 0.426563 0.034375 0.0578125
4 0.336719 0.388281 0.0578125 0.075
5 0.599219 0.121875 0.325 0.204687
6 0.600781 0.0945312 0.321875 0.146875
7 0.138281 0.391406 0.273438 0.096875
8 0.475781 0.721875 0.185938 0.553125
9 0.751172 0.532031 0.175781 0.19375
10 0.144531 0.1375 0.289062 0.270313
11 0.239844 0.59375 0.120313 0.190625
12 0.632031 0.703125 0.0875 0.134375
13 0.673828 0.35 0.305469 0.065625
13 0.682031 0.29375 0.279687 0.0796875
13 0.710156 0.228906 0.235937 0.084375
14 0.936719 0.0648438 0.126562 0.129688
