0 0.466406 0.243359 0.246875 0.385156
1 0.4625 0.153125 0.223438 0.134375
2 0.466016 0.315625 0.244531 0.240625
3 0.486328 0.364844 0.111719 0.1375
4 0.473828 0.146094 0.0726563 0.0703125
5 0.548438 0.0515625 0.153125 0.0828125
6 0.548438 0.0328125 0.153125 0.0453125
7 0.308594 0.702734 0.326562 0.192969
8 0.345313 0.671484 0.579688 0.486719
9 0.878516 0.548438 0.196094 0.175
10 0.788281 0.350781 0.395313 0.145313
11 0.144922 0.274609 0.277344 0.358594
12 0.875781 0.755469 0.0890625 0.103125
12 0.712109 0.538281 0.0882813 0.115625
12 0.260156 0.507422 0.0421875 0.0882813
12 0.034375 0.478516 0.053125 0.0773438
13 0.0761719 0.653125 0.0507812 0.0421875
13 0.0578125 0.379297 0.05 0.0398437
13 0.264062 0.353516 0.046875 0.0382813
13 0.179297 0.519141 0.0523438 0.0289063
13 0.357422 0.604688 0.0492187 0.028125
13 0.371875 0.544141 0.053125 0.0367188
13 0.75625 0.657031 0.0453125 0.0375
13 0.946484 0.629687 0.0320312 0.0328125
14 0.820703 0.146484 0.221094 0.239844
