0 0.426953 0.433203 0.308594 0.491406
1 0.431641 0.298438 0.297656 0.223438
2 0.428125 0.534766 0.3 0.288281
3 0.437109 0.590625 0.119531 0.171875
4 0.516797 0.454688 0.0679687 0.078125
5 0.502734 0.204687 0.0835937 0.25625
6 0.514062 0.13125 0.0625 0.10625
7 0.499609 0.760156 0.996094 0.196875
8 0.844922 0.359375 0.164844 0.71875
9 0.894922 0.930859 0.210156 0.138281
10 0.225781 0.164844 0.442188 0.328125
11 0.681641 0.514062 0.197656 0.365625
12 0.0746094 0.577734 0.0835937 0.213281
13 0.641406 0.932422 0.084375 0.0773438
13 0.108594 0.945703 0.134375 0.0804688
14 0.691016 0.0734375 0.153906 0.146875
