0 0.430469 0.424609 0.734375 0.719531
1 0.454297 0.298828 0.577344 0.466406
2 0.477344 0.634766 0.640625 0.300781
3 0.717187 0.680469 0.115625 0.1375
4 0.257031 0.554688 0.0796875 0.140625
4 0.616406 0.590625 0.059375 0.078125
5 0.248438 0.158984 0.370312 0.253906
6 0.259766 0.075 0.346094 0.0875
7 0.505469 0.882812 0.989062 0.226562
8 0.796484 0.512891 0.291406 0.510156
9 0.848437 0.138281 0.240625 0.221875
10 0.651563 0.130859 0.182812 0.172656
11 0.0761719 0.652734 0.146094 0.274219
12 0.138672 0.698828 0.0570312 0.0960938
13 0.346094 0.813672 0.08125 0.0820312
13 0.506641 0.80625 0.0679687 0.078125
13 0.593359 0.800391 0.0492187 0.0601563
13 0.615234 0.807031 0.0429688 0.0578125
13 0.659766 0.790625 0.0585938 0.059375
14 0.0648438 0.116406 0.125 0.232813
