0 0.339453 0.617188 0.361719 0.398438
1 0.339453 0.546484 0.360156 0.255469
2 0.335547 0.705078 0.350781 0.221094
3 0.20625 0.757422 0.0796875 0.114844
4 0.298828 0.689453 0.0507812 0.0679687
4 0.315625 0.760547 0.0359375 0.0492187
4 0.402734 0.680859 0.0585938 0.0601563
4 0.405469 0.752344 0.053125 0.0640625
5 0.498437 0.46875 0.164062 0.215625
6 0.519141 0.392969 0.121094 0.0640625
7 0.0925781 0.783594 0.153906 0.0921875
7 0.742578 0.770312 0.514844 0.13125
8 0.226953 0.902344 0.158594 0.195312
9 0.845313 0.839453 0.18125 0.177344
10 0.507031 0.314063 0.985938 0.46875
11 0.770312 0.565625 0.204687 0.321875
12 0.599609 0.878125 0.0804688 0.1
13 0.655859 0.800391 0.277344 0.0710937
14 0.909766 0.0582031 0.146094 0.116406
