0 0.540625 0.315234 0.907813 0.630469
1 0.538281 0.147266 0.9125 0.294531
2 0.553125 0.44375 0.620313 0.367188
3 0.5 0.526172 0.148438 0.196094
4 0.786719 0.349609 0.078125 0.128906
5 0.276562 0.106641 0.0828125 0.191406
6 0.278125 0.0605469 0.078125 0.0976562
7 0.167969 0.537891 0.207813 0.319531
8 0.858594 0.528125 0.282813 0.245312
9 0.616406 0.770703 0.226562 0.242969
10 0.117188 0.0855469 0.234375 0.161719
11 0.144141 0.357812 0.288281 0.470313
12 0.868359 0.694922 0.0585938 0.0773438
12 0.909375 0.696875 0.065625 0.071875
13 0.5 0.674219 1 0.4625
14 0.929688 0.0683594 0.140625 0.136719
