0 0.523438 0.408203 0.351562 0.397656
1 0.520312 0.344922 0.34375 0.211719
2 0.524219 0.497266 0.35 0.219531
3 0.463281 0.559766 0.0453125 0.0867187
4 0.4 0.489453 0.028125 0.0320312
4 0.536719 0.481641 0.028125 0.0273438
4 0.469141 0.376172 0.0789062 0.0695313
5 0.664453 0.180859 0.214844 0.132031
6 0.677734 0.149609 0.188281 0.0695313
7 0.185156 0.576562 0.217188 0.10625
7 0.842969 0.530469 0.189062 0.0984375
8 0.246484 0.757031 0.475781 0.275
9 0.46875 0.827734 0.220312 0.122656
10 0.513281 0.0972656 0.925 0.135156
11 0.861719 0.792188 0.232813 0.398438
12 0.235547 0.911719 0.0992187 0.139063
12 0.684766 0.910547 0.111719 0.144531
13 0.549609 0.947656 0.0632812 0.0375
13 0.941016 0.913281 0.0554687 0.040625
13 0.435937 0.712891 0.05 0.0351562
13 0.0964844 0.929297 0.0632812 0.0554687
14 0.725781 0.0457031 0.126562 0.0914062
