0 0.407422 0.38125 0.205469 0.253125
1 0.407813 0.367578 0.203125 0.147656
2 0.398438 0.460156 0.126562 0.0921875
3 0.395313 0.477344 0.028125 0.040625
4 0.360547 0.444922 0.0210938 0.0226562
4 0.437109 0.430469 0.0226562 0.0171875
5 0.512891 0.203516 0.177344 0.344531
6 0.516016 0.145313 0.171094 0.225
7 0.505469 0.494531 0.078125 0.0484375
8 0.401953 0.658203 0.100781 0.313281
9 0.7 0.553125 0.134375 0.10625
10 0.723828 0.160547 0.403906 0.321094
11 0.853906 0.426563 0.251563 0.315625
12 0.747656 0.672266 0.059375 0.0992187
13 0.636328 0.700781 0.0242188 0.0296875
13 0.600781 0.701562 0.0375 0.034375
13 0.527734 0.706641 0.0351562 0.0382813
13 0.519922 0.619922 0.0414062 0.0242188
13 0.462891 0.528125 0.0226562 0.025
13 0.4625 0.546484 0.0234375 0.0195312
13 0.461328 0.564844 0.0195312 0.0171875
13 0.460156 0.587891 0.0234375 0.0226562
13 0.340234 0.547266 0.0210938 0.0242188
13 0.341406 0.576562 0.0234375 0.021875
13 0.339062 0.609375 0.01875 0.0203125
13 0.344922 0.632812 0.0226562 0.0203125
13 0.34375 0.657031 0.0234375 0.0234375
13 0.34375 0.680469 0.021875 0.0203125
13 0.343359 0.70625 0.0257812 0.021875
14 0.108203 0.101562 0.207031 0.203125
