0 0.436719 0.294141 0.485938 0.441406
1 0.436328 0.208984 0.485156 0.272656
2 0.449219 0.384375 0.36875 0.2625
3 0.291797 0.405469 0.0460938 0.071875
4 0.466016 0.398047 0.0445313 0.0679687
5 0.609766 0.105859 0.144531 0.117969
6 0.610156 0.0933594 0.145313 0.0929688
7 0.478125 0.444141 0.30625 0.158594
7 0.262109 0.411328 0.0164063 0.0601563
8 0.158984 0.555469 0.317969 0.270313
9 0.753516 0.542188 0.363281 0.2625
10 0.160938 0.105859 0.303125 0.141406
10 0.403516 0.0625 0.0664062 0.046875
10 0.527734 0.0609375 0.0632812 0.05
10 0.805859 0.18125 0.313281 0.328125
11 0.171875 0.304688 0.078125 0.109375
12 0.211328 0.340234 0.0320312 0.0460938
12 0.711328 0.489063 0.0523438 0.034375
13 0.792188 0.439844 0.359375 0.232813
14 0.0429688 0.0425781 0.0859375 0.0851563
