0 0.472266 0.329688 0.933594 0.6375
1 0.466016 0.130859 0.885156 0.239844
2 0.470703 0.429688 0.930469 0.4375
3 0.472656 0.546094 0.16875 0.19375
4 0.123828 0.367188 0.130469 0.132812
4 0.729688 0.382422 0.0953125 0.117969
5 0.0464844 0.0425781 0.0726563 0.0851563
6 0.0371094 0.0179687 0.0554687 0.0359375
7 0.105859 0.671875 0.211719 0.0890625
7 0.864844 0.680469 0.1875 0.0875
8 0.470703 0.817578 0.147656 0.364844
9 0.754297 0.782031 0.189844 0.123438
10 0.213672 0.8375 0.403906 0.325
11 0.578516 0.633203 0.0804688 0.147656
12 0.633984 0.736719 0.0429688 0.053125
13 0.903906 0.805469 0.0328125 0.0390625
14 0.155469 0.130078 0.1625 0.161719
