0 0.385937 0.506641 0.684375 0.975781
1 0.376172 0.274219 0.642969 0.50625
2 0.385156 0.715234 0.66875 0.557031
3 0.6 0.845703 0.157812 0.308594
4 0.349609 0.623047 0.317969 0.258594
4 0.383594 0.30625 0.1125 0.134375
5 0.5625 0.148047 0.248438 0.296094
6 0.574219 0.01875 0.225 0.0375
7 0.298047 0.93125 0.455469 0.135937
8 0.858203 0.5 0.189844 1
9 0.929688 0.906641 0.129688 0.157031
10 0.679297 0.242578 0.246094 0.266406
11 0.112109 0.235937 0.214844 0.470313
12 0.159375 0.248047 0.0328125 0.0398437
12 0.171094 0.208594 0.0421875 0.0359375
12 0.931641 0.914844 0.0351562 0.0359375
13 0.978906 0.509766 0.034375 0.0445313
13 0.979297 0.651953 0.0351562 0.0382813
13 0.955859 0.729297 0.0570312 0.0539063
13 0.885547 0.804297 0.0695313 0.0929688
13 0.96875 0.841406 0.0453125 0.0765625
14 0.962109 0.0425781 0.0757812 0.0851563
