0 0.433594 0.375 0.317188 0.435937
1 0.432031 0.303516 0.271875 0.133594
2 0.432031 0.459766 0.310937 0.272656
3 0.348828 0.508203 0.0851563 0.166406
4 0.423828 0.326172 0.0773438 0.0804688
5 0.438672 0.13125 0.0992187 0.251563
6 0.432812 0.0847656 0.0953125 0.152344
7 0.163281 0.530469 0.210938 0.1375
7 0.7875 0.465625 0.325 0.114062
8 0.419922 0.777734 0.160156 0.407031
9 0.855469 0.802344 0.289062 0.389062
10 0.778125 0.153906 0.44375 0.307812
10 0.187891 0.180469 0.357031 0.357812
11 0.123047 0.629687 0.232031 0.39375
12 0.275391 0.761719 0.0554687 0.1
12 0.578125 0.7625 0.0609375 0.104688
13 0.150781 0.869922 0.0359375 0.0414062
13 0.226953 0.866016 0.0445313 0.0570312
13 0.278516 0.85625 0.0367188 0.05
13 0.330859 0.865234 0.0257812 0.0414062
13 0.564063 0.870313 0.028125 0.040625
13 0.616797 0.875781 0.0164063 0.03125
14 0.112109 0.116016 0.224219 0.232031
