0 0.402734 0.392578 0.333594 0.350781
1 0.403516 0.338672 0.332031 0.133594
2 0.413281 0.474219 0.28125 0.185938
3 0.415625 0.495703 0.0671875 0.124219
4 0.487891 0.457813 0.0679687 0.0609375
4 0.335938 0.473047 0.065625 0.0742188
5 0.554688 0.230859 0.128125 0.122656
6 0.560547 0.209375 0.116406 0.0796875
7 0.464844 0.611719 0.665625 0.285938
8 0.569531 0.776172 0.615625 0.447656
9 0.860938 0.499609 0.21875 0.200781
10 0.501172 0.170703 0.932031 0.157031
11 0.118359 0.801953 0.219531 0.357031
12 0.411719 0.794141 0.0921875 0.138281
12 0.330469 0.816797 0.0875 0.153906
13 0.667969 0.345703 0.046875 0.0273438
13 0.702734 0.428125 0.0351562 0.0328125
13 0.189453 0.502344 0.0429688 0.028125
14 0.101953 0.100391 0.144531 0.122656
