0 0.610156 0.607031 0.359375 0.534375
1 0.609375 0.492578 0.359375 0.307031
2 0.609375 0.742969 0.346875 0.2625
3 0.611719 0.775391 0.114062 0.164844
4 0.528516 0.705859 0.0898438 0.122656
4 0.720313 0.711719 0.090625 0.115625
5 0.764062 0.403516 0.159375 0.183594
6 0.764453 0.371484 0.158594 0.117969
7 0.889062 0.744922 0.221875 0.144531
8 0.275391 0.607422 0.327344 0.210156
9 0.268359 0.788672 0.302344 0.185156
10 0.499609 0.139063 0.925781 0.167187
11 0.141406 0.321875 0.190625 0.264062
11 0.361328 0.3625 0.169531 0.170313
12 0.296484 0.937891 0.0460938 0.0664062
12 0.501172 0.946094 0.0492187 0.06875
12 0.828125 0.908203 0.0625 0.100781
13 0.0792969 0.730078 0.0445313 0.0460938
13 0.166016 0.698438 0.0835937 0.0296875
13 0.163281 0.947656 0.075 0.04375
13 0.405078 0.921484 0.0664062 0.0320312
13 0.63125 0.925781 0.075 0.0296875
13 0.758594 0.920703 0.0828125 0.0257812
13 0.91875 0.891797 0.0890625 0.0382813
14 0.437109 0.0957031 0.224219 0.191406
