0 0.211328 0.647656 0.308594 0.696875
1 0.204297 0.446875 0.269531 0.270313
2 0.210938 0.749219 0.309375 0.498437
3 0.204297 0.925 0.0679687 0.115625
4 0.126562 0.630859 0.0796875 0.0992187
4 0.239844 0.615625 0.090625 0.0953125
5 0.248828 0.290625 0.0476562 0.23125
6 0.248828 0.255078 0.0476562 0.158594
7 0.557031 0.901953 0.189062 0.183594
8 0.540625 0.535156 0.375 0.528125
9 0.783203 0.908594 0.174219 0.128125
10 0.196094 0.128906 0.354687 0.257812
11 0.871875 0.680469 0.248438 0.623437
12 0.420703 0.900781 0.0945312 0.153125
13 0.422266 0.775391 0.0601563 0.0554687
13 0.553906 0.769922 0.0859375 0.0664062
13 0.717187 0.769531 0.084375 0.0578125
13 0.707812 0.84375 0.0453125 0.021875
14 0.857422 0.107813 0.242969 0.215625
