0 0.480078 0.395313 0.449219 0.420312
1 0.472656 0.323437 0.434375 0.132812
2 0.480078 0.484766 0.449219 0.241406
3 0.485938 0.529297 0.125 0.116406
4 0.346484 0.495312 0.102344 0.117188
4 0.624609 0.467969 0.0648438 0.115625
5 0.624219 0.166406 0.167187 0.192188
6 0.633203 0.131641 0.149219 0.121094
7 0.216797 0.457031 0.142969 0.342187
7 0.70625 0.433984 0.114062 0.303906
8 0.409766 0.789844 0.307031 0.409375
9 0.723047 0.780078 0.342969 0.214844
10 0.503906 0.155859 0.9875 0.271094
11 0.0550781 0.329297 0.0601563 0.197656
11 0.10625 0.339062 0.046875 0.135937
11 0.163672 0.323437 0.0367188 0.103125
11 0.090625 0.471484 0.05625 0.132031
11 0.341016 0.203906 0.0726563 0.110937
11 0.407813 0.196875 0.046875 0.121875
11 0.466016 0.191406 0.0554687 0.1375
11 0.879297 0.322656 0.121094 0.184375
12 0.730469 0.932031 0.05625 0.104688
12 0.797656 0.914453 0.0625 0.0882813
12 0.905078 0.859766 0.0695313 0.122656
12 0.592969 0.950391 0.053125 0.0789062
12 0.669141 0.920312 0.0476562 0.05625
13 0.742969 0.736719 0.504687 0.507812
13 0.210156 0.811719 0.351562 0.315625
14 0.900391 0.078125 0.144531 0.146875
