0 0.544922 0.596094 0.291406 0.2875
1 0.540625 0.541797 0.279687 0.175781
2 0.550391 0.652344 0.282031 0.178125
3 0.492578 0.698047 0.0695313 0.0882813
4 0.474609 0.585156 0.0476562 0.0484375
4 0.578906 0.642188 0.0375 0.0453125
4 0.649219 0.610547 0.0359375 0.0429688
5 0.469141 0.48125 0.117969 0.192188
6 0.46875 0.447266 0.1125 0.124219
7 0.208203 0.573438 0.416406 0.148438
7 0.809766 0.735156 0.338281 0.49375
8 0.498047 0.778125 0.864844 0.39375
9 0.773047 0.882812 0.252344 0.173437
10 0.55625 0.183984 0.853125 0.247656
11 0.811719 0.402734 0.346875 0.317969
12 0.321875 0.676562 0.05 0.0703125
12 0.275 0.674219 0.0421875 0.06875
13 0.143359 0.682813 0.0382813 0.0203125
13 0.0773438 0.766797 0.0359375 0.0226562
13 0.210156 0.782422 0.0359375 0.0226562
13 0.528906 0.942578 0.0390625 0.0242188
13 0.399609 0.975781 0.0398437 0.021875
13 0.883984 0.774219 0.0382813 0.0234375
14 0.145703 0.128516 0.192969 0.227344
