0 0.457031 0.386719 0.614062 0.573438
1 0.458203 0.294141 0.617969 0.214844
2 0.45625 0.517188 0.617188 0.310937
3 0.248828 0.535156 0.114844 0.16875
4 0.548828 0.482031 0.305469 0.109375
5 0.633594 0.120703 0.129688 0.241406
6 0.639453 0.0550781 0.114844 0.110156
7 0.195312 0.671484 0.34375 0.588281
7 0.721094 0.619922 0.557813 0.705469
8 0.332422 0.808203 0.228906 0.357031
9 0.753125 0.794922 0.3125 0.289844
10 0.299609 0.123047 0.592969 0.246094
10 0.83125 0.149219 0.301563 0.279687
11 0.196875 0.766016 0.239063 0.332031
11 0.8625 0.421094 0.2125 0.264062
12 0.128906 0.372656 0.071875 0.121875
12 0.503516 0.747266 0.0789062 0.141406
12 0.582422 0.735156 0.0507812 0.0875
12 0.891797 0.614844 0.0960938 0.121875
13 0.283984 0.89375 0.0742188 0.0640625
13 0.502734 0.893359 0.0867187 0.0585938
13 0.602734 0.892969 0.0617188 0.0625
14 0.934375 0.0796875 0.13125 0.154688
