0 0.361328 0.286719 0.275781 0.242188
1 0.355859 0.242188 0.263281 0.1125
2 0.364453 0.329297 0.267969 0.157031
3 0.452734 0.34375 0.0601563 0.109375
4 0.321484 0.343359 0.0867187 0.0601563
5 0.527344 0.128125 0.257812 0.190625
6 0.527734 0.108984 0.257031 0.152344
7 0.426563 0.501563 0.371875 0.325
8 0.240625 0.533594 0.48125 0.932813
9 0.754687 0.655078 0.342187 0.264844
10 0.757812 0.202734 0.36875 0.182031
11 0.684766 0.310156 0.113281 0.23125
12 0.875391 0.415234 0.0992187 0.157031
12 0.511328 0.712891 0.0742188 0.133594
13 0.464062 0.819531 0.0890625 0.0625
13 0.259375 0.798828 0.0796875 0.0539063
13 0.732812 0.848828 0.08125 0.0523438
13 0.898047 0.839844 0.0679687 0.0578125
14 0.214844 0.0847656 0.121875 0.132031
