0 0.283203 0.374219 0.271094 0.345313
1 0.283203 0.303516 0.267969 0.144531
2 0.286719 0.452344 0.223438 0.1875
3 0.257031 0.490625 0.0515625 0.096875
4 0.327344 0.422266 0.0578125 0.0617188
5 0.3625 0.211719 0.142187 0.190625
6 0.376172 0.157812 0.111719 0.0796875
7 0.544922 0.481641 0.174219 0.0992187
8 0.176172 0.749219 0.219531 0.435937
9 0.521484 0.642188 0.205469 0.153125
10 0.669141 0.198828 0.655469 0.191406
11 0.772656 0.482422 0.260937 0.433594
12 0.682813 0.815625 0.0890625 0.140625
13 0.369531 0.746875 0.08125 0.0390625
13 0.483203 0.788281 0.0851563 0.03125
13 0.373047 0.840234 0.0976562 0.0445313
14 0.158594 0.117578 0.178125 0.167969
