0 0.508594 0.309375 0.589063 0.560937
1 0.509375 0.191406 0.589063 0.325
2 0.507812 0.441797 0.435937 0.296094
3 0.482812 0.493359 0.142187 0.182031
4 0.601172 0.373437 0.113281 0.114062
5 0.280859 0.112891 0.186719 0.225781
6 0.259766 0.04375 0.144531 0.0875
7 0.156641 0.624219 0.313281 0.126562
8 0.522656 0.781641 0.207813 0.436719
9 0.752734 0.673047 0.128906 0.103906
10 0.13125 0.340234 0.253125 0.299219
11 0.862891 0.358203 0.252344 0.469531
12 0.376953 0.740625 0.0492187 0.065625
12 0.126172 0.756641 0.0351562 0.0554687
12 0.235156 0.924609 0.0484375 0.0617188
12 0.809766 0.841406 0.0539063 0.09375
12 0.844141 0.673828 0.0460938 0.0742188
13 0.493359 0.781641 0.961719 0.400781
14 0.108984 0.103516 0.127344 0.116406
