0 0.475781 0.397656 0.473438 0.546875
1 0.475781 0.2875 0.476562 0.298438
2 0.483984 0.528516 0.364844 0.286719
3 0.468359 0.573828 0.124219 0.175781
4 0.384375 0.467578 0.0890625 0.0851563
5 0.614062 0.149609 0.078125 0.283594
6 0.619141 0.0632812 0.0601563 0.114062
7 0.5 0.871875 1 0.189062
8 0.257031 0.699219 0.514062 0.184375
9 0.829297 0.241797 0.341406 0.483594
10 0.276172 0.121875 0.552344 0.217188
11 0.804688 0.508594 0.254688 0.453125
12 0.758203 0.361719 0.0617188 0.0734375
12 0.866016 0.54375 0.0476562 0.05625
13 0.0585938 0.467187 0.0921875 0.0765625
13 0.822656 0.759375 0.107813 0.0671875
14 0.0777344 0.09375 0.155469 0.1875
