0 0.347266 0.383984 0.278906 0.394531
1 0.346094 0.288281 0.275 0.203125
2 0.346484 0.478906 0.277344 0.203125
3 0.412891 0.535156 0.0757812 0.0796875
4 0.307422 0.507812 0.0742188 0.06875
4 0.359766 0.424609 0.0695313 0.0679687
4 0.264453 0.427344 0.0632812 0.0640625
5 0.425 0.230469 0.0515625 0.178125
6 0.425 0.179688 0.0515625 0.0765625
7 0.708594 0.546484 0.379688 0.0882813
7 0.0996094 0.596875 0.199219 0.110937
8 0.4125 0.719922 0.075 0.263281
9 0.769922 0.742578 0.194531 0.175781
10 0.717969 0.300781 0.510938 0.265625
11 0.126562 0.255078 0.229687 0.371094
11 0.10625 0.828906 0.159375 0.204687
12 0.236719 0.795312 0.0671875 0.115625
12 0.529687 0.812109 0.0671875 0.103906
12 0.601953 0.776172 0.0539063 0.0945312
13 0.907422 0.853125 0.161719 0.0546875
13 0.580078 0.684375 0.228906 0.0390625
13 0.223828 0.696875 0.274219 0.0546875
14 0.842187 0.0699219 0.167187 0.121094
