0 0.439453 0.274609 0.419531 0.389844
1 0.440234 0.174219 0.361719 0.1875
2 0.439844 0.351953 0.417187 0.238281
3 0.599219 0.399219 0.0953125 0.1375
4 0.319531 0.330469 0.08125 0.0484375
4 0.432812 0.162109 0.046875 0.0367188
5 0.237891 0.122266 0.138281 0.164844
6 0.237109 0.0847656 0.139844 0.0898438
7 0.125391 0.396875 0.250781 0.114062
7 0.81875 0.382422 0.3625 0.139844
8 0.528125 0.723828 0.242188 0.552344
9 0.238672 0.604297 0.138281 0.121094
10 0.772266 0.235547 0.197656 0.167969
11 0.765625 0.582031 0.215625 0.282813
12 0.215625 0.730469 0.104688 0.109375
13 0.0980469 0.772656 0.0304687 0.025
13 0.339844 0.762109 0.028125 0.0179687
13 0.320703 0.858203 0.0273438 0.0195312
13 0.0898438 0.664062 0.0296875 0.0234375
13 0.177344 0.485156 0.03125 0.0234375
13 0.899609 0.554297 0.0320312 0.0242188
13 0.670312 0.592969 0.0265625 0.0171875
13 0.600391 0.741797 0.0242188 0.0242188
14 0.863672 0.0527344 0.113281 0.105469
