0 0.358984 0.322656 0.508594 0.515625
1 0.358984 0.190625 0.503906 0.253125
2 0.357812 0.407422 0.504687 0.347656
3 0.312109 0.487891 0.164844 0.157031
4 0.478125 0.386328 0.075 0.0804688
4 0.217969 0.347266 0.0703125 0.0804688
5 0.594922 0.117578 0.238281 0.161719
6 0.643359 0.0777344 0.138281 0.0820312
7 0.791797 0.374219 0.416406 0.28125
7 0.0652344 0.471875 0.0914062 0.13125
8 0.274609 0.776953 0.192969 0.446094
9 0.716406 0.66875 0.298438 0.251563
10 0.802734 0.183203 0.394531 0.213281
11 0.0867187 0.213281 0.170313 0.426563
12 0.454688 0.754687 0.132812 0.157812
13 0.0726563 0.746094 0.0828125 0.04375
13 0.479687 0.620703 0.078125 0.0289063
13 0.895703 0.825781 0.0945312 0.028125
13 0.702344 0.876563 0.0734375 0.034375
13 0.605469 0.920703 0.0734375 0.0398437
14 0.885547 0.0703125 0.188281 0.140625
