0 0.277734 0.448437 0.499219 0.485938
1 0.277344 0.378906 0.496875 0.214062
2 0.276562 0.573828 0.489063 0.236719
3 0.123438 0.609766 0.1 0.153906
4 0.346094 0.535937 0.151562 0.08125
5 0.24375 0.210938 0.103125 0.160938
6 0.235547 0.180469 0.0679687 0.0984375
7 0.752734 0.577734 0.494531 0.188281
8 0.192969 0.8375 0.382812 0.325
9 0.721094 0.841406 0.557813 0.317188
10 0.723828 0.189844 0.552344 0.24375
11 0.878125 0.36875 0.178125 0.334375
12 0.387891 0.899219 0.0851563 0.13125
13 0.0582031 0.829688 0.0460938 0.0296875
13 0.301172 0.957031 0.0367188 0.0203125
13 0.387891 0.964844 0.0570312 0.021875
13 0.477344 0.802734 0.0515625 0.0335937
14 0.396484 0.1 0.177344 0.179688
