0 0.378516 0.419141 0.596094 0.672656
1 0.409766 0.210156 0.513281 0.254688
2 0.378906 0.524609 0.595313 0.460156
3 0.364063 0.66875 0.121875 0.170313
4 0.288672 0.364453 0.0414062 0.0445313
4 0.286719 0.426172 0.0375 0.0539063
4 0.274219 0.535937 0.04375 0.0625
4 0.250781 0.653125 0.0484375 0.0765625
4 0.532031 0.348828 0.046875 0.0726563
4 0.504687 0.437109 0.0515625 0.0648438
4 0.472266 0.564844 0.0367188 0.05625
4 0.448437 0.660547 0.04375 0.0507812
5 0.551172 0.191406 0.135156 0.120313
6 0.551562 0.162109 0.134375 0.0617188
7 0.835938 0.658594 0.276562 0.445312
8 0.845703 0.621094 0.307031 0.33125
8 0.430078 0.872266 0.235156 0.255469
9 0.196875 0.860938 0.325 0.190625
10 0.778906 0.16875 0.317188 0.20625
11 0.905078 0.317969 0.158594 0.184375
12 0.629687 0.892578 0.059375 0.119531
12 0.689844 0.932422 0.0515625 0.108594
13 0.838672 0.933203 0.0789062 0.0554687
13 0.0558594 0.769922 0.0742188 0.0617188
14 0.126172 0.110156 0.177344 0.171875
