0 0.535156 0.290234 0.2625 0.414844
1 0.519531 0.202734 0.228125 0.177344
2 0.535937 0.376953 0.2625 0.238281
3 0.524609 0.414062 0.0851563 0.134375
4 0.452344 0.318359 0.0640625 0.0523438
4 0.595703 0.303906 0.0710937 0.0671875
5 0.578516 0.122656 0.0570312 0.2125
6 0.570312 0.0488281 0.040625 0.0648438
7 0.575 0.638672 0.85 0.233594
8 0.128906 0.724219 0.19375 0.551562
8 0.574609 0.823438 0.850781 0.353125
9 0.825781 0.415625 0.210938 0.182812
10 0.211328 0.420703 0.414844 0.247656
11 0.279297 0.502344 0.161719 0.198437
12 0.691406 0.476953 0.065625 0.125781
13 0.391797 0.544922 0.0445313 0.0648438
13 0.416406 0.545703 0.0671875 0.0804688
13 0.450391 0.5375 0.0679687 0.0765625
13 0.492969 0.526172 0.0640625 0.0679687
13 0.533203 0.521094 0.0695313 0.0703125
13 0.570703 0.516016 0.0617188 0.0710937
13 0.601172 0.515234 0.0476562 0.0710937
13 0.623047 0.528125 0.0507812 0.0734375
13 0.639844 0.517969 0.0484375 0.0578125
13 0.651172 0.521875 0.0507812 0.0671875
13 0.680859 0.514844 0.0539063 0.059375
13 0.728516 0.504687 0.0304687 0.0640625
13 0.746484 0.509766 0.0460938 0.0601563
13 0.91875 0.490234 0.0578125 0.0632812
13 0.955078 0.489844 0.0695313 0.0671875
13 0.975781 0.501172 0.0484375 0.0679687
14 0.163281 0.107031 0.226562 0.214062
