0 0.339453 0.316797 0.310156 0.375781
1 0.338281 0.230078 0.307812 0.166406
2 0.338281 0.406641 0.275 0.197656
3 0.395703 0.439453 0.0367188 0.108594
4 0.226562 0.371094 0.028125 0.04375
4 0.454297 0.378906 0.0335937 0.040625
5 0.188281 0.126172 0.209375 0.252344
6 0.186719 0.0671875 0.210938 0.134375
7 0.542969 0.389062 0.145313 0.25625
8 0.236719 0.551172 0.421875 0.114844
9 0.556641 0.773438 0.182031 0.182812
10 0.0707031 0.374219 0.141406 0.196875
11 0.945703 0.404297 0.107031 0.325781
12 0.150391 0.437109 0.0664062 0.117969
13 0.219922 0.872656 0.197656 0.0875
14 0.0550781 0.0460938 0.0757812 0.0921875
