0 0.216797 0.521484 0.349219 0.335156
1 0.216016 0.448828 0.349219 0.108594
2 0.226953 0.580859 0.205469 0.216406
3 0.235547 0.629297 0.0304687 0.0429688
4 0.182422 0.546875 0.0523438 0.0609375
4 0.276953 0.535156 0.0523438 0.059375
5 0.323047 0.244922 0.116406 0.344531
6 0.323437 0.217188 0.115625 0.289062
7 0.859766 0.872656 0.280469 0.232813
8 0.542969 0.758203 0.614062 0.244531
9 0.875781 0.908203 0.24375 0.182031
10 0.627344 0.5375 0.609375 0.298438
11 0.832812 0.709766 0.0609375 0.0804688
11 0.914844 0.716016 0.071875 0.0804688
11 0.221094 0.733203 0.0765625 0.108594
12 0.130859 0.750391 0.0398437 0.0554687
12 0.166797 0.914062 0.0414062 0.0703125
12 0.317969 0.889062 0.0375 0.0546875
12 0.692187 0.691797 0.0421875 0.0601563
12 0.603906 0.658203 0.0265625 0.0554687
13 0.681641 0.785156 0.0335937 0.025
13 0.487891 0.826953 0.0335937 0.0210938
13 0.469141 0.71875 0.0367188 0.0171875
13 0.307422 0.768359 0.0351562 0.0210938
13 0.213281 0.853516 0.034375 0.0242188
13 0.408984 0.91875 0.0335937 0.0203125
13 0.0691406 0.84375 0.0289063 0.021875
14 0.833203 0.100391 0.214844 0.200781
