0 0.145703 0.767969 0.169531 0.304688
1 0.132812 0.723828 0.126562 0.105469
2 0.126953 0.832422 0.130469 0.175781
3 0.128906 0.864062 0.078125 0.1
4 0.128516 0.769922 0.0507812 0.0382813
5 0.226172 0.632812 0.182031 0.2125
6 0.246094 0.573047 0.140625 0.0914062
7 0.133984 0.947656 0.219531 0.05625
7 0.255859 0.839063 0.0507812 0.135937
8 0.555859 0.812109 0.607031 0.374219
9 0.130469 0.122656 0.259375 0.242188
10 0.586328 0.118359 0.825781 0.189844
11 0.564844 0.360156 0.275 0.425
12 0.825391 0.40625 0.0679687 0.140625
13 0.757812 0.458203 0.0625 0.0367188
13 0.824609 0.503125 0.0742188 0.03125
13 0.791797 0.580078 0.111719 0.0242188
13 0.889453 0.442969 0.0585938 0.028125
14 0.923047 0.0667969 0.153906 0.133594
