0 0.466797 0.328125 0.310156 0.407813
1 0.462109 0.21875 0.299219 0.189062
2 0.470313 0.407422 0.303125 0.247656
3 0.46875 0.457031 0.090625 0.129688
4 0.486328 0.217188 0.0835937 0.0625
5 0.634375 0.1125 0.167187 0.203125
6 0.636719 0.0929688 0.160938 0.165625
7 0.166797 0.352734 0.333594 0.0976562
7 0.799609 0.301172 0.397656 0.0820312
8 0.723828 0.658203 0.550781 0.302344
9 0.725391 0.455469 0.199219 0.221875
10 0.261328 0.120313 0.508594 0.0859375
10 0.819922 0.0902344 0.333594 0.0867187
11 0.124609 0.763281 0.214844 0.345313
12 0.331641 0.7625 0.0570312 0.084375
12 0.470703 0.845703 0.0617188 0.0960938
12 0.878906 0.41875 0.046875 0.071875
13 0.180859 0.533984 0.116406 0.0445313
13 0.0710937 0.444922 0.0859375 0.0304687
14 0.0503906 0.0546875 0.0914062 0.101562
