0 0.383984 0.487109 0.267969 0.286719
1 0.383984 0.442578 0.266406 0.172656
2 0.381641 0.563281 0.203906 0.13125
3 0.40625 0.566406 0.0421875 0.0640625
4 0.323828 0.547656 0.0351562 0.040625
5 0.299609 0.370312 0.0445313 0.121875
6 0.3 0.330859 0.040625 0.0414062
7 0.346875 0.662891 0.192188 0.113281
8 0.636328 0.571875 0.155469 0.376563
9 0.120703 0.802734 0.135156 0.158594
10 0.274219 0.287109 0.548438 0.449219
11 0.791016 0.634766 0.117969 0.250781
12 0.886719 0.696094 0.0515625 0.0859375
13 0.758594 0.834375 0.00625 0.03125
13 0.774609 0.841406 0.0101563 0.0421875
13 0.793359 0.836719 0.00703125 0.0296875
13 0.812891 0.839844 0.0117188 0.0375
13 0.840234 0.833984 0.0101563 0.0398437
13 0.860938 0.838672 0.0140625 0.0445313
13 0.892969 0.840625 0.0140625 0.0453125
13 0.922266 0.842187 0.0117188 0.0421875
13 0.944141 0.848047 0.0132812 0.0398437
13 0.965234 0.851562 0.0148437 0.0390625
13 0.980859 0.848828 0.0117188 0.0507812
14 0.836719 0.161719 0.0921875 0.1125
