0 0.517188 0.469922 0.414062 0.939844
1 0.511719 0.122266 0.359375 0.244531
2 0.517578 0.580078 0.413281 0.717969
3 0.367969 0.833203 0.114062 0.211719
4 0.410156 0.5125 0.065625 0.084375
4 0.413672 0.323828 0.0789062 0.107031
4 0.641016 0.341797 0.0601563 0.0867187
4 0.64375 0.492578 0.0578125 0.0710937
5 0.688672 0.0835937 0.219531 0.1625
6 0.725391 0.0285156 0.146094 0.0523438
7 0.162891 0.661719 0.274219 0.153125
8 0.622656 0.920312 0.321875 0.1375
9 0.171484 0.778906 0.235156 0.13125
10 0.176953 0.423828 0.285156 0.313281
11 0.848437 0.721875 0.246875 0.55625
12 0.142578 0.954688 0.0476562 0.090625
12 0.251172 0.955078 0.0507812 0.0898438
13 0.109375 0.877344 0.0671875 0.025
13 0.253906 0.871875 0.0390625 0.0375
13 0.894922 0.916016 0.0617188 0.0242188
14 0.871875 0.101953 0.201563 0.203906
