0 0.409766 0.442969 0.308594 0.36875
1 0.411719 0.350391 0.3125 0.182031
2 0.410156 0.521875 0.307812 0.210938
3 0.416406 0.561328 0.0515625 0.0882813
4 0.330078 0.521484 0.0554687 0.0648438
4 0.508984 0.505859 0.0460938 0.0585938
5 0.375 0.280078 0.046875 0.113281
6 0.371875 0.248828 0.040625 0.0507812
7 0.340625 0.683984 0.385937 0.0398437
8 0.502344 0.854297 0.995313 0.186719
9 0.123438 0.517188 0.198437 0.20625
10 0.156641 0.278906 0.216406 0.195312
11 0.801562 0.557031 0.215625 0.459375
12 0.663672 0.736719 0.0507812 0.0859375
12 0.786719 0.366406 0.0953125 0.078125
12 0.872266 0.455859 0.0742188 0.0632812
13 0.802734 0.759766 0.217969 0.0617188
14 0.907031 0.0855469 0.185938 0.171094
