0 0.471875 0.266406 0.223438 0.357812
1 0.468359 0.188672 0.217969 0.202344
2 0.472656 0.360156 0.223438 0.170313
3 0.423438 0.397266 0.075 0.0867187
4 0.535547 0.336328 0.0398437 0.0523438
5 0.582031 0.125781 0.170313 0.207813
6 0.593359 0.06875 0.147656 0.09375
7 0.147266 0.865234 0.261719 0.121094
7 0.741406 0.876172 0.517188 0.128906
8 0.409766 0.658984 0.182031 0.378906
9 0.178906 0.686328 0.260937 0.160156
10 0.234766 0.26875 0.346094 0.257812
11 0.847656 0.503516 0.107813 0.183594
12 0.726562 0.457031 0.0546875 0.08125
12 0.228906 0.508203 0.0671875 0.0945312
13 0.641797 0.709766 0.0914062 0.0507812
13 0.816016 0.735938 0.0757812 0.04375
14 0.246094 0.0917969 0.178125 0.144531
