0 0.5125 0.375391 0.55 0.625781
1 0.50625 0.223047 0.534375 0.292969
2 0.528125 0.512891 0.48125 0.358594
3 0.408594 0.607812 0.10625 0.153125
4 0.630469 0.530859 0.184375 0.141406
5 0.646875 0.119922 0.11875 0.239844
6 0.650391 0.0300781 0.111719 0.0601563
7 0.876563 0.596094 0.246875 0.14375
8 0.825781 0.823828 0.346875 0.352344
9 0.339062 0.878125 0.459375 0.24375
10 0.206641 0.166797 0.377344 0.333594
10 0.736719 0.129688 0.515625 0.259375
11 0.218359 0.186328 0.164844 0.257031
12 0.542969 0.736328 0.04375 0.0632812
13 0.257031 0.762109 0.123438 0.100781
13 0.678906 0.905469 0.0921875 0.15625
13 0.914062 0.740625 0.0796875 0.13125
13 0.642969 0.723437 0.084375 0.115625
13 0.507812 0.916406 0.0953125 0.146875
14 0.0964844 0.0808594 0.158594 0.161719
