0 0.452344 0.461328 0.357812 0.641406
1 0.466797 0.283984 0.327344 0.286719
2 0.453125 0.567969 0.357812 0.43125
3 0.454688 0.716406 0.0703125 0.125
4 0.391406 0.551172 0.101562 0.117969
5 0.594531 0.174609 0.16875 0.347656
6 0.594141 0.0996094 0.167969 0.197656
7 0.150391 0.573047 0.294531 0.128906
7 0.80625 0.536719 0.3875 0.153125
8 0.5875 0.873828 0.10625 0.252344
9 0.802344 0.784766 0.329688 0.361719
10 0.149609 0.171094 0.299219 0.214062
10 0.770703 0.227344 0.233594 0.173437
11 0.153906 0.782422 0.217188 0.403906
12 0.783203 0.396484 0.0632812 0.0945312
12 0.864844 0.411719 0.053125 0.0796875
12 0.93125 0.408203 0.0734375 0.108594
12 0.0535156 0.423047 0.0695313 0.114844
12 0.138672 0.415625 0.0523438 0.120313
12 0.213672 0.428516 0.0570312 0.0789062
13 0.4625 0.925391 0.0859375 0.0695313
13 0.241797 0.823438 0.0960938 0.090625
14 0.9 0.112891 0.2 0.225781
