0 0.276172 0.569922 0.297656 0.378906
1 0.276172 0.489844 0.297656 0.145313
2 0.282422 0.652344 0.222656 0.214062
3 0.282031 0.715234 0.04375 0.0804688
4 0.340234 0.592969 0.0414062 0.040625
4 0.220703 0.603125 0.0414062 0.04375
5 0.199609 0.308984 0.0679687 0.261719
6 0.199609 0.266016 0.0679687 0.175781
7 0.508984 0.714063 0.235156 0.103125
7 0.113281 0.713281 0.134375 0.0875
8 0.263281 0.874609 0.0875 0.244531
9 0.527734 0.894141 0.341406 0.130469
10 0.692578 0.337891 0.614844 0.296094
11 0.777734 0.621094 0.288281 0.453125
12 0.0878906 0.874609 0.0601563 0.100781
13 0.547656 0.813672 0.0234375 0.0226562
13 0.855078 0.895312 0.0304687 0.025
14 0.390234 0.090625 0.139844 0.146875
