0 0.247656 0.249219 0.29375 0.417187
1 0.238672 0.153906 0.269531 0.226562
2 0.246484 0.346094 0.292969 0.223438
3 0.157812 0.383203 0.0546875 0.121094
4 0.296094 0.298438 0.0671875 0.065625
5 0.301563 0.0796875 0.0625 0.159375
6 0.302734 0.0207031 0.0601563 0.0414062
7 0.540625 0.415625 0.253125 0.0953125
8 0.5 0.523047 1 0.272656
9 0.217188 0.810156 0.204687 0.298438
10 0.798828 0.116016 0.378906 0.183594
11 0.476953 0.220312 0.294531 0.354687
12 0.398438 0.842578 0.117188 0.122656
12 0.624219 0.767188 0.107813 0.140625
12 0.819531 0.871484 0.110937 0.111719
12 0.246875 0.747656 0.0421875 0.0328125
12 0.282813 0.891406 0.0421875 0.0296875
13 0.480469 0.920312 0.0625 0.0375
13 0.814453 0.695703 0.0710937 0.0398437
13 0.08125 0.69375 0.0875 0.0484375
13 0.110156 0.940234 0.0703125 0.0429688
14 0.0796875 0.08125 0.146875 0.159375
