0 0.525 0.461328 0.367188 0.505469
1 0.526563 0.372266 0.367188 0.191406
2 0.518359 0.577344 0.325781 0.271875
3 0.517188 0.635156 0.09375 0.148438
4 0.517578 0.500391 0.105469 0.105469
5 0.635938 0.203516 0.128125 0.300781
6 0.645312 0.134375 0.110937 0.164062
7 0.817187 0.651172 0.23125 0.0835937
8 0.759766 0.778906 0.480469 0.1625
9 0.131641 0.532031 0.189844 0.182812
10 0.327344 0.144922 0.290625 0.203906
11 0.851562 0.210547 0.1875 0.311719
12 0.90625 0.412109 0.14375 0.208594
13 0.0996094 0.872266 0.0773438 0.0429688
13 0.268359 0.830469 0.0757812 0.0421875
13 0.376172 0.893359 0.0445313 0.0257812
13 0.468359 0.809766 0.0710937 0.0351562
13 0.652734 0.798828 0.0664062 0.0289063
13 0.726172 0.923047 0.0492187 0.0273438
13 0.870313 0.889453 0.078125 0.0226562
14 0.117969 0.142969 0.235937 0.285938
