0 0.516016 0.411719 0.624219 0.69375
1 0.529297 0.283203 0.592969 0.171094
2 0.516406 0.544531 0.621875 0.428125
3 0.671484 0.655469 0.0867187 0.176563
4 0.34375 0.483203 0.0796875 0.119531
5 0.358594 0.117578 0.0875 0.208594
6 0.358594 0.0519531 0.0875 0.0773438
7 0.348047 0.805469 0.257031 0.176563
7 0.699609 0.789453 0.263281 0.150781
8 0.477344 0.865625 0.20625 0.26875
9 0.823047 0.885547 0.258594 0.228906
10 0.132422 0.136719 0.260156 0.157812
11 0.901172 0.538281 0.197656 0.509375
12 0.139844 0.683594 0.0484375 0.096875
12 0.0957031 0.672656 0.0554687 0.139063
13 0.102734 0.724609 0.189844 0.0585938
13 0.916797 0.766797 0.166406 0.0679687
14 0.860938 0.119141 0.215625 0.224219
