0 0.482812 0.544531 0.284375 0.420312
1 0.482422 0.436719 0.280469 0.204687
2 0.482812 0.641406 0.284375 0.228125
3 0.573828 0.680469 0.0992187 0.139063
4 0.428516 0.616016 0.0867187 0.0570312
5 0.591016 0.384375 0.128906 0.0828125
6 0.623828 0.35625 0.0617188 0.0265625
7 0.8125 0.661328 0.35625 0.133594
8 0.165234 0.803516 0.327344 0.252344
9 0.185938 0.524609 0.190625 0.186719
10 0.839453 0.146094 0.321094 0.153125
11 0.117578 0.333984 0.169531 0.199219
12 0.184375 0.700781 0.0671875 0.107813
13 0.175781 0.829688 0.30625 0.19375
13 0.652734 0.805469 0.0492187 0.028125
13 0.757422 0.807813 0.0523438 0.028125
13 0.882422 0.815234 0.0601563 0.0289063
13 0.908203 0.9375 0.0570312 0.046875
13 0.768359 0.915234 0.0507812 0.0320312
13 0.626172 0.903906 0.0507812 0.034375
14 0.279687 0.114062 0.23125 0.203125
