0 0.497266 0.565625 0.194531 0.298438
1 0.497656 0.474219 0.1875 0.109375
2 0.492578 0.608594 0.177344 0.189062
3 0.53125 0.639453 0.0453125 0.102344
4 0.452734 0.560547 0.0632812 0.0320312
5 0.533203 0.381641 0.0210938 0.0804688
6 0.532813 0.364453 0.0109375 0.0460938
7 0.249219 0.751953 0.314063 0.280469
7 0.698828 0.70625 0.255469 0.214062
8 0.476953 0.836719 0.150781 0.276562
9 0.261328 0.861328 0.178906 0.0835937
10 0.243359 0.229297 0.460156 0.132031
11 0.833984 0.474609 0.332031 0.558594
12 0.602344 0.796875 0.0484375 0.06875
12 0.65625 0.814063 0.0421875 0.065625
13 0.662891 0.753125 0.0242188 0.0140625
13 0.720313 0.767969 0.015625 0.0109375
13 0.768359 0.808203 0.0242188 0.00859375
14 0.835156 0.107813 0.18125 0.19375
