0 0.645312 0.517578 0.482812 0.633594
1 0.663281 0.409375 0.45 0.207813
2 0.645703 0.600391 0.480469 0.460156
3 0.609375 0.773828 0.08125 0.102344
4 0.492969 0.560937 0.0828125 0.075
5 0.835938 0.252344 0.321875 0.209375
6 0.875391 0.191797 0.238281 0.0757812
7 0.230469 0.728516 0.359375 0.261719
8 0.486719 0.903906 0.351562 0.192188
9 0.184375 0.516797 0.18125 0.130469
10 0.498828 0.137891 0.919531 0.275781
11 0.943359 0.535156 0.110156 0.339062
12 0.139063 0.904687 0.0375 0.103125
13 0.36875 0.915625 0.053125 0.05625
13 0.805469 0.883203 0.071875 0.0648438
13 0.911328 0.803125 0.0726563 0.078125
14 0.0730469 0.071875 0.135156 0.126562
