0 0.376563 0.411719 0.370312 0.2375
1 0.376563 0.40625 0.36875 0.110937
2 0.380078 0.484766 0.341406 0.0882813
3 0.502734 0.496875 0.0351562 0.0625
4 0.333984 0.477734 0.0367188 0.0351562
5 0.303125 0.262891 0.146875 0.266406
6 0.31875 0.215234 0.114062 0.169531
7 0.369922 0.669922 0.730469 0.241406
8 0.375391 0.626172 0.653906 0.130469
9 0.255859 0.896484 0.125781 0.124219
10 0.252734 0.167578 0.505469 0.316406
11 0.46875 0.1375 0.153125 0.273438
12 0.824609 0.627344 0.0507812 0.0828125
13 0.519141 0.826172 0.0507812 0.0367188
13 0.707031 0.825781 0.059375 0.040625
14 0.892188 0.157812 0.215625 0.259375
