0 0.543359 0.382031 0.557031 0.523438
1 0.540625 0.233203 0.551562 0.210156
2 0.545703 0.470703 0.552344 0.346094
3 0.642969 0.526563 0.1625 0.228125
4 0.3875 0.423438 0.117188 0.090625
5 0.829297 0.144141 0.305469 0.214844
6 0.828516 0.103906 0.305469 0.135937
7 0.148047 0.526563 0.285156 0.15
8 0.519531 0.814844 0.3375 0.360938
9 0.214062 0.722266 0.30625 0.150781
10 0.274609 0.15625 0.546094 0.2875
11 0.898047 0.468359 0.158594 0.324219
11 0.941016 0.536719 0.107031 0.182812
12 0.803906 0.789453 0.0453125 0.0554687
12 0.890625 0.805859 0.0484375 0.0523438
13 0.758203 0.700391 0.0804688 0.0257812
13 0.920312 0.711719 0.0390625 0.0171875
13 0.886328 0.942969 0.0398437 0.01875
13 0.774219 0.945312 0.0515625 0.0171875
13 0.184375 0.8125 0.0578125 0.0203125
13 0.304297 0.906641 0.0476562 0.0179687
13 0.801562 0.81875 0.05625 0.01875
13 0.888281 0.836719 0.0546875 0.0203125
14 0.0992187 0.0820312 0.16875 0.164062
