0 0.23125 0.243359 0.38125 0.486719
1 0.224219 0.0648438 0.351562 0.129688
2 0.223828 0.299219 0.353906 0.375
3 0.128516 0.378906 0.125781 0.176563
4 0.158594 0.214844 0.15 0.14375
4 0.324609 0.236328 0.132031 0.135156
5 0.378906 0.0492187 0.084375 0.0984375
6 0.379297 0.01875 0.0835937 0.0375
7 0.5 0.433203 1 0.388281
8 0.0859375 0.726172 0.160938 0.547656
9 0.460547 0.333984 0.146094 0.192969
10 0.739453 0.100391 0.521094 0.200781
11 0.663281 0.271875 0.354687 0.4375
12 0.431641 0.481641 0.0445313 0.0820312
12 0.477344 0.484766 0.0421875 0.0867187
12 0.888281 0.187891 0.053125 0.130469
12 0.962891 0.185156 0.0460938 0.1
13 0.862891 0.430859 0.0976562 0.0664062
13 0.932031 0.6 0.0703125 0.046875
13 0.349609 0.7 0.0804688 0.0421875
13 0.339844 0.893359 0.10625 0.0539063
13 0.521484 0.904297 0.107031 0.0773438
13 0.807031 0.819922 0.101562 0.0695313
13 0.939844 0.913281 0.065625 0.0515625
14 0.50625 0.0628906 0.117188 0.114844
