0 0.432031 0.203906 0.178125 0.270313
1 0.421484 0.123828 0.157031 0.0773438
2 0.43125 0.239453 0.178125 0.199219
3 0.432422 0.299219 0.0679687 0.065625
4 0.422266 0.216406 0.0757812 0.05
5 0.435937 0.06875 0.05 0.11875
6 0.435937 0.0414062 0.05 0.0640625
7 0.346484 0.30625 0.152344 0.1625
7 0.575781 0.341406 0.173437 0.117188
8 0.446484 0.489844 0.113281 0.320312
9 0.582812 0.445312 0.145313 0.160938
10 0.797656 0.159766 0.29375 0.319531
11 0.770703 0.623437 0.111719 0.170313
12 0.613281 0.671484 0.0375 0.0882813
12 0.672266 0.672656 0.0585938 0.0890625
13 0.548828 0.701562 0.0664062 0.0296875
13 0.727344 0.721094 0.0640625 0.0296875
14 0.146094 0.153516 0.229687 0.221094
