0 0.351562 0.482812 0.26875 0.276562
1 0.30625 0.401953 0.178125 0.114844
1 0.425 0.433984 0.107813 0.0851563
2 0.3125 0.530859 0.154688 0.182031
2 0.428906 0.536719 0.114062 0.15
3 0.31875 0.576953 0.0578125 0.0789062
4 0.309766 0.489453 0.0460938 0.0507812
4 0.430078 0.503516 0.0398437 0.0382813
5 0.409766 0.318359 0.130469 0.192969
6 0.415625 0.280078 0.11875 0.116406
7 0.375391 0.720313 0.750781 0.559375
8 0.122266 0.424219 0.227344 0.304688
8 0.875391 0.775781 0.249219 0.192188
9 0.186719 0.739453 0.145313 0.116406
10 0.460156 0.152344 0.871875 0.185938
11 0.867188 0.610547 0.245312 0.639844
12 0.496094 0.691797 0.0515625 0.0789062
12 0.559766 0.686328 0.0460938 0.0710937
13 0.352734 0.774609 0.0554687 0.0429688
13 0.153516 0.839453 0.0445313 0.0320312
13 0.307031 0.955078 0.0546875 0.0367188
13 0.530859 0.914844 0.0648438 0.04375
14 0.823828 0.0746094 0.199219 0.139844
