0 0.492188 0.599219 0.396875 0.582812
1 0.492578 0.475781 0.394531 0.19375
2 0.484375 0.719531 0.329688 0.342187
3 0.48125 0.809375 0.075 0.157812
4 0.392188 0.722266 0.0578125 0.0773438
4 0.581641 0.724609 0.0507812 0.0617188
5 0.462891 0.294531 0.0742188 0.248438
6 0.458984 0.236328 0.0664062 0.132031
7 0.199219 0.844531 0.270313 0.11875
8 0.816406 0.769922 0.353125 0.189844
9 0.864062 0.483203 0.259375 0.280469
10 0.5 0.308984 1 0.516406
11 0.116797 0.610156 0.185156 0.328125
12 0.219922 0.720313 0.0539063 0.0828125
13 0.0546875 0.726172 0.05 0.0507812
13 0.277344 0.761719 0.0421875 0.053125
13 0.232422 0.610938 0.0523438 0.053125
13 0.707422 0.629687 0.0585938 0.0421875
13 0.814844 0.642969 0.107813 0.0484375
13 0.707422 0.519531 0.0429688 0.0421875
14 0.114844 0.148828 0.229687 0.253906
