0 0.718359 0.353125 0.517969 0.698438
1 0.715625 0.150781 0.520312 0.290625
2 0.720703 0.485547 0.524219 0.439844
3 0.732812 0.594922 0.084375 0.174219
4 0.592969 0.485938 0.090625 0.101562
5 0.889062 0.106641 0.071875 0.207031
6 0.890625 0.0230469 0.0796875 0.0460938
7 0.489063 0.734766 0.96875 0.0679687
8 0.248438 0.363281 0.290625 0.68125
9 0.382812 0.257422 0.139063 0.221094
10 0.402344 0.0535156 0.075 0.100781
11 0.194531 0.55625 0.0765625 0.221875
12 0.0574219 0.671875 0.0507812 0.0875
12 0.135547 0.654297 0.0695313 0.103906
12 0.428125 0.661328 0.0609375 0.0898438
12 0.48125 0.660156 0.0765625 0.10625
12 0.40625 0.234375 0.0515625 0.075
12 0.334375 0.204687 0.053125 0.0703125
12 0.385156 0.182031 0.0609375 0.0640625
13 0.442969 0.711719 0.885938 0.0625
14 0.0984375 0.0792969 0.139063 0.150781
