0 0.361719 0.648438 0.353125 0.332813
1 0.3625 0.580859 0.353125 0.197656
2 0.375 0.734375 0.2875 0.160938
3 0.374219 0.767188 0.0890625 0.090625
4 0.467578 0.708594 0.0367188 0.034375
4 0.285938 0.708984 0.0375 0.0351562
4 0.355078 0.604297 0.0851563 0.0789062
5 0.555469 0.510938 0.145313 0.196875
6 0.562891 0.459766 0.132031 0.0945312
7 0.733594 0.611328 0.532813 0.232031
7 0.132812 0.635156 0.265625 0.223438
8 0.329297 0.415234 0.332031 0.210156
9 0.831641 0.861328 0.219531 0.177344
10 0.467187 0.223828 0.673438 0.175781
11 0.83125 0.462109 0.279687 0.482031
12 0.135547 0.807031 0.0617188 0.0875
12 0.0675781 0.813672 0.0554687 0.0851563
13 0.61875 0.939063 0.109375 0.046875
13 0.623047 0.783984 0.0820312 0.0320312
13 0.342578 0.944922 0.0773438 0.0382813
13 0.127734 0.867578 0.108594 0.0335937
14 0.605078 0.0914062 0.161719 0.148438
