0 0.355859 0.373047 0.183594 0.363281
1 0.353906 0.310547 0.182812 0.227344
2 0.350781 0.480469 0.142187 0.148438
3 0.323437 0.520312 0.0375 0.05625
4 0.321484 0.446094 0.0367188 0.0375
5 0.454688 0.257422 0.10625 0.221094
6 0.464062 0.196875 0.0890625 0.0984375
7 0.537891 0.566016 0.183594 0.0679687
8 0.196094 0.737109 0.310937 0.367969
9 0.530078 0.812109 0.303906 0.200781
10 0.506641 0.197266 0.903906 0.267969
11 0.794922 0.647656 0.0992187 0.129688
12 0.507812 0.535547 0.0375 0.0585938
12 0.565625 0.540234 0.03125 0.0523438
13 0.617188 0.622266 0.0859375 0.0351562
13 0.144531 0.528516 0.06875 0.0382813
13 0.268359 0.769141 0.0773438 0.0476562
14 0.649219 0.2125 0.160938 0.1125
