0 0.407422 0.491016 0.292969 0.425781
1 0.407422 0.375 0.292969 0.19375
2 0.414844 0.571484 0.214062 0.263281
3 0.480078 0.635156 0.0632812 0.120313
4 0.375781 0.555469 0.046875 0.0625
5 0.303906 0.289062 0.123438 0.242188
6 0.289453 0.227734 0.0945312 0.119531
7 0.164453 0.642578 0.328906 0.119531
7 0.757422 0.630859 0.483594 0.108594
8 0.391016 0.842578 0.278906 0.314844
9 0.811719 0.833203 0.221875 0.239844
10 0.499609 0.203516 0.999219 0.342969
11 0.144531 0.585547 0.165625 0.611719
12 0.576562 0.870703 0.06875 0.102344
13 0.515234 0.819922 0.969531 0.360156
14 0.907813 0.0671875 0.160938 0.134375
