0 0.504687 0.342187 0.573438 0.523438
1 0.509375 0.166406 0.564063 0.171875
2 0.492578 0.414453 0.549219 0.378906
3 0.553516 0.519922 0.0851563 0.125781
4 0.417187 0.363281 0.101562 0.1
4 0.497266 0.176172 0.0632812 0.0476562
5 0.707031 0.124609 0.123438 0.191406
6 0.695312 0.0824219 0.1 0.107031
7 0.875781 0.524219 0.248438 0.078125
7 0.111719 0.753906 0.1375 0.3375
8 0.5 0.787891 1 0.424219
9 0.304688 0.678125 0.260937 0.157812
10 0.875781 0.319922 0.248438 0.116406
11 0.125391 0.408203 0.246094 0.422656
12 0.601562 0.695312 0.053125 0.075
12 0.716797 0.725391 0.0429688 0.0460938
13 0.822266 0.756641 0.0710937 0.0960938
13 0.657031 0.911719 0.120313 0.08125
13 0.869531 0.604688 0.107813 0.028125
13 0.745313 0.926562 0.0734375 0.028125
14 0.844531 0.06875 0.1625 0.1375
