0 0.403125 0.328125 0.553125 0.5375
1 0.40625 0.241406 0.546875 0.204687
2 0.399609 0.444922 0.547656 0.303906
3 0.184375 0.507422 0.115625 0.133594
4 0.475391 0.458203 0.375781 0.160156
5 0.362109 0.09375 0.0945312 0.179688
6 0.367188 0.0355469 0.084375 0.0632812
7 0.0691406 0.453906 0.138281 0.178125
7 0.832812 0.433594 0.334375 0.21875
8 0.130469 0.716406 0.239063 0.309375
9 0.616016 0.670703 0.146094 0.161719
10 0.730469 0.179688 0.539062 0.296875
11 0.856641 0.689844 0.257031 0.371875
12 0.180859 0.726953 0.0414062 0.0617188
12 0.169531 0.8125 0.0359375 0.0546875
12 0.265234 0.774609 0.0492187 0.0695313
12 0.314844 0.676953 0.04375 0.0570312
12 0.485156 0.737891 0.04375 0.116406
12 0.422266 0.853125 0.0445313 0.08125
12 0.203516 0.876563 0.0492187 0.0609375
13 0.332031 0.741406 0.2625 0.315625
14 0.107031 0.127734 0.214062 0.255469
