0 0.3125 0.517578 0.2 0.247656
1 0.315234 0.498828 0.194531 0.0914062
2 0.310937 0.575391 0.196875 0.136719
3 0.253125 0.593359 0.0390625 0.0867187
4 0.322656 0.551953 0.034375 0.0382813
4 0.365234 0.545703 0.0257812 0.0398437
5 0.467969 0.396875 0.307812 0.189062
6 0.470703 0.354297 0.311719 0.108594
7 0.476172 0.629297 0.853906 0.171094
8 0.556641 0.301172 0.886719 0.560156
9 0.153516 0.420703 0.274219 0.275781
10 0.148047 0.0742188 0.203906 0.148438
11 0.918359 0.262109 0.141406 0.227344
12 0.900781 0.459766 0.0671875 0.114844
12 0.595313 0.811328 0.0875 0.135156
13 0.839063 0.510156 0.0671875 0.03125
13 0.673438 0.841797 0.0625 0.0320312
14 0.947656 0.0554687 0.104688 0.110937
