0 0.475391 0.346094 0.282031 0.328125
1 0.478906 0.279687 0.23125 0.19375
2 0.475391 0.415234 0.280469 0.188281
3 0.410938 0.453906 0.0421875 0.0515625
4 0.511719 0.411719 0.0375 0.0421875
5 0.558984 0.19375 0.0789062 0.18125
6 0.5625 0.165625 0.071875 0.126562
7 0.475781 0.513281 0.6125 0.510938
8 0.459375 0.671875 0.214062 0.409375
9 0.891797 0.448437 0.130469 0.184375
10 0.498828 0.155469 0.997656 0.260937
11 0.694141 0.3625 0.0648438 0.115625
12 0.532813 0.577734 0.0328125 0.0460938
13 0.405859 0.567187 0.164844 0.0328125
14 0.0511719 0.0835937 0.0992187 0.167187
