0 0.354687 0.403906 0.34375 0.2875
1 0.351172 0.351953 0.336719 0.172656
2 0.366797 0.426172 0.317969 0.238281
3 0.460547 0.425391 0.0523438 0.111719
4 0.317188 0.442578 0.0421875 0.0507812
5 0.261719 0.265234 0.05625 0.100781
6 0.258984 0.243359 0.0507812 0.0570312
7 0.548438 0.523828 0.0703125 0.172656
7 0.425781 0.582422 0.0796875 0.153906
8 0.512891 0.710938 0.249219 0.567187
9 0.755078 0.904687 0.197656 0.175
10 0.150391 0.101562 0.108594 0.0734375
10 0.341016 0.0964844 0.0882813 0.0867187
10 0.524609 0.0867187 0.121094 0.078125
10 0.719922 0.0914062 0.114844 0.084375
10 0.903125 0.103906 0.110937 0.09375
11 0.896484 0.321094 0.207031 0.30625
11 0.805078 0.439453 0.0632812 0.0929688
12 0.242188 0.762109 0.0375 0.0820312
12 0.165234 0.810156 0.0320312 0.0625
13 0.948047 0.479297 0.0679687 0.0289063
13 0.771875 0.483203 0.05 0.0289063
13 0.302344 0.800781 0.046875 0.03125
13 0.130469 0.866016 0.046875 0.0335937
14 0.641406 0.0648438 0.115625 0.110937
