0 0.346875 0.354687 0.69375 0.642188
1 0.346875 0.25625 0.69375 0.298438
2 0.338281 0.525781 0.673438 0.296875
3 0.55625 0.542188 0.103125 0.220312
4 0.122656 0.498437 0.145313 0.110937
4 0.349219 0.510156 0.170313 0.1125
5 0.219531 0.090625 0.270313 0.176563
6 0.235937 0.0351562 0.2375 0.06875
7 0.397266 0.501172 0.794531 0.682031
8 0.609375 0.829688 0.5125 0.296875
9 0.253516 0.897266 0.222656 0.205469
10 0.607422 0.0488281 0.521094 0.0976562
11 0.891016 0.578906 0.216406 0.489063
12 0.569922 0.825781 0.0554687 0.0953125
13 0.09375 0.855859 0.1875 0.0585938
13 0.440625 0.841406 0.2125 0.0421875
13 0.680078 0.834766 0.186719 0.0335937
14 0.883594 0.105469 0.232813 0.210938
