0 0.428125 0.475391 0.621875 0.766406
1 0.429297 0.258594 0.621094 0.323437
2 0.407031 0.619922 0.439063 0.480469
3 0.440234 0.743359 0.161719 0.233594
4 0.383594 0.278125 0.123438 0.109375
5 0.595313 0.127734 0.25 0.163281
6 0.605469 0.0957031 0.228125 0.100781
7 0.403906 0.724609 0.598437 0.402344
8 0.148438 0.910547 0.296875 0.178906
9 0.851172 0.864844 0.297656 0.270313
10 0.743359 0.225 0.207031 0.148438
10 0.0929688 0.364453 0.15625 0.294531
11 0.891797 0.451172 0.186719 0.344531
12 0.653906 0.914844 0.0875 0.157812
12 0.592187 0.945312 0.065625 0.0953125
13 0.109375 0.544141 0.182812 0.0742188
13 0.116406 0.642578 0.140625 0.0695313
13 0.138672 0.822656 0.141406 0.065625
13 0.824609 0.672266 0.297656 0.0664062
13 0.765234 0.744922 0.177344 0.0585938
14 0.898438 0.1375 0.203125 0.275
