0 0.249609 0.299219 0.269531 0.371875
1 0.234375 0.201953 0.234375 0.171094
2 0.248438 0.372656 0.265625 0.220312
3 0.330078 0.416797 0.102344 0.124219
4 0.182812 0.355469 0.071875 0.0796875
5 0.307812 0.136328 0.071875 0.210156
6 0.314063 0.0855469 0.059375 0.105469
7 0.279297 0.301953 0.558594 0.599219
8 0.439844 0.415625 0.14375 0.08125
9 0.641797 0.337109 0.285156 0.358594
10 0.261719 0.804297 0.517188 0.391406
11 0.650391 0.759766 0.336719 0.480469
12 0.873047 0.607812 0.111719 0.178125
13 0.844531 0.796875 0.0578125 0.0390625
13 0.858984 0.321484 0.0804688 0.0632812
13 0.614062 0.0824219 0.0625 0.0507812
14 0.888672 0.111719 0.222656 0.223438
