0 0.479687 0.385547 0.31875 0.361719
1 0.479297 0.291406 0.319531 0.14375
2 0.477344 0.457422 0.28125 0.217969
3 0.584375 0.495703 0.0578125 0.116406
4 0.4625 0.428125 0.142187 0.132812
5 0.291016 0.183203 0.319531 0.244531
6 0.286719 0.127344 0.310937 0.132812
7 0.189844 0.508203 0.332813 0.139844
7 0.762891 0.505859 0.319531 0.116406
8 0.745313 0.615625 0.375 0.148438
9 0.251953 0.726953 0.246094 0.158594
10 0.516016 0.159766 0.917969 0.278906
11 0.0929688 0.349609 0.11875 0.175781
11 0.235156 0.335938 0.0921875 0.154688
11 0.689063 0.353125 0.090625 0.142187
11 0.85625 0.365234 0.096875 0.142969
12 0.477734 0.683984 0.0398437 0.0789062
12 0.5375 0.785156 0.0484375 0.090625
12 0.697266 0.807031 0.0476562 0.08125
12 0.818359 0.785156 0.0492187 0.084375
13 0.653125 0.719141 0.0421875 0.0335937
13 0.411719 0.798828 0.040625 0.0351562
13 0.618359 0.860547 0.0226562 0.0320312
13 0.780078 0.870313 0.0351562 0.025
14 0.826172 0.0902344 0.158594 0.132031
