0 0.527734 0.403125 0.453906 0.371875
1 0.510938 0.324219 0.415625 0.21875
2 0.512109 0.493359 0.366406 0.191406
3 0.60625 0.502734 0.06875 0.0992187
4 0.549609 0.466797 0.0414062 0.0445313
4 0.658984 0.458594 0.0367188 0.046875
4 0.431641 0.376172 0.0601563 0.0382813
5 0.726953 0.3625 0.0835937 0.154688
6 0.741406 0.324609 0.0546875 0.0789062
7 0.651953 0.688672 0.305469 0.117969
7 0.202734 0.727734 0.250781 0.103906
8 0.317578 0.773438 0.450781 0.389062
9 0.718359 0.8125 0.507031 0.375
10 0.502344 0.112891 0.964063 0.216406
11 0.228516 0.404297 0.222656 0.424219
12 0.953125 0.5875 0.06875 0.1
12 0.896484 0.564063 0.0914062 0.117188
13 0.301953 0.591406 0.0742188 0.046875
13 0.304297 0.543359 0.0570312 0.0414062
13 0.219141 0.582031 0.0492187 0.04375
13 0.154297 0.607031 0.0632812 0.05625
14 0.878906 0.13125 0.173437 0.179688
