0 0.385937 0.388281 0.409375 0.465625
1 0.385547 0.273438 0.407031 0.232813
2 0.3875 0.490234 0.321875 0.260156
3 0.333984 0.479687 0.113281 0.251563
4 0.445703 0.391016 0.153906 0.130469
5 0.389453 0.142969 0.327344 0.285938
6 0.392188 0.09375 0.329688 0.1875
7 0.127344 0.578125 0.24375 0.146875
8 0.492578 0.707422 0.985156 0.160156
9 0.494531 0.856641 0.1625 0.157031
9 0.602344 0.555469 0.154688 0.175
10 0.784766 0.139453 0.430469 0.278906
11 0.765234 0.05625 0.0679687 0.084375
11 0.733984 0.142187 0.0960938 0.115625
11 0.812891 0.114062 0.0867187 0.101562
11 0.854688 0.181641 0.096875 0.117969
11 0.775 0.214453 0.101562 0.111719
11 0.658594 0.216797 0.0953125 0.107031
11 0.714453 0.292969 0.0992187 0.107813
11 0.897656 0.26875 0.104688 0.1125
11 0.720313 0.891797 0.0953125 0.127344
12 0.779297 0.56875 0.103906 0.146875
12 0.174609 0.874609 0.108594 0.172656
13 0.0785156 0.913672 0.0367188 0.0242188
13 0.212109 0.953516 0.0429688 0.0195312
13 0.320312 0.828125 0.0328125 0.0234375
13 0.460938 0.955859 0.0546875 0.0320312
13 0.588281 0.862891 0.028125 0.0226562
13 0.837891 0.923828 0.0492187 0.0304687
13 0.836328 0.623828 0.0226562 0.0164063
13 0.796484 0.626563 0.0289063 0.015625
13 0.723828 0.621484 0.0304687 0.0179687
13 0.618359 0.284375 0.0398437 0.0234375
13 0.788281 0.290234 0.03125 0.0273438
13 0.833594 0.233203 0.03125 0.0242188
13 0.913281 0.191797 0.034375 0.0242188
13 0.966406 0.2625 0.028125 0.0265625
13 0.959766 0.305469 0.0539063 0.0265625
13 0.788281 0.142578 0.0234375 0.0195312
13 0.688672 0.155078 0.0429688 0.0210938
13 0.728125 0.0710937 0.021875 0.021875
13 0.804688 0.0523438 0.0234375 0.01875
14 0.0988281 0.150781 0.197656 0.301563
