0 0.559766 0.317969 0.446094 0.607812
1 0.561719 0.148828 0.442188 0.271094
2 0.557813 0.434375 0.440625 0.375
3 0.589844 0.494922 0.14375 0.235156
4 0.444531 0.390625 0.134375 0.148438
5 0.711719 0.0753906 0.1375 0.141406
6 0.744531 0.0332031 0.06875 0.0554687
7 0.198437 0.682031 0.36875 0.096875
7 0.861719 0.638672 0.201563 0.0898438
8 0.593359 0.773438 0.314844 0.346875
9 0.198437 0.83125 0.245312 0.204687
10 0.878516 0.109375 0.242969 0.1625
11 0.890625 0.391797 0.1875 0.375781
12 0.178906 0.319531 0.0953125 0.207813
13 0.275 0.587891 0.059375 0.0351562
13 0.816797 0.470703 0.0539063 0.0367188
14 0.111328 0.105859 0.222656 0.211719
