0 0.452734 0.385156 0.327344 0.407813
1 0.452344 0.274609 0.325 0.185156
2 0.455078 0.468359 0.266406 0.239844
3 0.521484 0.506641 0.0664062 0.142969
4 0.392188 0.475 0.065625 0.0875
5 0.5375 0.171875 0.107813 0.242188
6 0.537891 0.121094 0.108594 0.140625
7 0.246875 0.807031 0.275 0.329688
7 0.468359 0.883203 0.155469 0.227344
8 0.398828 0.798438 0.338281 0.38125
9 0.746094 0.798438 0.370312 0.264062
10 0.236328 0.150781 0.442969 0.203125
11 0.147656 0.573047 0.265625 0.597656
12 0.800391 0.422266 0.102344 0.124219
12 0.910937 0.494922 0.09375 0.103906
13 0.716406 0.541797 0.109375 0.0507812
13 0.884766 0.568359 0.0898438 0.0507812
14 0.223438 0.0898438 0.13125 0.123438
