0 0.173047 0.192578 0.221094 0.277344
1 0.172266 0.118359 0.210156 0.0789062
2 0.173047 0.241016 0.221094 0.178906
3 0.177344 0.282813 0.0921875 0.0890625
4 0.096875 0.282813 0.0421875 0.040625
4 0.101172 0.191406 0.0429688 0.0484375
4 0.171094 0.189062 0.0453125 0.0453125
4 0.248438 0.189453 0.0546875 0.0398437
4 0.248047 0.280469 0.0304687 0.034375
5 0.250781 0.0464844 0.04375 0.0851563
6 0.257422 0.0285156 0.0304687 0.0507812
7 0.599219 0.39375 0.801562 0.0546875
7 0.0464844 0.401172 0.0898438 0.0429688
8 0.544531 0.709375 0.910937 0.58125
9 0.508984 0.235547 0.267969 0.130469
10 0.670312 0.0382813 0.659375 0.0765625
11 0.758203 0.146875 0.0789062 0.109375
12 0.110156 0.686719 0.0328125 0.075
12 0.246094 0.929297 0.034375 0.0554687
12 0.576562 0.519141 0.028125 0.0507812
12 0.931641 0.626172 0.0382813 0.0585938
13 0.0550781 0.635547 0.0257812 0.0179687
13 0.0660156 0.773828 0.0351562 0.0242188
13 0.148047 0.8875 0.0492187 0.0234375
13 0.184375 0.809375 0.03125 0.01875
13 0.435547 0.463281 0.0289063 0.0171875
13 0.515625 0.571094 0.0265625 0.0171875
13 0.655078 0.496484 0.0429688 0.0273438
13 0.64375 0.617969 0.028125 0.015625
13 0.712109 0.566406 0.0460938 0.0171875
13 0.708594 0.674219 0.0328125 0.0203125
13 0.824609 0.587109 0.0351562 0.0195312
13 0.864844 0.701953 0.0390625 0.0179687
13 0.898828 0.722266 0.0289063 0.0164063
13 0.922656 0.489453 0.03125 0.0179687
14 0.0550781 0.0554687 0.108594 0.110937
