0 0.48125 0.472266 0.409375 0.550781
1 0.481641 0.388672 0.408594 0.191406
2 0.477734 0.601953 0.299219 0.288281
3 0.375781 0.681641 0.096875 0.127344
4 0.508984 0.564844 0.108594 0.09375
5 0.569531 0.150391 0.2375 0.300781
6 0.569141 0.0972656 0.238281 0.194531
7 0.308594 0.583203 0.0625 0.114844
7 0.517969 0.694922 0.617188 0.350781
8 0.126172 0.567187 0.177344 0.865625
9 0.892188 0.878516 0.215625 0.241406
10 0.450391 0.171875 0.894531 0.301563
11 0.877344 0.357812 0.2375 0.328125
12 0.0171875 0.409766 0.0296875 0.0414062
12 0.0476562 0.410938 0.0265625 0.046875
12 0.0824219 0.408594 0.0335937 0.0421875
13 0.0554687 0.439063 0.0875 0.0390625
13 0.0371094 0.485547 0.0664062 0.0289063
14 0.101953 0.0871094 0.203906 0.167969
