0 0.491797 0.422266 0.532031 0.453906
1 0.502344 0.307031 0.507812 0.204687
2 0.489453 0.501953 0.527344 0.292969
3 0.386719 0.542188 0.084375 0.157812
4 0.293359 0.484375 0.0648438 0.090625
4 0.505469 0.491406 0.0625 0.0640625
4 0.64375 0.526953 0.0828125 0.0914062
5 0.685547 0.217578 0.124219 0.180469
6 0.695312 0.156641 0.104688 0.0585938
7 0.119922 0.507031 0.239844 0.125
7 0.866406 0.544531 0.267188 0.157812
8 0.401172 0.783594 0.142969 0.346875
9 0.227734 0.800391 0.247656 0.161719
10 0.173437 0.242188 0.346875 0.240625
11 0.878906 0.294922 0.21875 0.396094
12 0.485156 0.547656 0.028125 0.053125
13 0.385156 0.683594 0.034375 0.0234375
13 0.742188 0.752734 0.028125 0.0132812
13 0.116406 0.623047 0.0421875 0.0226562
13 0.8 0.434375 0.025 0.0109375
14 0.185938 0.110937 0.371875 0.221875
