0 0.570312 0.341406 0.525 0.679688
1 0.531641 0.179688 0.449219 0.359375
2 0.569922 0.495312 0.521094 0.36875
3 0.486719 0.591016 0.103125 0.124219
4 0.403906 0.477734 0.0984375 0.0820312
4 0.708203 0.452734 0.119531 0.0898438
5 0.652734 0.106641 0.0664062 0.172656
6 0.639844 0.0617188 0.040625 0.0828125
7 0.5 0.745703 1 0.117969
8 0.491797 0.817969 0.135156 0.364063
9 0.174609 0.573047 0.169531 0.119531
10 0.191406 0.207031 0.382812 0.173437
10 0.837891 0.187891 0.321094 0.147656
11 0.899219 0.316016 0.084375 0.167969
12 0.925 0.566016 0.078125 0.141406
13 0.171484 0.502344 0.333594 0.454688
14 0.904687 0.108984 0.190625 0.214844
