0 0.617969 0.453125 0.589063 0.573438
1 0.617188 0.346875 0.590625 0.35
2 0.61875 0.557813 0.5875 0.365625
3 0.429688 0.566406 0.0890625 0.145313
4 0.751953 0.628906 0.214844 0.142187
5 0.579297 0.136328 0.207031 0.272656
6 0.578906 0.0910156 0.207813 0.182031
7 0.185547 0.666016 0.336719 0.116406
8 0.353125 0.791797 0.210938 0.416406
9 0.182031 0.5125 0.20625 0.146875
10 0.796094 0.263281 0.407813 0.267188
11 0.900391 0.848047 0.180469 0.274219
12 0.628125 0.879297 0.0859375 0.163281
13 0.517188 0.939063 0.0796875 0.04375
13 0.716016 0.954297 0.0820312 0.0382813
14 0.917578 0.0703125 0.102344 0.101562
