0 0.288281 0.540625 0.310937 0.285938
1 0.285547 0.464062 0.305469 0.129688
2 0.285938 0.594531 0.196875 0.175
3 0.324219 0.627734 0.078125 0.103906
4 0.238672 0.567578 0.0460938 0.0507812
5 0.415625 0.35625 0.179688 0.225
6 0.427734 0.317188 0.158594 0.146875
7 0.557813 0.712891 0.25625 0.110156
8 0.394531 0.836719 0.221875 0.320312
9 0.598437 0.810937 0.35625 0.148438
10 0.501563 0.267969 0.996875 0.423438
11 0.781641 0.625391 0.171094 0.264844
12 0.178906 0.858203 0.08125 0.108594
13 0.916016 0.667188 0.0414062 0.0296875
13 0.869141 0.895312 0.0570312 0.03125
13 0.546484 0.895703 0.0429688 0.0273438
14 0.727344 0.123047 0.179688 0.189844
