0 0.458984 0.320312 0.388281 0.421875
1 0.339453 0.152344 0.138281 0.0875
1 0.607422 0.177734 0.0429688 0.0867187
2 0.335938 0.229297 0.142187 0.128906
2 0.459375 0.226953 0.132812 0.0929688
2 0.564453 0.232422 0.138281 0.0820312
2 0.458594 0.392969 0.389062 0.278125
3 0.417969 0.478516 0.059375 0.105469
3 0.425781 0.340234 0.053125 0.0679687
4 0.334375 0.450781 0.0765625 0.084375
4 0.532031 0.437891 0.0765625 0.0773438
4 0.533203 0.312109 0.0585938 0.0617188
4 0.352734 0.320312 0.0570312 0.065625
4 0.561328 0.211719 0.0570312 0.075
4 0.457422 0.208984 0.0476562 0.0476562
4 0.366406 0.221484 0.0546875 0.0554687
4 0.294922 0.235547 0.0585938 0.0617188
4 0.331641 0.148047 0.0601563 0.0523438
5 0.687109 0.0949219 0.163281 0.180469
6 0.699219 0.0628906 0.139063 0.116406
7 0.801562 0.407031 0.34375 0.13125
7 0.145313 0.458594 0.278125 0.198437
8 0.391797 0.762109 0.117969 0.475781
9 0.197266 0.637891 0.363281 0.350781
10 0.725781 0.155078 0.478125 0.247656
11 0.140234 0.304297 0.236719 0.533594
12 0.457031 0.541797 0.0375 0.0601563
12 0.609375 0.590625 0.0625 0.090625
12 0.613281 0.796875 0.059375 0.129688
12 0.890234 0.668359 0.0992187 0.255469
12 0.752344 0.633203 0.08125 0.0960938
13 0.5125 0.589844 0.0546875 0.040625
13 0.501172 0.884766 0.0679687 0.0429688
13 0.798438 0.803125 0.06875 0.046875
13 0.940234 0.901563 0.0679687 0.0578125
13 0.798828 0.53125 0.0726563 0.0421875
13 0.939844 0.524609 0.0640625 0.0523438
13 0.208203 0.887109 0.0648438 0.0476562
14 0.392969 0.0660156 0.179688 0.132031
