0 0.482812 0.35 0.742188 0.6625
1 0.491016 0.179688 0.686719 0.170313
2 0.482422 0.467578 0.741406 0.425781
3 0.163281 0.541797 0.101562 0.267969
4 0.341406 0.446875 0.134375 0.146875
4 0.455078 0.451172 0.130469 0.141406
4 0.671484 0.442578 0.113281 0.144531
4 0.773438 0.439063 0.114062 0.15
5 0.247266 0.0984375 0.110156 0.196875
6 0.266797 0.0226562 0.0710937 0.0453125
7 0.226562 0.715625 0.351562 0.148438
7 0.782031 0.754297 0.353125 0.208594
8 0.484766 0.948828 0.941406 0.100781
9 0.871094 0.096875 0.257812 0.19375
10 0.0871094 0.121094 0.174219 0.234375
11 0.930078 0.481641 0.119531 0.239844
12 0.59375 0.854688 0.109375 0.145313
13 0.494531 0.883594 0.967187 0.0875
14 0.446484 0.0613281 0.172656 0.116406
