0 0.3 0.366406 0.496875 0.490625
1 0.302734 0.228516 0.494531 0.214844
2 0.301172 0.457422 0.394531 0.308594
3 0.388672 0.528516 0.113281 0.155469
4 0.203516 0.410547 0.108594 0.125781
5 0.450391 0.102344 0.107031 0.198437
6 0.458203 0.0636719 0.0867187 0.117969
7 0.209766 0.744531 0.419531 0.151562
7 0.523047 0.661719 0.105469 0.246875
8 0.457813 0.798828 0.254688 0.402344
9 0.751172 0.358594 0.478906 0.239063
10 0.720703 0.155078 0.550781 0.238281
11 0.856641 0.760547 0.277344 0.478906
12 0.637109 0.766797 0.0585938 0.0820312
12 0.737891 0.776563 0.0351562 0.0640625
12 0.719141 0.865625 0.0570312 0.0796875
12 0.614844 0.880469 0.0640625 0.08125
12 0.678906 0.926562 0.0359375 0.071875
13 0.151953 0.665234 0.0398437 0.0242188
13 0.250391 0.697266 0.0382813 0.0257812
13 0.319531 0.716016 0.0328125 0.0273438
13 0.472656 0.640625 0.0375 0.021875
14 0.0976562 0.103125 0.195312 0.20625
