0 0.499219 0.411719 0.239063 0.335938
1 0.499609 0.354297 0.238281 0.177344
2 0.498828 0.491016 0.132031 0.175781
3 0.514844 0.544141 0.034375 0.0617188
4 0.469141 0.474609 0.0367188 0.0445313
5 0.424219 0.257812 0.0703125 0.160938
6 0.424219 0.217188 0.06875 0.0796875
7 0.5 0.759375 1 0.15625
8 0.526172 0.782813 0.130469 0.434375
9 0.776953 0.345703 0.130469 0.138281
10 0.522656 0.153516 0.81875 0.257031
11 0.741797 0.583594 0.0945312 0.196875
12 0.639844 0.691797 0.0578125 0.121094
13 0.485156 0.603125 0.970313 0.146875
14 0.151953 0.324219 0.174219 0.209375
