0 0.319531 0.328125 0.609375 0.579688
1 0.317969 0.204687 0.6 0.323437
2 0.34375 0.474219 0.451562 0.28125
3 0.311719 0.527344 0.121875 0.1625
4 0.46875 0.424609 0.114062 0.0960938
5 0.467969 0.129688 0.1125 0.259375
6 0.473047 0.0550781 0.102344 0.110156
7 0.08125 0.498047 0.1625 0.127344
7 0.590625 0.503516 0.0953125 0.0851563
7 0.853516 0.530859 0.186719 0.105469
8 0.378516 0.801172 0.213281 0.397656
9 0.8 0.780469 0.267188 0.271875
10 0.882422 0.401172 0.235156 0.225781
11 0.725391 0.396484 0.285156 0.424219
12 0.632031 0.610547 0.0625 0.0867187
12 0.609766 0.820703 0.0773438 0.105469
13 0.432812 0.784766 0.103125 0.0695313
13 0.246094 0.783594 0.08125 0.0640625
14 0.784375 0.101562 0.207813 0.179688
