0 0.645312 0.449219 0.25 0.278125
1 0.645312 0.396484 0.25 0.119531
2 0.638672 0.512109 0.188281 0.152344
3 0.692187 0.521875 0.0484375 0.0921875
4 0.603125 0.496094 0.078125 0.078125
5 0.754297 0.293359 0.111719 0.222656
6 0.760547 0.242578 0.0992187 0.121094
7 0.512109 0.480078 0.0757812 0.0429688
7 0.838281 0.484766 0.23125 0.0601563
7 0.679297 0.660547 0.192969 0.0601563
8 0.548828 0.735156 0.885156 0.467187
9 0.651172 0.824219 0.474219 0.217188
10 0.241016 0.345313 0.466406 0.264062
11 0.125781 0.453125 0.175 0.1875
12 0.172266 0.703906 0.0992187 0.1125
13 0.652734 0.705469 0.249219 0.046875
14 0.521094 0.0929688 0.153125 0.146875
