0 0.508203 0.283984 0.764844 0.519531
1 0.507031 0.190625 0.764062 0.332813
2 0.538672 0.405859 0.703906 0.277344
3 0.330078 0.425781 0.172656 0.223438
4 0.346484 0.224219 0.135156 0.1125
5 0.150781 0.1375 0.228125 0.275
6 0.140234 0.0535156 0.203906 0.107031
7 0.0988281 0.438672 0.197656 0.111719
7 0.938672 0.420703 0.122656 0.138281
8 0.234375 0.759375 0.332813 0.48125
9 0.565625 0.79375 0.31875 0.310937
10 0.926562 0.180859 0.146875 0.105469
10 0.0816406 0.280078 0.163281 0.286719
11 0.936719 0.55 0.126562 0.578125
12 0.786719 0.593359 0.0625 0.102344
12 0.0707031 0.749219 0.0835937 0.142187
13 0.9375 0.476172 0.125 0.0867187
13 0.828516 0.904297 0.0929688 0.107031
13 0.365234 0.930078 0.0523438 0.116406
13 0.632422 0.586328 0.0820312 0.0914062
13 0.107031 0.848828 0.0640625 0.128906
13 0.0855469 0.597656 0.0679687 0.104688
13 0.0980469 0.502344 0.196094 0.090625
14 0.9 0.0871094 0.2 0.174219
