0 0.351562 0.414453 0.442188 0.524219
1 0.351562 0.354297 0.442188 0.355469
2 0.351172 0.530078 0.441406 0.292969
3 0.236719 0.585938 0.110937 0.165625
4 0.266016 0.425 0.0679687 0.075
5 0.357031 0.130469 0.0875 0.204687
6 0.357031 0.0832031 0.0875 0.110156
7 0.757031 0.503906 0.485938 0.29375
8 0.261719 0.830078 0.203125 0.339844
9 0.562891 0.842187 0.153906 0.151562
10 0.690625 0.158594 0.61875 0.309375
11 0.780078 0.253125 0.227344 0.259375
12 0.70625 0.715625 0.090625 0.123438
13 0.439063 0.842578 0.0625 0.0242188
13 0.527344 0.691016 0.078125 0.0398437
13 0.865625 0.730469 0.0890625 0.0484375
13 0.835547 0.889844 0.0929688 0.0375
14 0.138281 0.157812 0.240625 0.226562
