0 0.703125 0.384375 0.435937 0.429688
1 0.702344 0.325781 0.434375 0.170313
2 0.718359 0.495312 0.330469 0.20625
3 0.669141 0.523047 0.0867187 0.150781
4 0.795703 0.464062 0.0664062 0.0796875
5 0.528516 0.133594 0.258594 0.24375
6 0.514062 0.0886719 0.229687 0.153906
7 0.488672 0.605469 0.139844 0.228125
7 0.898047 0.590234 0.130469 0.230469
8 0.681641 0.778125 0.242969 0.38125
9 0.465625 0.853125 0.1875 0.178125
10 0.583594 0.284766 0.789062 0.522656
11 0.306641 0.7 0.157031 0.276562
12 0.110937 0.75 0.08125 0.154688
12 0.176953 0.772266 0.0773438 0.125781
13 0.0988281 0.913281 0.0570312 0.03125
13 0.285547 0.909375 0.0570312 0.0234375
13 0.830859 0.910156 0.0523438 0.03125
14 0.183984 0.136328 0.247656 0.246094
