0 0.576172 0.442578 0.414844 0.510156
1 0.574609 0.337109 0.407031 0.296094
2 0.597656 0.557813 0.326562 0.271875
3 0.613281 0.597656 0.16875 0.146875
4 0.499609 0.511719 0.0773438 0.0890625
4 0.699219 0.507422 0.08125 0.0664062
5 0.831641 0.282422 0.271094 0.347656
6 0.833203 0.178125 0.264844 0.139063
7 0.0679687 0.608984 0.135937 0.158594
7 0.337109 0.606641 0.258594 0.149219
7 0.872266 0.589063 0.255469 0.145313
8 0.661719 0.806641 0.140625 0.292969
9 0.545703 0.885547 0.135156 0.124219
10 0.487109 0.133203 0.966406 0.257031
11 0.219141 0.4375 0.405469 0.525
12 0.0863281 0.605859 0.0789062 0.0992187
12 0.863281 0.780078 0.0921875 0.180469
13 0.075 0.897656 0.0671875 0.0765625
13 0.084375 0.672266 0.06875 0.0601563
13 0.267188 0.797656 0.0734375 0.090625
13 0.307422 0.677734 0.0648438 0.0585938
13 0.420703 0.666406 0.0695313 0.0703125
14 0.110547 0.0917969 0.221094 0.183594
