0 0.227734 0.330469 0.339844 0.3625
1 0.214844 0.229687 0.304688 0.157812
2 0.228125 0.387891 0.340625 0.244531
3 0.159375 0.430859 0.123438 0.146094
4 0.277734 0.357031 0.100781 0.0890625
5 0.118359 0.147656 0.0976562 0.215625
6 0.118359 0.113281 0.0976562 0.145313
7 0.499219 0.391406 0.240625 0.146875
8 0.343359 0.739453 0.453906 0.521094
9 0.717187 0.672656 0.348438 0.304688
10 0.609375 0.214062 0.428125 0.226562
11 0.861328 0.305469 0.185156 0.335938
12 0.9 0.588281 0.06875 0.109375
13 0.0632812 0.669531 0.0640625 0.0359375
13 0.103125 0.860156 0.046875 0.0375
13 0.447266 0.522656 0.0585938 0.0328125
13 0.520703 0.620703 0.0507812 0.0273438
14 0.375781 0.110547 0.226562 0.199219
