0 0.463281 0.369531 0.557813 0.509375
1 0.463672 0.23125 0.555469 0.110937
2 0.412891 0.411719 0.453906 0.421875
3 0.407031 0.548438 0.1 0.126562
4 0.239453 0.380469 0.0695313 0.059375
4 0.511328 0.392969 0.0804688 0.0734375
4 0.425391 0.36875 0.0648438 0.0609375
4 0.345703 0.364063 0.0710937 0.0515625
4 0.259766 0.317969 0.0476562 0.0484375
4 0.282813 0.260156 0.0515625 0.0515625
4 0.366797 0.255859 0.0554687 0.0445313
4 0.461328 0.247656 0.0617188 0.04375
4 0.552344 0.266797 0.065625 0.0476562
4 0.535547 0.320312 0.0695313 0.0515625
4 0.445703 0.312109 0.0726563 0.0492187
4 0.359375 0.312891 0.06875 0.0476562
5 0.575 0.0929688 0.08125 0.184375
6 0.575781 0.0402344 0.0796875 0.0804688
7 0.671875 0.453516 0.151562 0.549219
8 0.679688 0.769922 0.640625 0.424219
8 0.914453 0.471875 0.0882813 0.196875
9 0.912109 0.301563 0.164844 0.175
10 0.25625 0.120313 0.165625 0.223438
10 0.422266 0.0808594 0.130469 0.124219
11 0.071875 0.816797 0.101562 0.289844
11 0.296094 0.837109 0.109375 0.292969
12 0.1125 0.640234 0.104688 0.160156
12 0.189844 0.784766 0.101562 0.124219
13 0.506641 0.833594 0.0992187 0.05
13 0.723437 0.800781 0.0921875 0.046875
14 0.868359 0.104688 0.203906 0.209375
