0 0.524219 0.393359 0.725 0.747656
1 0.519531 0.234375 0.732812 0.245312
2 0.519531 0.514453 0.525 0.489844
3 0.504687 0.641406 0.148438 0.223438
4 0.390625 0.41875 0.164062 0.135937
4 0.652344 0.417187 0.1625 0.139063
5 0.799219 0.0699219 0.225 0.139844
6 0.842187 0.0464844 0.142187 0.0929688
7 0.145703 0.626563 0.291406 0.178125
7 0.877734 0.514844 0.244531 0.182812
8 0.144141 0.715625 0.288281 0.20625
8 0.866797 0.607422 0.266406 0.207031
9 0.391406 0.872656 0.25625 0.254688
10 0.0898438 0.266016 0.159375 0.146094
10 0.928906 0.223438 0.1375 0.120313
11 0.929688 0.333203 0.120313 0.258594
12 0.204687 0.560156 0.090625 0.210938
13 0.192969 0.859375 0.059375 0.05625
13 0.741406 0.8625 0.075 0.053125
13 0.885156 0.929688 0.06875 0.046875
14 0.180469 0.096875 0.229687 0.19375
