0 0.542578 0.284375 0.572656 0.56875
1 0.540625 0.0894531 0.571875 0.178906
2 0.542188 0.351562 0.565625 0.429688
3 0.514844 0.444141 0.145313 0.236719
4 0.353125 0.270313 0.08125 0.121875
4 0.718359 0.254297 0.100781 0.130469
5 0.698047 0.075 0.142969 0.142187
6 0.700391 0.0488281 0.138281 0.0898438
7 0.898438 0.460547 0.203125 0.167969
7 0.122656 0.453516 0.226562 0.174219
8 0.514844 0.774219 0.23125 0.440625
9 0.86875 0.642578 0.167187 0.202344
10 0.138672 0.18125 0.275781 0.164062
11 0.180859 0.761328 0.217969 0.405469
12 0.770703 0.85 0.0835937 0.185938
12 0.919922 0.860547 0.0835937 0.207031
13 0.678906 0.917188 0.129688 0.06875
13 0.861719 0.921875 0.0859375 0.046875
14 0.918359 0.10625 0.163281 0.204687
