0 0.591016 0.327734 0.403906 0.603906
1 0.599609 0.160156 0.372656 0.271875
2 0.588281 0.446484 0.404687 0.366406
3 0.56875 0.528906 0.0703125 0.171875
4 0.485156 0.375 0.0515625 0.075
4 0.686328 0.489844 0.0742188 0.065625
5 0.45 0.109766 0.0953125 0.210156
6 0.448437 0.0777344 0.09375 0.147656
7 0.175 0.736328 0.35 0.141406
8 0.5 0.918359 1 0.133594
9 0.800781 0.748047 0.379688 0.213281
10 0.212891 0.161719 0.425781 0.257812
11 0.890234 0.372656 0.219531 0.532813
12 0.198437 0.535156 0.0359375 0.08125
12 0.140234 0.530078 0.0398437 0.0820312
12 0.0824219 0.521875 0.0476562 0.0984375
13 0.197656 0.56875 0.395313 0.04375
14 0.078125 0.0761719 0.148438 0.152344
