0 0.504687 0.510938 0.515625 0.551562
1 0.498437 0.399219 0.478125 0.232813
2 0.503906 0.627734 0.515625 0.319531
3 0.367578 0.669531 0.0992187 0.16875
4 0.610547 0.616797 0.100781 0.0742188
5 0.642969 0.207422 0.298438 0.414844
6 0.642969 0.124609 0.298438 0.249219
7 0.873828 0.655078 0.252344 0.121094
8 0.3125 0.863672 0.192188 0.272656
9 0.139453 0.803125 0.205469 0.23125
10 0.448828 0.16875 0.897656 0.275
11 0.819922 0.384766 0.239844 0.349219
12 0.784766 0.840625 0.0679687 0.1
13 0.872656 0.839063 0.05625 0.0828125
13 0.689453 0.784766 0.0601563 0.0757812
13 0.604688 0.880078 0.0546875 0.0757812
13 0.4875 0.905078 0.025 0.0554687
13 0.130469 0.598828 0.0734375 0.102344
14 0.107031 0.110547 0.214062 0.221094
