0 0.457813 0.342969 0.2875 0.4
1 0.457422 0.265625 0.286719 0.246875
2 0.441797 0.439063 0.253906 0.207813
3 0.426953 0.497266 0.0648438 0.0882813
4 0.378125 0.387891 0.0546875 0.0554687
4 0.510938 0.390625 0.053125 0.0484375
5 0.473438 0.155078 0.0921875 0.219531
6 0.466797 0.1 0.0789062 0.109375
7 0.404687 0.633203 0.554688 0.0867187
8 0.5 0.882422 1 0.235156
9 0.850781 0.294922 0.221875 0.196094
10 0.162109 0.113281 0.317969 0.1875
11 0.650781 0.139063 0.153125 0.203125
12 0.665625 0.428125 0.0671875 0.103125
13 0.378906 0.555859 0.36875 0.0882813
14 0.928516 0.0699219 0.138281 0.135156
