0 0.487891 0.461328 0.508594 0.791406
1 0.478516 0.273047 0.488281 0.414844
2 0.489844 0.651953 0.504687 0.408594
3 0.498828 0.755859 0.0585938 0.155469
4 0.623828 0.562109 0.0695313 0.0710937
4 0.332422 0.569922 0.0851563 0.114844
5 0.607422 0.172266 0.0726563 0.289844
6 0.612891 0.0847656 0.0632812 0.114844
7 0.663281 0.484766 0.329688 0.749219
7 0.317188 0.494922 0.29375 0.778906
8 0.669141 0.910937 0.607031 0.160938
9 0.916797 0.623437 0.149219 0.164062
9 0.910156 0.763672 0.125 0.166406
10 0.809375 0.0875 0.378125 0.157812
10 0.314844 0.167187 0.540625 0.334375
11 0.126172 0.783984 0.105469 0.238281
12 0.877734 0.407422 0.0929688 0.138281
12 0.0519531 0.552734 0.0914062 0.121094
13 0.798438 0.791406 0.0234375 0.025
13 0.767188 0.797266 0.0265625 0.0320312
13 0.734375 0.803125 0.0328125 0.0296875
13 0.703906 0.813672 0.03125 0.0289063
13 0.678516 0.820312 0.0289063 0.0328125
13 0.652734 0.826172 0.0273438 0.0320312
13 0.624609 0.831641 0.0273438 0.0304687
13 0.369531 0.861328 0.184375 0.0414062
14 0.0835937 0.0960938 0.151562 0.192188
