0 0.312109 0.441016 0.313281 0.291406
1 0.309766 0.369141 0.307031 0.147656
2 0.3125 0.458594 0.3125 0.25625
3 0.244922 0.55625 0.0539063 0.05625
4 0.205078 0.489063 0.0554687 0.0515625
4 0.305469 0.489453 0.05 0.0539063
4 0.412109 0.456641 0.0617188 0.0914062
5 0.382812 0.343359 0.075 0.138281
6 0.382422 0.316797 0.0757812 0.0851563
7 0.577344 0.560937 0.1875 0.176563
8 0.464453 0.565234 0.496094 0.271094
9 0.542578 0.833594 0.210156 0.214062
10 0.770703 0.225781 0.428906 0.3
11 0.831641 0.496094 0.116406 0.189062
12 0.728125 0.698828 0.0703125 0.107031
13 0.357422 0.623047 0.0445313 0.0210938
13 0.432422 0.605078 0.0492187 0.0273438
13 0.451562 0.548438 0.053125 0.028125
14 0.243359 0.138281 0.321094 0.276562
