0 0.434375 0.204297 0.182812 0.260156
1 0.425781 0.167187 0.160938 0.104688
2 0.440234 0.265625 0.171094 0.132812
3 0.400781 0.291406 0.028125 0.06875
4 0.479687 0.245703 0.0421875 0.0335937
5 0.466797 0.0714844 0.119531 0.102344
6 0.483594 0.0453125 0.0859375 0.0484375
7 0.449219 0.316797 0.371875 0.141406
8 0.692578 0.634766 0.471094 0.358594
9 0.225 0.562109 0.25625 0.241406
10 0.214453 0.0683594 0.285156 0.133594
11 0.839453 0.155078 0.0914062 0.130469
12 0.276953 0.614844 0.0367188 0.0625
13 0.453516 0.619531 0.0601563 0.0328125
13 0.534375 0.621094 0.0421875 0.0359375
13 0.511719 0.769922 0.090625 0.0539063
13 0.286328 0.791406 0.105469 0.0453125
13 0.747266 0.611719 0.0523438 0.034375
13 0.812891 0.630078 0.0242188 0.0210938
13 0.813672 0.436328 0.0742188 0.0382813
14 0.891016 0.0980469 0.196094 0.196094
