0 0.421875 0.368359 0.404687 0.566406
1 0.417187 0.208984 0.348438 0.236719
2 0.421875 0.473828 0.404687 0.357031
3 0.405078 0.518359 0.142969 0.269531
4 0.270703 0.432812 0.0851563 0.0984375
4 0.53125 0.445312 0.08125 0.110937
5 0.471875 0.141797 0.065625 0.283594
6 0.478516 0.0441406 0.0523438 0.0882813
7 0.404297 0.546094 0.747656 0.484375
8 0.894922 0.590234 0.149219 0.599219
9 0.858984 0.178516 0.224219 0.249219
10 0.267578 0.126172 0.338281 0.252344
10 0.573828 0.141016 0.180469 0.282031
11 0.796875 0.540625 0.0671875 0.1875
11 0.758594 0.822266 0.09375 0.185156
12 0.787891 0.360156 0.0757812 0.1
12 0.733984 0.0839844 0.0679687 0.100781
12 0.792969 0.0414062 0.0609375 0.0828125
13 0.826172 0.150781 0.347656 0.282813
14 0.0742188 0.0898438 0.148438 0.179688
