0 0.458203 0.504297 0.413281 0.472656
1 0.458594 0.382031 0.414062 0.226562
2 0.458594 0.610547 0.34375 0.258594
3 0.450391 0.667578 0.111719 0.132031
4 0.544141 0.569141 0.0820312 0.102344
4 0.364063 0.5625 0.0796875 0.1
5 0.594531 0.292969 0.117188 0.240625
6 0.609766 0.217578 0.0867187 0.0914062
7 0.6875 0.645312 0.132812 0.101562
7 0.197266 0.657422 0.191406 0.157031
8 0.488672 0.853516 0.644531 0.253906
9 0.855859 0.689063 0.224219 0.24375
10 0.257422 0.183984 0.485156 0.230469
11 0.856641 0.4125 0.232031 0.325
12 0.218359 0.416797 0.0554687 0.128906
12 0.163281 0.425391 0.0609375 0.138281
12 0.103516 0.433984 0.0617188 0.124219
13 0.0835937 0.842578 0.0546875 0.0429688
13 0.241016 0.797266 0.0664062 0.0492187
13 0.557813 0.927734 0.0703125 0.0414062
13 0.830469 0.940234 0.0796875 0.0429688
13 0.931641 0.875781 0.0710937 0.040625
14 0.907031 0.0949219 0.178125 0.175781
