0 0.211719 0.197266 0.31875 0.314844
1 0.209375 0.0703125 0.240625 0.0609375
2 0.2125 0.202734 0.317188 0.302344
3 0.221875 0.275391 0.192188 0.158594
4 0.153906 0.151953 0.107813 0.103906
5 0.384766 0.0660156 0.210156 0.105469
6 0.415625 0.0660156 0.146875 0.105469
7 0.699219 0.265625 0.598437 0.104688
8 0.528516 0.478125 0.942969 0.270313
9 0.660156 0.821484 0.417187 0.357031
10 0.7625 0.096875 0.464062 0.176563
11 0.186328 0.789062 0.299219 0.421875
12 0.307422 0.95625 0.0507812 0.0875
12 0.375 0.939063 0.059375 0.120313
13 0.508594 0.653516 0.0625 0.0289063
13 0.358594 0.768359 0.0640625 0.0382813
14 0.909766 0.0710937 0.177344 0.142187
