0 0.717969 0.728906 0.346875 0.446875
1 0.726953 0.901172 0.0617188 0.0835937
2 0.725 0.857422 0.248438 0.189844
3 0.726953 0.901172 0.0617188 0.0835937
4 0.662891 0.821484 0.0648438 0.0695313
4 0.776172 0.821875 0.0679687 0.0703125
5 0.864844 0.519922 0.195312 0.332031
6 0.873047 0.421875 0.178906 0.135937
7 0.469141 0.909375 0.271094 0.18125
7 0.922266 0.886719 0.152344 0.132812
8 0.358984 0.590234 0.292969 0.296094
9 0.149609 0.536328 0.239844 0.207031
10 0.473828 0.309375 0.692969 0.284375
11 0.112109 0.328906 0.182031 0.290625
12 0.908203 0.891797 0.0726563 0.117969
13 0.930078 0.707422 0.0601563 0.0460938
13 0.929297 0.571875 0.0914062 0.040625
13 0.485938 0.753906 0.065625 0.040625
13 0.31875 0.841406 0.059375 0.0359375
13 0.145703 0.864453 0.0492187 0.0414062
13 0.191797 0.752344 0.0632812 0.0375
14 0.484375 0.258594 0.153125 0.173437
