0 0.635156 0.305859 0.625 0.449219
1 0.634375 0.207031 0.625 0.154688
2 0.639453 0.400391 0.611719 0.258594
3 0.844922 0.45 0.0960938 0.117188
4 0.849609 0.330859 0.0789062 0.0664062
4 0.530859 0.364844 0.200781 0.101562
5 0.725391 0.117188 0.0882813 0.20625
6 0.719531 0.0492187 0.078125 0.0703125
7 0.56875 0.482812 0.45 0.153125
7 0.913672 0.458984 0.0554687 0.125781
8 0.701953 0.751172 0.375781 0.491406
9 0.2375 0.643359 0.21875 0.191406
10 0.207031 0.109766 0.392188 0.219531
11 0.439063 0.075 0.107813 0.146875
11 0.562891 0.0667969 0.0929688 0.133594
12 0.774219 0.773047 0.0765625 0.0929688
12 0.884766 0.767578 0.0492187 0.0976562
12 0.957812 0.748828 0.0546875 0.102344
13 0.933203 0.917188 0.0304687 0.015625
13 0.822656 0.919531 0.0453125 0.0171875
13 0.477734 0.788281 0.0460938 0.021875
13 0.357812 0.907031 0.0625 0.021875
14 0.925781 0.06875 0.132812 0.1375
