0 0.304297 0.305469 0.228906 0.371875
1 0.301563 0.201953 0.223438 0.164844
2 0.305078 0.377344 0.225781 0.228125
3 0.363281 0.408594 0.0828125 0.146875
4 0.258594 0.340234 0.0734375 0.0710937
5 0.412109 0.127734 0.138281 0.207031
6 0.412109 0.0835937 0.136719 0.11875
7 0.178516 0.897266 0.300781 0.169531
7 0.748828 0.876563 0.467969 0.185938
8 0.348047 0.694922 0.285156 0.413281
9 0.649609 0.608594 0.325781 0.204687
10 0.703516 0.298828 0.444531 0.196094
11 0.879687 0.534766 0.167187 0.260156
12 0.116797 0.692969 0.0742188 0.1125
12 0.234766 0.598828 0.0679687 0.103906
13 0.552734 0.473438 0.0570312 0.0453125
13 0.735156 0.455859 0.05625 0.0460938
13 0.858594 0.738281 0.0703125 0.046875
14 0.867188 0.0984375 0.134375 0.146875
