0 0.501563 0.553516 0.470313 0.813281
1 0.478906 0.326953 0.41875 0.358594
2 0.501563 0.701172 0.470313 0.516406
3 0.417187 0.810547 0.170313 0.292969
4 0.564063 0.547656 0.178125 0.140625
5 0.695703 0.189062 0.247656 0.320312
6 0.708203 0.0933594 0.224219 0.130469
7 0.127344 0.724219 0.254688 0.0984375
8 0.814453 0.377344 0.371094 0.0796875
9 0.137891 0.511328 0.169531 0.186719
10 0.189062 0.1875 0.221875 0.345313
11 0.0667969 0.173828 0.133594 0.244531
12 0.849219 0.657031 0.226562 0.4875
13 0.1375 0.880469 0.1375 0.10625
14 0.878125 0.105078 0.215625 0.175781
