0 0.474609 0.351172 0.194531 0.157031
1 0.474609 0.303906 0.194531 0.059375
2 0.483203 0.372656 0.119531 0.114062
3 0.489063 0.398047 0.0375 0.0585938
4 0.481641 0.346094 0.0335937 0.034375
5 0.51875 0.260156 0.025 0.0890625
6 0.51875 0.240625 0.025 0.05
7 0.319531 0.411328 0.0984375 0.0492187
8 0.499219 0.623047 0.0828125 0.386719
9 0.658984 0.565234 0.111719 0.0835937
10 0.363281 0.210547 0.548438 0.188281
11 0.766406 0.355859 0.0703125 0.102344
12 0.596875 0.403516 0.040625 0.0632812
13 0.371875 0.570703 0.0234375 0.0289063
13 0.596875 0.683984 0.0296875 0.0304687
14 0.708594 0.175 0.1 0.123438
