0 0.483984 0.641016 0.374219 0.717969
1 0.491016 0.416797 0.338281 0.249219
2 0.483984 0.755859 0.372656 0.488281
3 0.49375 0.919141 0.1 0.161719
4 0.591797 0.641797 0.0570312 0.0726563
4 0.377344 0.639844 0.065625 0.1
4 0.4875 0.876172 0.04375 0.0398437
5 0.381641 0.291406 0.0617188 0.323437
6 0.375 0.198828 0.046875 0.138281
7 0.135937 0.935937 0.225 0.123438
8 0.498047 0.2125 0.992969 0.146875
9 0.155078 0.486719 0.261719 0.314063
10 0.759766 0.113672 0.392969 0.138281
11 0.868359 0.659375 0.263281 0.676562
12 0.766406 0.865625 0.0640625 0.096875
12 0.178125 0.736719 0.05 0.084375
13 0.0824219 0.765234 0.0460938 0.0304687
13 0.0570312 0.300781 0.034375 0.025
13 0.282031 0.333594 0.0265625 0.025
14 0.221875 0.0644531 0.110937 0.128906
