0 0.422656 0.236719 0.3125 0.389062
1 0.416016 0.156641 0.300781 0.221094
2 0.423828 0.331641 0.313281 0.196094
3 0.505859 0.355078 0.0523438 0.138281
4 0.469531 0.348438 0.0375 0.0359375
4 0.546094 0.344531 0.0484375 0.040625
5 0.535937 0.0757812 0.15625 0.146875
6 0.542969 0.0308594 0.14375 0.0523438
7 0.262891 0.451172 0.424219 0.138281
7 0.78125 0.458984 0.4375 0.128906
8 0.516406 0.54375 0.090625 0.101562
9 0.885938 0.672266 0.121875 0.113281
10 0.157812 0.10625 0.315625 0.2125
10 0.770312 0.114062 0.459375 0.228125
11 0.757812 0.651953 0.103125 0.125781
11 0.970313 0.655859 0.059375 0.121094
12 0.325391 0.539844 0.0523438 0.0703125
12 0.616406 0.534766 0.059375 0.0648438
12 0.739062 0.533203 0.0375 0.0695313
12 0.874219 0.533594 0.0546875 0.0828125
13 0.200391 0.557813 0.0414062 0.0484375
13 0.271094 0.565625 0.053125 0.053125
13 0.367188 0.573828 0.040625 0.0351562
13 0.417578 0.572656 0.0445313 0.040625
13 0.782031 0.571484 0.0375 0.0414062
13 0.827344 0.577734 0.0375 0.0414062
13 0.875391 0.583594 0.0398437 0.03125
13 0.928516 0.584766 0.0460938 0.0351562
14 0.904297 0.0503906 0.0835937 0.0945312
