0 0.550781 0.4875 0.698438 0.551562
1 0.565625 0.383203 0.557813 0.342969
2 0.550781 0.572656 0.698438 0.38125
3 0.610156 0.544922 0.279687 0.419531
4 0.625391 0.497266 0.0992187 0.0898438
5 0.454688 0.363672 0.201563 0.260156
6 0.413672 0.319922 0.119531 0.172656
7 0.939844 0.665234 0.120313 0.158594
7 0.0390625 0.629687 0.078125 0.140625
7 0.155078 0.6375 0.138281 0.125
8 0.529687 0.873437 0.428125 0.253125
9 0.795312 0.910156 0.234375 0.176563
10 0.5 0.276172 1 0.402344
11 0.295703 0.825391 0.117969 0.310156
11 0.164062 0.775 0.173437 0.215625
12 0.18125 0.950391 0.065625 0.0945312
12 0.084375 0.948828 0.05 0.0929688
13 0.813672 0.805859 0.0320312 0.0476562
13 0.888281 0.80625 0.0328125 0.0609375
13 0.961719 0.799609 0.0390625 0.0710937
14 0.198437 0.165625 0.171875 0.190625
