0 0.405078 0.296484 0.366406 0.349219
1 0.405078 0.228125 0.364844 0.148438
2 0.405078 0.359766 0.364844 0.222656
3 0.326953 0.422656 0.0789062 0.0859375
4 0.389453 0.352344 0.0476562 0.053125
4 0.26875 0.355078 0.0484375 0.0507812
5 0.475781 0.127734 0.065625 0.130469
6 0.480859 0.0972656 0.0539063 0.0695313
7 0.422266 0.441797 0.530469 0.250781
8 0.198047 0.759766 0.299219 0.467969
9 0.646484 0.672656 0.324219 0.2375
10 0.143359 0.317188 0.286719 0.292187
10 0.787109 0.179297 0.416406 0.194531
11 0.100391 0.560937 0.180469 0.242188
11 0.853125 0.436719 0.198437 0.2125
12 0.0503906 0.766797 0.0445313 0.0632812
12 0.235156 0.932031 0.0453125 0.0671875
12 0.341016 0.891797 0.0398437 0.0367188
12 0.516797 0.806641 0.0367188 0.0351562
12 0.361719 0.69375 0.0578125 0.0671875
12 0.739062 0.843359 0.034375 0.0648438
12 0.894922 0.751953 0.0382813 0.0351562
12 0.691406 0.485547 0.040625 0.0335937
13 0.544141 0.526563 0.0554687 0.0296875
13 0.433984 0.610547 0.0601563 0.0320312
13 0.435937 0.728125 0.0453125 0.0296875
13 0.289062 0.825391 0.04375 0.0398437
13 0.469922 0.903516 0.0679687 0.0382813
13 0.034375 0.638281 0.0421875 0.0265625
13 0.115625 0.707422 0.0578125 0.0367188
13 0.0382813 0.851172 0.04375 0.0304687
13 0.958203 0.501563 0.0429688 0.0203125
13 0.862891 0.663672 0.0648438 0.0320312
13 0.847656 0.908594 0.0640625 0.0390625
14 0.09375 0.163672 0.153125 0.149219
