0 0.43125 0.364063 0.314063 0.359375
1 0.429688 0.292578 0.289062 0.217969
2 0.431641 0.454688 0.313281 0.178125
3 0.428125 0.505078 0.0515625 0.0679687
4 0.335156 0.412109 0.0515625 0.0460938
4 0.510547 0.427344 0.0554687 0.0453125
5 0.589453 0.194922 0.216406 0.205469
6 0.607031 0.137109 0.179688 0.0898438
7 0.309766 0.600781 0.185156 0.053125
7 0.535156 0.610547 0.142187 0.0460938
8 0.121484 0.361719 0.108594 0.475
9 0.692187 0.426953 0.135937 0.149219
10 0.214844 0.065625 0.323437 0.120313
11 0.799219 0.411719 0.215625 0.485938
12 0.648047 0.623828 0.0445313 0.0679687
12 0.714844 0.616016 0.046875 0.0820312
13 0.5 0.782813 1 0.196875
14 0.896484 0.078125 0.188281 0.15625
