0 0.428906 0.347656 0.4 0.4125
1 0.4375 0.277344 0.382812 0.2125
2 0.429297 0.448828 0.399219 0.208594
3 0.285938 0.477734 0.08125 0.103906
4 0.534766 0.433594 0.0976562 0.0578125
5 0.548828 0.133203 0.0710937 0.127344
6 0.557031 0.101172 0.05625 0.0617188
7 0.119922 0.472266 0.239844 0.124219
7 0.691016 0.473047 0.172656 0.0976562
8 0.880469 0.426172 0.239063 0.178906
9 0.156641 0.715234 0.247656 0.241406
10 0.164453 0.194141 0.322656 0.299219
11 0.845313 0.726953 0.145313 0.242969
12 0.267188 0.915234 0.0484375 0.0898438
12 0.351953 0.906641 0.0710937 0.105469
13 0.460156 0.791406 0.0421875 0.0171875
13 0.669922 0.889844 0.0398437 0.0265625
13 0.940234 0.587109 0.0414062 0.0179687
13 0.252344 0.594531 0.034375 0.01875
13 0.053125 0.583984 0.0421875 0.0210938
13 0.116797 0.914062 0.0492187 0.0171875
14 0.920312 0.0902344 0.159375 0.180469
