0 0.50625 0.353125 0.604688 0.673438
1 0.506641 0.103125 0.603906 0.173437
2 0.516016 0.418359 0.428906 0.542969
3 0.560156 0.592969 0.0984375 0.154688
4 0.580469 0.324609 0.1625 0.171094
5 0.743359 0.0457031 0.180469 0.0914062
6 0.746875 0.0296875 0.173437 0.059375
7 0.5 0.547266 1 0.327344
8 0.6 0.829688 0.176563 0.334375
9 0.822656 0.469922 0.189062 0.127344
10 0.164453 0.0847656 0.182031 0.0632812
11 0.196094 0.369141 0.232813 0.428906
12 0.258984 0.405078 0.125781 0.210156
13 0.282422 0.754297 0.216406 0.127344
13 0.150781 0.883984 0.221875 0.141406
13 0.402734 0.844922 0.196094 0.227344
13 0.820703 0.790234 0.358594 0.0835937
13 0.804688 0.899609 0.264062 0.136719
13 0.848047 0.675 0.138281 0.135937
14 0.903516 0.126953 0.166406 0.253906
