0 0.472656 0.492188 0.698438 0.845313
1 0.449219 0.303906 0.632812 0.44375
2 0.472656 0.670312 0.695312 0.485938
3 0.260156 0.694531 0.270313 0.435937
3 0.521875 0.778516 0.13125 0.197656
4 0.378906 0.383594 0.117188 0.123438
4 0.527734 0.357812 0.0710937 0.08125
5 0.562109 0.125 0.100781 0.235937
6 0.577734 0.0464844 0.0695313 0.0789062
7 0.0699219 0.765234 0.139844 0.141406
7 0.890234 0.692578 0.219531 0.116406
8 0.534375 0.929688 0.126562 0.128125
9 0.833203 0.230078 0.266406 0.228906
10 0.150781 0.310547 0.301563 0.364844
10 0.794141 0.317578 0.411719 0.461719
11 0.107422 0.49375 0.214844 0.601562
12 0.900781 0.578906 0.142187 0.195312
13 0.499609 0.971484 0.999219 0.0507812
14 0.108594 0.0859375 0.195312 0.171875
