0 0.728906 0.486328 0.4375 0.367969
1 0.729297 0.414453 0.438281 0.127344
2 0.733594 0.564844 0.348438 0.209375
3 0.682422 0.585547 0.125781 0.153906
4 0.834766 0.503906 0.0820312 0.0640625
5 0.846875 0.305859 0.117188 0.110156
6 0.852344 0.280078 0.104688 0.0585938
7 0.850781 0.765625 0.298438 0.0875
8 0.592578 0.825 0.338281 0.35
9 0.167578 0.744141 0.335156 0.511719
10 0.312109 0.185547 0.624219 0.233594
11 0.431641 0.691016 0.235156 0.371094
12 0.841797 0.9125 0.0617188 0.154688
13 0.897656 0.967578 0.065625 0.0289063
13 0.792578 0.980859 0.0523438 0.0304687
13 0.694141 0.975391 0.0554687 0.0257812
13 0.356641 0.944141 0.0601563 0.0320312
14 0.819531 0.130859 0.240625 0.225781
