0 0.428125 0.409766 0.192188 0.463281
1 0.431641 0.276172 0.157031 0.196094
2 0.425391 0.501563 0.186719 0.279687
3 0.382422 0.559766 0.0539063 0.136719
4 0.480859 0.457422 0.0601563 0.0804688
5 0.6125 0.210156 0.264062 0.2
6 0.639844 0.158594 0.209375 0.0984375
7 0.170313 0.613281 0.328125 0.0875
7 0.755078 0.609375 0.489844 0.117188
8 0.417578 0.797656 0.208594 0.351562
9 0.815625 0.343359 0.251563 0.260156
10 0.169922 0.419141 0.291406 0.430469
11 0.324219 0.203516 0.13125 0.374219
12 0.685156 0.478125 0.0859375 0.132812
12 0.845703 0.504687 0.0992187 0.126562
13 0.758203 0.560547 0.483594 0.100781
14 0.878516 0.121484 0.178906 0.171094
