0 0.780859 0.490625 0.414844 0.59375
1 0.785156 0.3875 0.407813 0.257812
2 0.779687 0.638281 0.414062 0.298438
3 0.761328 0.719922 0.121094 0.130469
4 0.663281 0.559766 0.0828125 0.0726563
4 0.867969 0.569922 0.0828125 0.0757812
5 0.771875 0.175391 0.45625 0.316406
6 0.771484 0.123438 0.457031 0.2125
7 0.769922 0.883984 0.460156 0.169531
8 0.277734 0.473438 0.533594 0.515625
9 0.245703 0.845703 0.491406 0.308594
10 0.286328 0.0914062 0.550781 0.182812
11 0.124609 0.227344 0.211719 0.375
12 0.543359 0.954297 0.0664062 0.0914062
12 0.620313 0.94375 0.101562 0.1125
12 0.739062 0.940625 0.0953125 0.11875
12 0.862109 0.945312 0.0804688 0.109375
12 0.960547 0.940234 0.0695313 0.119531
13 0.955469 0.789062 0.0703125 0.04375
13 0.530469 0.770312 0.0953125 0.040625
13 0.498047 0.657422 0.0945312 0.0898438
13 0.434766 0.563672 0.138281 0.100781
14 0.945703 0.0527344 0.105469 0.105469
