0 0.496484 0.351562 0.524219 0.626563
1 0.496094 0.163672 0.507812 0.244531
2 0.497266 0.462891 0.522656 0.402344
3 0.373828 0.539062 0.116406 0.240625
4 0.570703 0.3625 0.177344 0.15
5 0.638672 0.0878906 0.149219 0.175781
6 0.673438 0.0214844 0.078125 0.0429688
7 0.502734 0.769922 0.994531 0.147656
8 0.0992187 0.388672 0.198437 0.627344
9 0.871484 0.175391 0.257031 0.310156
10 0.179688 0.065625 0.317188 0.13125
11 0.861719 0.505078 0.179688 0.228906
12 0.927344 0.609375 0.0640625 0.078125
13 0.518359 0.689063 0.930469 0.1125
14 0.392578 0.0613281 0.172656 0.122656
