0 0.408594 0.651172 0.610938 0.697656
1 0.457031 0.474219 0.501563 0.35
2 0.459375 0.811328 0.50625 0.377344
3 0.451953 0.865234 0.217969 0.269531
4 0.301563 0.692187 0.0703125 0.071875
5 0.238281 0.326562 0.26875 0.653125
6 0.255469 0.270703 0.232813 0.541406
7 0.824219 0.854297 0.295312 0.197656
8 0.786719 0.398828 0.426563 0.230469
9 0.799219 0.608203 0.1 0.122656
10 0.113281 0.797656 0.226562 0.284375
10 0.839844 0.636719 0.251563 0.55
11 0.183984 0.832422 0.135156 0.335156
12 0.799219 0.948828 0.0734375 0.102344
13 0.927734 0.936719 0.0195312 0.0875
13 0.900781 0.948047 0.01875 0.0648438
13 0.855859 0.940625 0.0257812 0.0796875
13 0.06875 0.907422 0.0234375 0.178906
13 0.1125 0.874219 0.021875 0.223438
13 0.161719 0.965625 0.0234375 0.06875
13 0.194531 0.980469 0.0140625 0.0390625
13 0.226562 0.973828 0.025 0.0523438
13 0.441797 0.976953 0.0164063 0.0460938
13 0.462109 0.972266 0.0164063 0.0554687
14 0.806641 0.156641 0.386719 0.313281
