0 0.400781 0.338281 0.2375 0.3375
1 0.399219 0.266797 0.234375 0.192969
2 0.408203 0.420312 0.224219 0.175
3 0.335547 0.477344 0.0507812 0.059375
4 0.385156 0.410156 0.0296875 0.0359375
4 0.446484 0.407813 0.0335937 0.034375
4 0.415625 0.368359 0.0328125 0.0257812
5 0.299219 0.228516 0.0921875 0.169531
6 0.291797 0.179688 0.0773438 0.071875
7 0.166406 0.504297 0.298438 0.0804688
7 0.757031 0.412109 0.485938 0.0445313
8 0.361719 0.747266 0.21875 0.505469
9 0.689453 0.663281 0.158594 0.134375
10 0.515234 0.217969 0.119531 0.134375
11 0.580469 0.514062 0.090625 0.167187
12 0.121875 0.733984 0.0609375 0.0851563
12 0.692187 0.536719 0.05625 0.071875
13 0.574609 0.835547 0.0507812 0.0242188
13 0.778125 0.819922 0.059375 0.0335937
14 0.502344 0.173437 0.053125 0.05
