0 0.247266 0.409766 0.157031 0.227344
1 0.246875 0.365625 0.15625 0.09375
2 0.242969 0.459375 0.132812 0.128125
3 0.210547 0.49375 0.0351562 0.0546875
4 0.244922 0.434766 0.0867187 0.0398437
4 0.262891 0.479687 0.0382813 0.040625
5 0.282813 0.26875 0.192188 0.1375
6 0.288672 0.247656 0.178906 0.0953125
7 0.114453 0.514062 0.141406 0.06875
7 0.399609 0.467969 0.188281 0.0609375
8 0.291016 0.679688 0.188281 0.323437
9 0.627344 0.604297 0.160938 0.117969
10 0.676562 0.307812 0.50625 0.196875
11 0.581641 0.432031 0.110156 0.142187
11 0.797266 0.415625 0.121094 0.146875
12 0.433984 0.625391 0.100781 0.183594
13 0.174609 0.757812 0.0679687 0.0484375
13 0.530859 0.805859 0.0710937 0.0585938
14 0.722656 0.117578 0.117188 0.114844
