0 0.337109 0.585547 0.477344 0.828906
1 0.350391 0.398438 0.392969 0.264062
2 0.335547 0.746094 0.475781 0.507812
3 0.3375 0.886328 0.226562 0.227344
4 0.476172 0.633984 0.103906 0.111719
5 0.546484 0.239844 0.227344 0.440625
6 0.555078 0.0996094 0.214844 0.160156
7 0.778125 0.796875 0.44375 0.204687
8 0.774609 0.922266 0.450781 0.155469
9 0.762109 0.520312 0.347656 0.303125
10 0.0964844 0.214062 0.166406 0.1125
11 0.115625 0.373047 0.125 0.192969
12 0.0574219 0.898438 0.0804688 0.1875
13 0.786328 0.85625 0.427344 0.109375
14 0.925391 0.0828125 0.149219 0.165625
