0 0.446484 0.264062 0.447656 0.417187
1 0.447656 0.136328 0.41875 0.161719
2 0.440234 0.332813 0.435156 0.279687
3 0.329688 0.387109 0.0890625 0.136719
4 0.525391 0.242969 0.0757812 0.09375
4 0.345703 0.245703 0.0929688 0.0945312
5 0.633984 0.0828125 0.0726563 0.157812
6 0.633984 0.0386719 0.0617188 0.0664062
7 0.824219 0.442969 0.35 0.170313
7 0.123828 0.404687 0.236719 0.1125
8 0.271875 0.576562 0.532813 0.257812
9 0.841406 0.775 0.307812 0.2125
10 0.240625 0.800781 0.415625 0.276562
11 0.530469 0.782813 0.1875 0.334375
12 0.576562 0.873828 0.0453125 0.0773438
12 0.625391 0.877344 0.0539063 0.0703125
13 0.550781 0.5125 0.207813 0.084375
13 0.460547 0.924219 0.0414062 0.01875
13 0.608594 0.920312 0.148438 0.025
14 0.837891 0.0949219 0.244531 0.189844
