0 0.501172 0.433203 0.683594 0.567969
1 0.501172 0.344141 0.683594 0.213281
2 0.517578 0.536719 0.642969 0.359375
3 0.297656 0.594531 0.107813 0.198437
4 0.723047 0.460156 0.150781 0.132812
5 0.432031 0.142187 0.25625 0.284375
6 0.439453 0.084375 0.239844 0.165625
7 0.100391 0.649609 0.185156 0.149219
8 0.165625 0.845313 0.33125 0.279687
9 0.682031 0.846875 0.296875 0.18125
10 0.748437 0.0753906 0.404687 0.144531
11 0.910937 0.466016 0.148438 0.607031
12 0.107031 0.790625 0.075 0.14375
13 0.16875 0.827734 0.0515625 0.0476562
13 0.078125 0.860938 0.0515625 0.0359375
14 0.121094 0.167578 0.190625 0.213281
