0 0.406641 0.309375 0.410156 0.590625
1 0.406641 0.164844 0.408594 0.3
2 0.402344 0.446875 0.390625 0.314063
3 0.304297 0.453125 0.0757812 0.26875
4 0.508594 0.361719 0.120313 0.0890625
5 0.586719 0.152344 0.13125 0.304688
6 0.595703 0.0488281 0.113281 0.0960938
7 0.374609 0.692578 0.532031 0.175781
8 0.184375 0.880469 0.270313 0.239063
9 0.783203 0.369922 0.214844 0.157031
10 0.772266 0.125781 0.158594 0.1375
11 0.728906 0.652344 0.1625 0.279687
12 0.827344 0.7 0.05625 0.123438
13 0.734766 0.798047 0.292969 0.0914062
14 0.904687 0.0707031 0.151562 0.141406
