0 0.233203 0.304297 0.185156 0.286719
1 0.210938 0.214062 0.139063 0.109375
2 0.237109 0.356641 0.177344 0.180469
3 0.264453 0.405078 0.0445313 0.0695313
4 0.1875 0.304688 0.034375 0.040625
5 0.172656 0.132031 0.065625 0.260937
6 0.172656 0.0984375 0.065625 0.196875
7 0.285938 0.502734 0.432812 0.192969
8 0.606641 0.468359 0.185156 0.924219
9 0.4375 0.13125 0.101562 0.115625
10 0.820312 0.497266 0.201563 0.169531
11 0.85 0.144141 0.084375 0.158594
12 0.762891 0.25625 0.0367188 0.05
13 0.739844 0.370312 0.0484375 0.0421875
13 0.81875 0.335547 0.0359375 0.0398437
13 0.909766 0.350391 0.0320312 0.0414062
14 0.946875 0.0546875 0.104688 0.109375
