0 0.437891 0.61875 0.669531 0.7625
1 0.438281 0.439063 0.66875 0.345313
2 0.402344 0.783594 0.428125 0.432812
3 0.397656 0.910547 0.117188 0.169531
4 0.323828 0.721094 0.0914062 0.090625
4 0.502344 0.716406 0.0890625 0.084375
5 0.697266 0.249219 0.285156 0.495312
6 0.74375 0.116406 0.192188 0.229687
7 0.103125 0.9 0.20625 0.2
7 0.7875 0.891016 0.425 0.217969
8 0.5 0.193359 1 0.289844
9 0.158594 0.35 0.259375 0.328125
10 0.240625 0.0429688 0.15625 0.0859375
11 0.869922 0.423828 0.185156 0.325781
12 0.727344 0.692187 0.0640625 0.0953125
13 0.855469 0.682422 0.115625 0.0523438
13 0.862891 0.616016 0.111719 0.0367188
14 0.948047 0.0398437 0.0898438 0.0796875
