0 0.221484 0.441797 0.442969 0.691406
1 0.218359 0.290234 0.436719 0.349219
2 0.221484 0.600781 0.442969 0.370312
3 0.0667969 0.690234 0.133594 0.191406
4 0.119141 0.514062 0.0804688 0.0859375
4 0.321875 0.675781 0.0875 0.0765625
5 0.328906 0.123828 0.214062 0.217969
6 0.329297 0.108203 0.213281 0.186719
7 0.478516 0.870313 0.957031 0.129688
8 0.308203 0.794531 0.616406 0.146875
9 0.539453 0.562891 0.189844 0.238281
10 0.119141 0.155078 0.238281 0.310156
11 0.758594 0.536719 0.228125 0.509375
12 0.859766 0.721484 0.0742188 0.117969
12 0.934375 0.721484 0.0640625 0.116406
12 0.451953 0.572656 0.0585938 0.053125
12 0.607422 0.533203 0.0726563 0.0804688
12 0.551562 0.671484 0.0515625 0.0585938
13 0.813281 0.792578 0.371875 0.0617188
13 0.538672 0.571875 0.238281 0.278125
14 0.516797 0.146094 0.232031 0.292187
