0 0.253516 0.494922 0.280469 0.666406
1 0.245703 0.3375 0.263281 0.320312
2 0.253906 0.615234 0.279687 0.425781
3 0.239844 0.732031 0.1125 0.178125
4 0.2125 0.562891 0.140625 0.0835937
4 0.333984 0.528516 0.0820312 0.108594
5 0.142578 0.230078 0.0789062 0.399219
6 0.141797 0.0917969 0.0789062 0.125781
7 0.0703125 0.679688 0.140625 0.154688
7 0.682031 0.654297 0.609375 0.163281
8 0.61875 0.865234 0.69375 0.269531
9 0.876172 0.448437 0.196094 0.1875
10 0.511328 0.210938 0.966406 0.19375
11 0.625391 0.117188 0.0835937 0.178125
12 0.676953 0.375781 0.0898438 0.153125
13 0.510547 0.486719 0.0367188 0.0171875
13 0.582031 0.463672 0.0375 0.0148437
13 0.675391 0.468359 0.0476562 0.0148437
13 0.626953 0.523828 0.0398437 0.0164063
14 0.805078 0.1125 0.214844 0.19375
