0 0.425391 0.3375 0.211719 0.309375
1 0.423828 0.275391 0.186719 0.183594
2 0.420703 0.423047 0.200781 0.138281
3 0.475391 0.442578 0.0648438 0.0617188
4 0.368359 0.389844 0.0867187 0.059375
5 0.550781 0.263672 0.104688 0.208594
6 0.558594 0.203906 0.0875 0.0890625
7 0.284766 0.397656 0.250781 0.34375
8 0.477344 0.745313 0.140625 0.4375
9 0.765625 0.443359 0.15 0.157031
10 0.466406 0.0816406 0.925 0.139844
11 0.815625 0.269141 0.135937 0.155469
12 0.614453 0.546094 0.0648438 0.101562
13 0.360156 0.392578 0.257812 0.260156
14 0.0960938 0.207031 0.157812 0.184375
