0 0.366797 0.313281 0.453906 0.479687
1 0.366797 0.224609 0.447656 0.302344
2 0.333594 0.411719 0.385937 0.2875
3 0.284766 0.469922 0.0976562 0.158594
4 0.214844 0.333203 0.053125 0.0554687
4 0.383203 0.342187 0.0523438 0.0484375
5 0.225781 0.140234 0.1125 0.227344
6 0.240625 0.0742188 0.0796875 0.09375
7 0.500391 0.514453 0.992969 0.199219
8 0.5 0.751172 1 0.167969
9 0.750391 0.176563 0.403906 0.335938
10 0.405469 0.0894531 0.334375 0.175781
11 0.0972656 0.326953 0.169531 0.403906
12 0.632422 0.364063 0.0570312 0.0875
12 0.726562 0.403125 0.0640625 0.120313
13 0.583203 0.448047 0.0398437 0.0195312
13 0.840234 0.384766 0.0585938 0.0367188
13 0.883984 0.431641 0.0382813 0.0210938
13 0.963672 0.323828 0.0320312 0.0179687
13 0.941797 0.04375 0.0304687 0.021875
14 0.132812 0.113281 0.265625 0.226562
