0 0.501953 0.391406 0.717969 0.66875
1 0.468359 0.166406 0.652344 0.215625
2 0.46875 0.491016 0.654687 0.466406
3 0.630078 0.562891 0.214844 0.317969
4 0.3125 0.417578 0.229687 0.172656
5 0.828516 0.151953 0.194531 0.247656
6 0.850781 0.059375 0.148438 0.0625
7 0.5 0.821875 1 0.225
8 0.0761719 0.450781 0.152344 0.279687
9 0.886328 0.514453 0.146094 0.113281
10 0.5 0.0996094 1 0.189844
11 0.93125 0.344141 0.115625 0.258594
12 0.102734 0.761328 0.0726563 0.0679687
12 0.248828 0.762109 0.0601563 0.0632812
12 0.379688 0.759766 0.0640625 0.0632812
12 0.525391 0.764062 0.0710937 0.06875
12 0.674219 0.768359 0.0703125 0.0632812
12 0.813672 0.753125 0.0601563 0.0515625
12 0.910937 0.749609 0.05 0.0507812
13 0.516797 0.914453 0.866406 0.107031
14 0.123047 0.0765625 0.172656 0.153125
