0 0.2625 0.291797 0.135937 0.207031
1 0.2625 0.25 0.135937 0.107813
2 0.260156 0.341797 0.09375 0.108594
3 0.25625 0.351953 0.0421875 0.0523438
4 0.273438 0.260547 0.034375 0.0304687
5 0.296094 0.175781 0.06875 0.140625
6 0.296094 0.151172 0.06875 0.0914062
7 0.272656 0.374609 0.210938 0.0945312
8 0.377344 0.302344 0.534375 0.604688
8 0.378906 0.34375 0.651563 0.6875
9 0.784375 0.798047 0.096875 0.130469
10 0.422266 0.438281 0.844531 0.871875
11 0.571094 0.355078 0.109375 0.144531
11 0.539453 0.523828 0.107031 0.116406
11 0.399609 0.700391 0.0523438 0.105469
12 0.291406 0.455078 0.0421875 0.0679687
12 0.240625 0.4625 0.040625 0.0546875
13 0.357812 0.253516 0.410938 0.507031
14 0.9125 0.139453 0.175 0.278906
