0 0.472656 0.372656 0.5875 0.457813
1 0.467969 0.329688 0.565625 0.159375
2 0.471484 0.494531 0.586719 0.221875
3 0.671875 0.528906 0.071875 0.117188
4 0.281641 0.44375 0.127344 0.06875
4 0.66875 0.35 0.040625 0.0390625
5 0.3875 0.151172 0.142187 0.235156
6 0.387109 0.09375 0.144531 0.120313
7 0.435156 0.674219 0.596875 0.120313
8 0.85625 0.432812 0.2875 0.44375
9 0.845703 0.841797 0.308594 0.316406
10 0.114844 0.233594 0.229687 0.189062
11 0.8875 0.125 0.1625 0.196875
12 0.177344 0.920703 0.0984375 0.158594
12 0.423828 0.916016 0.0992187 0.167969
12 0.071875 0.521875 0.053125 0.08125
13 0.407813 0.963672 0.590625 0.0726563
14 0.710156 0.0960938 0.217188 0.192188
