0 0.371094 0.608203 0.309375 0.414844
1 0.371094 0.507422 0.296875 0.203906
2 0.365625 0.703125 0.210938 0.225
3 0.4375 0.7375 0.0703125 0.140625
4 0.325781 0.648828 0.0703125 0.0851563
5 0.461328 0.410156 0.105469 0.235937
6 0.461328 0.35 0.0960938 0.117188
7 0.613281 0.530078 0.253125 0.128906
7 0.113281 0.582422 0.226562 0.121094
8 0.305078 0.903125 0.278906 0.19375
9 0.711719 0.765234 0.415625 0.267969
10 0.529297 0.226953 0.530469 0.211719
11 0.771484 0.403906 0.138281 0.279687
12 0.223438 0.733203 0.071875 0.103906
12 0.122266 0.831641 0.0742188 0.107031
12 0.0585938 0.692187 0.0703125 0.1125
13 0.138672 0.733984 0.0710937 0.0523438
13 0.23125 0.810156 0.0484375 0.0359375
14 0.136719 0.157812 0.2625 0.260937
