0 0.490234 0.407813 0.327344 0.335938
1 0.490234 0.346484 0.328906 0.117969
2 0.496875 0.480469 0.25625 0.189062
3 0.568359 0.48125 0.0632812 0.10625
4 0.438281 0.485938 0.0625 0.0921875
5 0.448828 0.216016 0.144531 0.169531
6 0.448437 0.187109 0.142187 0.107031
7 0.292578 0.496875 0.389844 0.38125
7 0.783984 0.469531 0.280469 0.365625
8 0.319531 0.778125 0.625 0.44375
9 0.144531 0.775391 0.2125 0.130469
10 0.776563 0.11875 0.257812 0.13125
11 0.727344 0.794141 0.0984375 0.183594
11 0.860547 0.747266 0.111719 0.221094
12 0.758984 0.510156 0.0726563 0.123438
12 0.260547 0.544922 0.0742188 0.135156
13 0.816797 0.923047 0.0664062 0.0617188
13 0.582812 0.907031 0.0890625 0.0578125
14 0.184766 0.1 0.192969 0.184375
