0 0.410547 0.451562 0.383594 0.639062
1 0.406641 0.261328 0.375781 0.214844
2 0.419141 0.544141 0.364844 0.453906
3 0.411719 0.68125 0.103125 0.154688
4 0.304297 0.539062 0.0710937 0.075
4 0.515234 0.524609 0.0789062 0.0679687
5 0.603906 0.133594 0.325 0.248438
6 0.613281 0.0710937 0.307812 0.123438
7 0.444922 0.732812 0.439844 0.195312
8 0.638281 0.869141 0.503125 0.261719
9 0.835547 0.635156 0.327344 0.310937
10 0.844922 0.212109 0.310156 0.319531
11 0.0992187 0.510547 0.189062 0.335156
12 0.759766 0.441406 0.0585938 0.0921875
13 0.642578 0.528125 0.0476562 0.0375
13 0.225391 0.830469 0.0617188 0.0375
13 0.0863281 0.772656 0.0617188 0.0421875
13 0.127734 0.879297 0.0617188 0.0460938
14 0.185547 0.163281 0.352344 0.326562
