0 0.480078 0.288281 0.750781 0.51875
1 0.480078 0.185156 0.750781 0.254688
2 0.483984 0.409375 0.517969 0.275
3 0.4375 0.456641 0.11875 0.166406
4 0.290234 0.348438 0.0679687 0.0984375
4 0.633594 0.332422 0.101562 0.0820312
5 0.375391 0.0851563 0.172656 0.170313
6 0.376563 0.0230469 0.170313 0.0460938
7 0.400391 0.760156 0.752344 0.204687
8 0.848437 0.371484 0.303125 0.202344
9 0.853125 0.855469 0.196875 0.167187
10 0.696094 0.0550781 0.160938 0.0710937
11 0.124609 0.261328 0.224219 0.466406
12 0.788672 0.533594 0.0523438 0.090625
13 0.864453 0.676562 0.0445313 0.059375
13 0.385156 0.614062 0.0546875 0.0265625
13 0.071875 0.578125 0.046875 0.0453125
14 0.863672 0.100781 0.174219 0.154688
