0 0.433203 0.492969 0.539844 0.43125
1 0.43125 0.423047 0.542188 0.177344
2 0.438281 0.598437 0.523438 0.214062
3 0.273047 0.629687 0.102344 0.126562
4 0.422266 0.585156 0.108594 0.0734375
4 0.56875 0.586328 0.117188 0.0742188
5 0.563672 0.291016 0.124219 0.122656
6 0.56875 0.263281 0.114062 0.0671875
7 0.0984375 0.642969 0.167187 0.090625
7 0.842969 0.657813 0.314063 0.103125
8 0.502734 0.892969 0.982031 0.134375
9 0.858594 0.517578 0.282813 0.239844
10 0.430859 0.203906 0.749219 0.264062
11 0.0988281 0.460156 0.197656 0.317188
12 0.154688 0.799219 0.0609375 0.0859375
12 0.0855469 0.805469 0.0570312 0.0765625
12 0.811719 0.83125 0.0859375 0.096875
12 0.887891 0.836328 0.0726563 0.0835937
13 0.929297 0.78125 0.0289063 0.0234375
13 0.857031 0.730859 0.053125 0.0320312
13 0.769141 0.73125 0.0414062 0.040625
13 0.719141 0.803906 0.0289063 0.0359375
13 0.646094 0.795312 0.040625 0.034375
13 0.669922 0.726562 0.0492187 0.046875
13 0.568359 0.727734 0.0460938 0.0414062
13 0.545312 0.801562 0.0375 0.040625
13 0.473438 0.728906 0.0453125 0.0390625
13 0.440625 0.806641 0.0484375 0.0367188
13 0.355859 0.729297 0.0492187 0.0414062
13 0.349219 0.814844 0.0359375 0.0375
13 0.265625 0.809375 0.0359375 0.0328125
13 0.208594 0.721094 0.0484375 0.04375
13 0.0570312 0.720703 0.05 0.0460938
14 0.795312 0.169531 0.26875 0.24375
