0 0.346094 0.377734 0.464062 0.472656
1 0.346094 0.235156 0.464062 0.1875
2 0.364063 0.463281 0.3125 0.301563
3 0.433984 0.525 0.0679687 0.164062
4 0.296484 0.416016 0.121094 0.113281
5 0.5625 0.130078 0.273438 0.221094
6 0.569922 0.0902344 0.258594 0.141406
7 0.303125 0.760938 0.585938 0.234375
8 0.675 0.717578 0.446875 0.232031
9 0.795703 0.573438 0.261719 0.15
10 0.778906 0.133203 0.442188 0.122656
11 0.649219 0.373047 0.167187 0.275781
12 0.771094 0.433594 0.065625 0.110937
13 0.0769531 0.614844 0.0289063 0.0359375
13 0.125781 0.549609 0.0359375 0.0523438
13 0.180469 0.634766 0.0421875 0.0398437
14 0.132812 0.0953125 0.13125 0.173437
