0 0.513672 0.288281 0.357031 0.426563
1 0.490234 0.173828 0.313281 0.196094
2 0.513672 0.357812 0.355469 0.2875
3 0.516406 0.429688 0.0828125 0.114062
4 0.411328 0.313281 0.0726563 0.078125
4 0.595703 0.275 0.0789062 0.0890625
5 0.455469 0.0875 0.14375 0.175
6 0.455469 0.0449219 0.14375 0.0898438
7 0.467578 0.439453 0.699219 0.510156
8 0.682031 0.673047 0.4 0.389844
9 0.896484 0.446484 0.182031 0.167969
10 0.778516 0.156641 0.442969 0.313281
10 0.19375 0.155078 0.3875 0.310156
11 0.242578 0.239844 0.114844 0.217188
12 0.264062 0.427344 0.08125 0.084375
13 0.312891 0.45 0.0492187 0.01875
13 0.20625 0.461328 0.0546875 0.0257812
13 0.255859 0.522656 0.0445313 0.0203125
13 0.326953 0.516406 0.0429688 0.021875
13 0.397266 0.513672 0.0398437 0.0148437
13 0.608984 0.505469 0.0492187 0.021875
13 0.689844 0.498437 0.053125 0.025
13 0.716406 0.417969 0.053125 0.0296875
14 0.0742188 0.0902344 0.148438 0.180469
