0 0.674609 0.560547 0.239844 0.166406
1 0.670703 0.514844 0.232031 0.075
2 0.674219 0.589844 0.239063 0.107813
3 0.583594 0.603906 0.028125 0.071875
4 0.671875 0.588281 0.0453125 0.0546875
4 0.736719 0.585547 0.040625 0.0523438
5 0.773047 0.442188 0.166406 0.170313
6 0.776563 0.417187 0.159375 0.120313
7 0.4875 0.605469 0.145313 0.0609375
7 0.860938 0.642188 0.160938 0.08125
8 0.36875 0.758203 0.453125 0.249219
9 0.616797 0.831641 0.349219 0.124219
10 0.407422 0.310156 0.602344 0.289062
11 0.258203 0.564453 0.297656 0.296094
12 0.753125 0.714063 0.0625 0.0765625
12 0.875 0.808203 0.065625 0.0851563
13 0.640234 0.733984 0.0757812 0.0289063
13 0.782031 0.901172 0.09375 0.0335937
14 0.726172 0.120313 0.155469 0.159375
