0 0.621094 0.444531 0.646875 0.6125
1 0.621094 0.326953 0.648438 0.282031
2 0.587109 0.596875 0.419531 0.304688
3 0.460156 0.650781 0.167187 0.176563
4 0.644141 0.558984 0.108594 0.0992187
5 0.774219 0.175391 0.103125 0.280469
6 0.801562 0.0941406 0.0484375 0.119531
7 0.817187 0.898047 0.307812 0.102344
7 0.228125 0.880859 0.44375 0.125781
8 0.503516 0.859375 0.247656 0.26875
9 0.165234 0.712109 0.163281 0.127344
10 0.144141 0.412109 0.255469 0.321094
11 0.859375 0.612891 0.101562 0.194531
12 0.933594 0.744531 0.078125 0.142187
12 0.787891 0.808594 0.110156 0.190625
12 0.307812 0.758203 0.103125 0.182031
13 0.0535156 0.729688 0.0664062 0.145313
13 0.0796875 0.6 0.075 0.139063
13 0.180469 0.562891 0.109375 0.158594
13 0.294141 0.608203 0.0960938 0.166406
14 0.290234 0.170313 0.422656 0.340625
