0 0.457031 0.376563 0.525 0.604688
1 0.457813 0.240234 0.523438 0.303906
2 0.449609 0.499219 0.453906 0.357812
3 0.454297 0.557422 0.125781 0.203906
4 0.579297 0.484766 0.0835937 0.0914062
5 0.217578 0.143359 0.263281 0.286719
6 0.217578 0.0585938 0.263281 0.117188
7 0.116016 0.460938 0.232031 0.0953125
7 0.830078 0.414844 0.336719 0.117188
8 0.393359 0.822266 0.247656 0.355469
9 0.7 0.805078 0.492188 0.360156
10 0.810937 0.112109 0.378125 0.177344
11 0.798047 0.316797 0.225781 0.303906
12 0.175 0.750781 0.06875 0.101562
12 0.151562 0.898828 0.0703125 0.0929688
13 0.0777344 0.741797 0.0554687 0.0445313
13 0.3 0.703906 0.059375 0.0375
13 0.262891 0.860156 0.0648438 0.053125
13 0.483984 0.954297 0.0539063 0.0289063
13 0.928516 0.931641 0.0554687 0.0257812
13 0.960938 0.688672 0.0578125 0.0460938
14 0.103516 0.115625 0.186719 0.23125
