0 0.187891 0.255078 0.353906 0.457031
1 0.188281 0.151172 0.351562 0.249219
2 0.184375 0.357812 0.296875 0.251563
3 0.228516 0.388672 0.0898438 0.166406
3 0.807031 0.760938 0.385937 0.340625
4 0.0695313 0.299609 0.03125 0.0695313
5 0.0804688 0.0804688 0.0765625 0.142187
6 0.0804688 0.0359375 0.0765625 0.053125
7 0.314844 0.782031 0.629687 0.307812
8 0.465625 0.550781 0.478125 0.175
9 0.160156 0.582812 0.320312 0.107813
10 0.580078 0.125391 0.535156 0.244531
11 0.860156 0.308594 0.279687 0.5625
12 0.342187 0.397656 0.0359375 0.10625
12 0.385156 0.399219 0.0796875 0.103125
13 0.357031 0.599609 0.053125 0.0273438
14 0.615234 0.0667969 0.164844 0.0976562
