0 0.308594 0.617578 0.365625 0.624219
1 0.323437 0.420703 0.328125 0.227344
2 0.306641 0.709375 0.360156 0.439063
3 0.392578 0.755469 0.0820312 0.195312
4 0.254297 0.708594 0.105469 0.139063
5 0.497656 0.356641 0.148438 0.232031
6 0.504297 0.296875 0.133594 0.110937
7 0.641797 0.797656 0.372656 0.151562
8 0.708203 0.841016 0.583594 0.317969
9 0.0769531 0.746484 0.122656 0.183594
10 0.164453 0.357812 0.224219 0.165625
11 0.883203 0.455469 0.203906 0.385937
12 0.671875 0.470703 0.065625 0.116406
12 0.0707031 0.514844 0.0789062 0.109375
13 0.110156 0.5875 0.034375 0.03125
13 0.582031 0.533594 0.0359375 0.028125
13 0.759375 0.539062 0.0296875 0.0359375
13 0.632031 0.681641 0.0328125 0.0335937
13 0.758984 0.636719 0.0367188 0.040625
14 0.889062 0.0921875 0.182812 0.179688
