0 0.471484 0.326953 0.332031 0.507031
1 0.477344 0.173047 0.320312 0.199219
2 0.471484 0.420703 0.332031 0.319531
3 0.574219 0.497656 0.110937 0.1625
4 0.573828 0.349609 0.0742188 0.0757812
4 0.401953 0.35 0.0710937 0.0796875
5 0.6625 0.123047 0.185938 0.216406
6 0.673047 0.0519531 0.164844 0.0742188
7 0.224609 0.719141 0.442969 0.157031
7 0.80625 0.717969 0.384375 0.164062
8 0.520312 0.783594 0.198437 0.423438
9 0.726172 0.899219 0.217969 0.179688
10 0.813672 0.278906 0.371094 0.271875
11 0.720313 0.420703 0.126562 0.169531
12 0.179688 0.473828 0.142187 0.253906
13 0.336719 0.610938 0.065625 0.0515625
13 0.0859375 0.596484 0.0734375 0.0445313
13 0.0960938 0.858203 0.0546875 0.0554687
13 0.296484 0.925391 0.0570312 0.0648438
13 0.915234 0.924219 0.0382813 0.0609375
13 0.942187 0.563672 0.0640625 0.0570312
13 0.78125 0.588281 0.0421875 0.0484375
14 0.167969 0.153516 0.235937 0.252344
