0 0.327344 0.422266 0.4 0.483594
1 0.327344 0.330078 0.398438 0.297656
2 0.307422 0.543359 0.336719 0.241406
3 0.367188 0.566406 0.10625 0.159375
4 0.230469 0.521875 0.120313 0.090625
5 0.469141 0.235547 0.116406 0.191406
6 0.490625 0.192969 0.0734375 0.10625
7 0.0820312 0.582031 0.11875 0.0875
7 0.495312 0.573438 0.0609375 0.071875
7 0.827344 0.605859 0.315625 0.119531
8 0.215625 0.776172 0.403125 0.247656
9 0.703125 0.794531 0.378125 0.192188
10 0.819922 0.358594 0.360156 0.295312
10 0.0851563 0.463281 0.128125 0.0984375
11 0.728516 0.472656 0.132031 0.279687
11 0.607422 0.477344 0.197656 0.284375
12 0.880859 0.704297 0.0664062 0.105469
12 0.736719 0.641406 0.0671875 0.10625
12 0.636328 0.921094 0.0679687 0.0984375
12 0.458203 0.840625 0.0757812 0.117188
13 0.539453 0.935937 0.0726563 0.0328125
13 0.733984 0.953125 0.0898438 0.0484375
13 0.591797 0.671484 0.124219 0.0367188
14 0.829688 0.147656 0.2125 0.134375
