0 0.231641 0.423047 0.222656 0.449219
1 0.219141 0.329688 0.196094 0.229687
2 0.236328 0.537891 0.213281 0.219531
3 0.205859 0.579688 0.0757812 0.123438
4 0.2875 0.539844 0.05 0.0578125
5 0.298438 0.28125 0.084375 0.29375
6 0.298828 0.166016 0.0851563 0.0632812
7 0.492578 0.564063 0.325781 0.15
8 0.523438 0.758203 0.78125 0.471094
8 0.489063 0.707422 0.615625 0.292969
9 0.803516 0.457422 0.330469 0.336719
10 0.636719 0.125781 0.484375 0.242188
11 0.517188 0.39375 0.260937 0.298438
12 0.553906 0.671094 0.0625 0.078125
12 0.494141 0.671094 0.0742188 0.090625
13 0.532031 0.85 0.532813 0.135937
14 0.143359 0.101172 0.230469 0.202344
