0 0.437891 0.297266 0.446094 0.457031
1 0.426172 0.201563 0.422656 0.267188
2 0.437891 0.366797 0.444531 0.316406
3 0.341797 0.442188 0.0914062 0.115625
4 0.342187 0.267578 0.075 0.116406
5 0.540625 0.109375 0.126562 0.21875
6 0.552344 0.0742188 0.101562 0.148438
7 0.622656 0.896875 0.595313 0.20625
8 0.201953 0.742578 0.375781 0.514844
9 0.715625 0.575391 0.289062 0.180469
10 0.505078 0.159375 0.985156 0.31875
11 0.1125 0.265234 0.170313 0.336719
12 0.795312 0.420312 0.145313 0.198437
13 0.921484 0.534766 0.0929688 0.136719
13 0.814844 0.726953 0.0703125 0.0976562
13 0.502344 0.667969 0.1 0.0953125
13 0.114062 0.5875 0.101562 0.125
14 0.0996094 0.0667969 0.199219 0.133594
