0 0.494141 0.583203 0.583594 0.508594
1 0.491797 0.444141 0.566406 0.150781
2 0.494922 0.669531 0.582031 0.334375
3 0.401172 0.717969 0.0976562 0.19375
4 0.649219 0.644531 0.0640625 0.0625
5 0.335156 0.278125 0.173437 0.260937
6 0.335547 0.244531 0.174219 0.190625
7 0.105078 0.792969 0.210156 0.142187
7 0.885938 0.741406 0.220312 0.148438
8 0.538281 0.900781 0.359375 0.198437
9 0.225391 0.923828 0.246094 0.152344
10 0.154688 0.224609 0.309375 0.249219
10 0.817187 0.239063 0.364063 0.228125
11 0.530859 0.215234 0.258594 0.328906
12 0.742188 0.865234 0.046875 0.0742188
12 0.85625 0.870703 0.0578125 0.0835937
12 0.0738281 0.839844 0.0476562 0.071875
12 0.0296875 0.885156 0.0390625 0.0609375
13 0.501563 0.895312 0.9875 0.178125
14 0.913672 0.0890625 0.171094 0.178125
