0 0.468359 0.538281 0.283594 0.354687
1 0.458203 0.424219 0.264844 0.128125
2 0.461719 0.594922 0.228125 0.242969
3 0.378906 0.641016 0.04375 0.119531
4 0.462891 0.525 0.0601563 0.053125
5 0.542969 0.279687 0.265625 0.317188
6 0.543359 0.255469 0.264844 0.26875
7 0.180078 0.673438 0.313281 0.101562
7 0.76875 0.664062 0.421875 0.084375
8 0.352734 0.859375 0.249219 0.259375
9 0.665234 0.898047 0.157031 0.0992187
10 0.483203 0.132812 0.928906 0.220312
11 0.820703 0.375 0.333594 0.395313
12 0.220312 0.318359 0.104688 0.111719
12 0.104297 0.392188 0.0960938 0.139063
12 0.0976562 0.532422 0.10625 0.105469
12 0.229687 0.485547 0.0984375 0.102344
12 0.692969 0.551562 0.0890625 0.090625
13 0.142187 0.872266 0.209375 0.255469
13 0.753516 0.828906 0.375781 0.207813
14 0.905078 0.104688 0.189844 0.209375
