0 0.474609 0.35625 0.205469 0.23125
1 0.474219 0.316016 0.204687 0.125781
2 0.464453 0.404687 0.167969 0.132812
3 0.441406 0.441016 0.0265625 0.0523438
4 0.505078 0.396484 0.0460938 0.0445313
5 0.519141 0.219922 0.0398437 0.155469
6 0.520312 0.189844 0.0265625 0.09375
7 0.487109 0.500391 0.338281 0.107031
8 0.64375 0.759766 0.360938 0.469531
9 0.250781 0.575 0.223438 0.0859375
10 0.291016 0.207422 0.371094 0.260156
10 0.739453 0.153516 0.283594 0.194531
11 0.764844 0.339062 0.0671875 0.11875
11 0.824609 0.3375 0.0632812 0.121875
11 0.881641 0.325781 0.0601563 0.114062
12 0.208203 0.748047 0.0289063 0.0757812
12 0.323047 0.763672 0.0367188 0.0835937
12 0.385156 0.764062 0.040625 0.08125
13 0.816406 0.56875 0.339062 0.0703125
14 0.814063 0.0742188 0.145313 0.123438
