0 0.325391 0.407031 0.244531 0.348438
1 0.325391 0.315625 0.244531 0.167187
2 0.325391 0.482422 0.244531 0.197656
3 0.303125 0.512891 0.071875 0.127344
4 0.385547 0.463672 0.0601563 0.0664062
5 0.45625 0.220312 0.14375 0.28125
6 0.465234 0.167969 0.124219 0.178125
7 0.189844 0.598437 0.196875 0.228125
7 0.494922 0.597266 0.158594 0.241406
8 0.353125 0.784375 0.167187 0.43125
9 0.808984 0.785937 0.214844 0.117188
10 0.495312 0.280859 0.959375 0.491406
11 0.780859 0.375391 0.299219 0.571094
12 0.0722656 0.773047 0.0460938 0.0867187
12 0.169141 0.848047 0.0507812 0.0914062
12 0.552344 0.785547 0.0578125 0.0914062
12 0.63125 0.837891 0.0578125 0.0976562
13 0.926562 0.939063 0.040625 0.0296875
13 0.642188 0.712109 0.046875 0.0195312
13 0.739453 0.944922 0.0492187 0.0289063
13 0.514062 0.930469 0.046875 0.0265625
13 0.0859375 0.911328 0.046875 0.0320312
14 0.123438 0.123828 0.240625 0.235156
