0 0.442188 0.408984 0.392188 0.528906
1 0.442188 0.300781 0.390625 0.310937
2 0.449609 0.533203 0.342969 0.282031
3 0.448047 0.588672 0.0648438 0.100781
4 0.359766 0.442969 0.0710937 0.0671875
5 0.524609 0.191016 0.0726563 0.230469
6 0.517969 0.110547 0.059375 0.0695313
7 0.442188 0.641016 0.6125 0.300781
8 0.5 0.892188 1 0.215625
9 0.86875 0.365625 0.2625 0.178125
10 0.15 0.100391 0.292187 0.192969
11 0.667188 0.15 0.154688 0.26875
12 0.822656 0.673047 0.08125 0.155469
13 0.919531 0.579688 0.0859375 0.04375
13 0.0617188 0.731641 0.0578125 0.0476562
13 0.105859 0.658984 0.0476562 0.0445313
14 0.891797 0.105469 0.216406 0.210938
