0 0.418359 0.594531 0.480469 0.80625
1 0.417187 0.418359 0.478125 0.450781
2 0.41875 0.805469 0.475 0.38125
3 0.401953 0.850391 0.0710937 0.255469
4 0.403906 0.447266 0.115625 0.0960938
5 0.525391 0.269922 0.0914062 0.200781
6 0.537891 0.212109 0.0664062 0.0851563
7 0.108984 0.767578 0.192969 0.152344
7 0.819922 0.78125 0.360156 0.110937
8 0.419531 0.337891 0.839063 0.675781
9 0.805078 0.454297 0.125781 0.113281
10 0.499609 0.232422 0.999219 0.461719
11 0.788281 0.647266 0.16875 0.288281
12 0.71875 0.901563 0.090625 0.195312
13 0.866797 0.951562 0.230469 0.0671875
13 0.680469 0.946484 0.0703125 0.0335937
13 0.109766 0.959766 0.180469 0.0679687
14 0.148047 0.0964844 0.169531 0.171094
