0 0.517188 0.582812 0.50625 0.682813
1 0.515625 0.447656 0.504687 0.31875
2 0.519141 0.709766 0.466406 0.424219
3 0.646094 0.814844 0.178125 0.2125
4 0.445312 0.650391 0.170313 0.150781
5 0.767188 0.241797 0.385937 0.394531
6 0.771875 0.153516 0.378125 0.214844
7 0.485547 0.917969 0.953906 0.15
8 0.199219 0.496094 0.159375 0.25
9 0.163281 0.683203 0.215625 0.172656
10 0.514453 0.217969 0.971094 0.38125
11 0.328125 0.357031 0.220312 0.285938
12 0.93125 0.792578 0.0953125 0.167969
12 0.795312 0.775781 0.0890625 0.140625
12 0.230859 0.813672 0.0976562 0.124219
13 0.871875 0.841406 0.142187 0.046875
13 0.794141 0.877344 0.0757812 0.0265625
13 0.884375 0.617969 0.109375 0.034375
13 0.128125 0.846094 0.0609375 0.0265625
13 0.090625 0.791797 0.090625 0.0367188
14 0.179688 0.168359 0.359375 0.311719
