0 0.596094 0.385937 0.610938 0.771875
1 0.596484 0.156641 0.616406 0.313281
2 0.596094 0.526172 0.589063 0.494531
3 0.5875 0.634766 0.190625 0.246094
4 0.408594 0.550391 0.0984375 0.0773438
4 0.790234 0.541406 0.0976562 0.084375
5 0.89375 0.126953 0.165625 0.250781
6 0.900391 0.0433594 0.155469 0.0820312
7 0.933203 0.59375 0.133594 0.104688
7 0.161328 0.696094 0.322656 0.167187
8 0.455469 0.880469 0.21875 0.232813
9 0.8375 0.871875 0.207813 0.189062
10 0.927734 0.25625 0.144531 0.189062
10 0.194141 0.329297 0.388281 0.464844
11 0.219531 0.328125 0.065625 0.109375
11 0.0941406 0.458594 0.0742188 0.128125
11 0.939453 0.390625 0.0789062 0.1125
12 0.196094 0.842969 0.040625 0.0671875
12 0.647656 0.822266 0.0421875 0.0679687
13 0.112109 0.916406 0.0570312 0.0578125
13 0.310156 0.815625 0.04375 0.0390625
13 0.687109 0.920703 0.0664062 0.0507812
14 0.15 0.0832031 0.2375 0.160156
