0 0.581641 0.401562 0.482031 0.746875
1 0.571094 0.137891 0.4625 0.219531
2 0.579297 0.501953 0.472656 0.546094
3 0.65 0.651953 0.145313 0.211719
4 0.569922 0.414453 0.349219 0.266406
5 0.791016 0.109766 0.0945312 0.219531
6 0.791797 0.0347656 0.0929688 0.0695313
7 0.176563 0.7125 0.353125 0.221875
7 0.873047 0.621875 0.253906 0.182812
8 0.611719 0.867188 0.707812 0.184375
9 0.142187 0.894141 0.139063 0.133594
10 0.194141 0.287109 0.311719 0.461719
10 0.897656 0.252734 0.204687 0.363281
11 0.867578 0.547266 0.147656 0.310156
12 0.0398437 0.763672 0.0453125 0.0726563
13 0.115234 0.767188 0.0585938 0.0453125
13 0.312109 0.715625 0.0679687 0.0546875
13 0.923047 0.626563 0.0585938 0.0703125
14 0.3625 0.0585938 0.121875 0.117188
