0 0.487891 0.471484 0.696094 0.911719
1 0.487891 0.200391 0.691406 0.369531
2 0.486328 0.637109 0.614844 0.594531
3 0.471875 0.797266 0.134375 0.199219
4 0.473047 0.641406 0.130469 0.0609375
4 0.251563 0.486328 0.0578125 0.0664062
4 0.461719 0.530078 0.0359375 0.0570312
4 0.682813 0.467969 0.096875 0.090625
5 0.633984 0.0953125 0.0742188 0.151562
6 0.634375 0.0574219 0.071875 0.0742188
7 0.45 0.848047 0.829688 0.261719
8 0.872656 0.571094 0.1125 0.232813
9 0.238672 0.104688 0.117969 0.139063
9 0.851562 0.119141 0.117188 0.113281
10 0.0457031 0.0625 0.0476562 0.0390625
10 0.129297 0.0714844 0.0710937 0.0695313
10 0.084375 0.211328 0.140625 0.177344
11 0.0789062 0.454297 0.157812 0.199219
11 0.829688 0.238281 0.120313 0.165625
12 0.108594 0.630469 0.053125 0.075
12 0.882422 0.367188 0.0617188 0.08125
12 0.916797 0.254688 0.0460938 0.090625
13 0.120703 0.667188 0.0726563 0.0375
13 0.0839844 0.585156 0.113281 0.0421875
13 0.135547 0.538672 0.100781 0.0273438
13 0.0910156 0.307031 0.111719 0.040625
13 0.815234 0.299219 0.0929688 0.0359375
13 0.909766 0.305469 0.116406 0.0265625
13 0.869531 0.421484 0.034375 0.0351562
13 0.905469 0.426563 0.0484375 0.025
14 0.946484 0.0652344 0.107031 0.125781
