0 0.270703 0.40625 0.357031 0.528125
1 0.270313 0.225391 0.35625 0.0898438
2 0.319922 0.457031 0.238281 0.426563
3 0.400781 0.592578 0.075 0.124219
4 0.301953 0.514844 0.0992187 0.078125
5 0.219531 0.147266 0.05 0.150781
6 0.210156 0.108203 0.03125 0.0726563
7 0.507812 0.517969 0.95625 0.9
8 0.445312 0.110156 0.885938 0.115625
8 0.453516 0.665234 0.267969 0.0664062
9 0.602734 0.504297 0.0929688 0.155469
10 0.503125 0.0347656 0.332813 0.0617188
11 0.496875 0.333594 0.114062 0.195312
12 0.69375 0.389453 0.0625 0.0914062
12 0.778906 0.419141 0.075 0.105469
13 0.601562 0.508594 0.304688 0.314063
14 0.713672 0.214062 0.160156 0.198437
