0 0.445312 0.378906 0.389062 0.504687
1 0.445312 0.269531 0.389062 0.284375
2 0.446484 0.511719 0.282031 0.239063
3 0.455859 0.549609 0.116406 0.141406
4 0.369141 0.525781 0.0554687 0.0609375
4 0.542969 0.523438 0.0375 0.0515625
5 0.567187 0.15 0.259375 0.3
6 0.567187 0.0773438 0.257812 0.154688
7 0.502344 0.828125 0.995313 0.164062
8 0.463281 0.699219 0.1375 0.182812
9 0.780469 0.40625 0.132812 0.167187
10 0.169531 0.199609 0.339062 0.253906
10 0.787109 0.199609 0.425781 0.249219
11 0.0828125 0.592969 0.154688 0.232813
12 0.254688 0.666797 0.10625 0.185156
13 0.141016 0.675 0.185156 0.0796875
13 0.723437 0.623047 0.167187 0.0726563
13 0.912109 0.640625 0.0882813 0.0796875
14 0.930078 0.0953125 0.139844 0.1625
