0 0.378125 0.540625 0.140625 0.275
1 0.376953 0.489063 0.142969 0.171875
2 0.378125 0.613281 0.140625 0.13125
3 0.378906 0.644922 0.0421875 0.0570312
4 0.378125 0.583594 0.0359375 0.0359375
5 0.454688 0.419922 0.084375 0.147656
6 0.458594 0.383984 0.0765625 0.0757812
7 0.235937 0.796094 0.154688 0.407813
7 0.610547 0.771094 0.344531 0.457813
8 0.236719 0.420312 0.403125 0.403125
9 0.636719 0.700781 0.159375 0.107813
10 0.271094 0.173047 0.420312 0.171094
11 0.888281 0.483203 0.165625 0.313281
12 0.276172 0.91875 0.0414062 0.0703125
13 0.275781 0.808203 0.05 0.0335937
13 0.579688 0.813281 0.0640625 0.0390625
13 0.641797 0.912891 0.0476562 0.0289063
14 0.697656 0.124609 0.298438 0.216406
