0 0.595313 0.325 0.484375 0.46875
1 0.596875 0.229297 0.484375 0.222656
2 0.627734 0.408984 0.344531 0.297656
3 0.635938 0.475781 0.114062 0.15625
4 0.713281 0.349609 0.0546875 0.0710937
4 0.592969 0.271484 0.0765625 0.0882813
5 0.641406 0.133203 0.535937 0.233594
6 0.641016 0.0609375 0.535156 0.090625
7 0.301172 0.530078 0.349219 0.172656
7 0.890625 0.465625 0.21875 0.121875
8 0.258203 0.371094 0.116406 0.176563
9 0.278906 0.736328 0.167187 0.200781
10 0.191016 0.310156 0.382031 0.296875
10 0.8875 0.269141 0.225 0.230469
11 0.708984 0.718359 0.0992187 0.278906
11 0.867578 0.723047 0.107031 0.303906
12 0.100781 0.75625 0.053125 0.1125
13 0.523047 0.794141 0.0648438 0.0710937
13 0.419531 0.757031 0.065625 0.075
13 0.608594 0.678125 0.0703125 0.0859375
13 0.550391 0.628125 0.0617188 0.0734375
13 0.479297 0.630078 0.0617188 0.0867187
13 0.430469 0.648438 0.0265625 0.0765625
13 0.374609 0.625781 0.0273438 0.0609375
14 0.158984 0.169531 0.317969 0.339062
