0 0.278906 0.533594 0.253125 0.321875
1 0.276953 0.464844 0.238281 0.184375
2 0.279297 0.620313 0.252344 0.148438
3 0.327734 0.651172 0.0617188 0.0773438
4 0.233594 0.583984 0.040625 0.0289063
5 0.376563 0.393359 0.0515625 0.319531
6 0.375391 0.356641 0.0492187 0.246094
7 0.0832031 0.635547 0.166406 0.111719
8 0.315234 0.840625 0.150781 0.31875
9 0.132422 0.792188 0.208594 0.167187
10 0.871094 0.286328 0.223438 0.103906
11 0.604688 0.674609 0.14375 0.316406
12 0.717187 0.774219 0.04375 0.0828125
13 0.695703 0.88125 0.0273438 0.028125
13 0.770312 0.863281 0.028125 0.0265625
13 0.80625 0.894141 0.028125 0.0210938
14 0.754687 0.115234 0.220312 0.221094
