0 0.467187 0.389453 0.489063 0.430469
1 0.461719 0.292187 0.479687 0.196875
2 0.466797 0.489844 0.485156 0.226562
3 0.323437 0.512891 0.154688 0.182031
4 0.366406 0.339844 0.134375 0.096875
5 0.517188 0.160547 0.175 0.197656
6 0.535547 0.119531 0.139844 0.115625
7 0.483984 0.582031 0.300781 0.126562
8 0.176172 0.684375 0.352344 0.626563
9 0.403906 0.721484 0.220312 0.149219
10 0.805078 0.282031 0.389844 0.217188
11 0.868359 0.675 0.263281 0.65
12 0.677734 0.938672 0.0679687 0.119531
12 0.730859 0.962109 0.0414062 0.0757812
12 0.779687 0.941406 0.0546875 0.117188
13 0.920312 0.863672 0.0296875 0.0242188
13 0.851172 0.964063 0.0351562 0.021875
13 0.756641 0.853125 0.0289063 0.0234375
13 0.656641 0.834375 0.0367188 0.0234375
13 0.668359 0.964844 0.0367188 0.028125
13 0.5625 0.882812 0.0375 0.028125
13 0.629687 0.692187 0.03125 0.025
13 0.734375 0.748437 0.028125 0.0234375
13 0.847266 0.701562 0.0351562 0.025
13 0.851953 0.594922 0.0320312 0.0257812
13 0.711328 0.560547 0.0320312 0.0195312
14 0.108203 0.117969 0.216406 0.235937
