0 0.479297 0.394922 0.322656 0.303906
1 0.46875 0.362891 0.303125 0.202344
2 0.485938 0.439844 0.309375 0.214062
3 0.437109 0.511719 0.0445313 0.0625
4 0.396484 0.479297 0.0539063 0.0335937
4 0.482031 0.473438 0.065625 0.0328125
4 0.586719 0.421875 0.0515625 0.05625
5 0.523828 0.230859 0.169531 0.152344
6 0.529687 0.190625 0.15625 0.06875
7 0.169531 0.508594 0.332813 0.0984375
8 0.800391 0.668359 0.399219 0.663281
9 0.366406 0.648047 0.115625 0.107031
10 0.837891 0.267188 0.324219 0.159375
11 0.841797 0.833594 0.107031 0.167187
11 0.91875 0.698047 0.110937 0.183594
12 0.0277344 0.686328 0.0554687 0.0742188
12 0.0835937 0.741016 0.0625 0.0789062
12 0.0382813 0.7875 0.0578125 0.0796875
12 0.1625 0.777734 0.065625 0.0726563
13 0.0613281 0.886328 0.0507812 0.0382813
13 0.16875 0.902734 0.075 0.0414062
13 0.180078 0.960547 0.110156 0.0289063
13 0.317188 0.909375 0.0703125 0.0453125
13 0.331641 0.963281 0.0664062 0.0328125
14 0.121484 0.078125 0.127344 0.134375
