0 0.538672 0.455469 0.474219 0.359375
1 0.525391 0.390625 0.446094 0.229687
2 0.525781 0.539453 0.448437 0.191406
3 0.392969 0.572656 0.075 0.0859375
4 0.674609 0.503516 0.0554687 0.0523438
5 0.765625 0.382812 0.0890625 0.415625
6 0.765234 0.297266 0.0898438 0.244531
7 0.882031 0.428516 0.232813 0.100781
7 0.573438 0.8125 0.846875 0.120313
7 0.0792969 0.628125 0.0835937 0.114062
7 0.276953 0.455078 0.125781 0.0898438
8 0.0679687 0.778906 0.135937 0.195312
9 0.928125 0.521094 0.14375 0.153125
10 0.499219 0.266406 0.976562 0.282813
11 0.140234 0.549219 0.221094 0.20625
11 0.846875 0.709375 0.117188 0.134375
12 0.735938 0.743359 0.0875 0.0898438
12 0.664453 0.756641 0.0648438 0.0898438
13 0.913672 0.906641 0.0242188 0.0289063
13 0.841797 0.903906 0.0335937 0.0296875
13 0.691797 0.912109 0.0164063 0.0382813
13 0.563281 0.927344 0.0203125 0.040625
13 0.421484 0.932422 0.0320312 0.0367188
13 0.305859 0.941016 0.0335937 0.0429688
13 0.211719 0.938281 0.040625 0.040625
14 0.496484 0.0960938 0.146094 0.142187
