0 0.446094 0.350391 0.54375 0.639844
1 0.449609 0.2375 0.533594 0.4
2 0.439844 0.510547 0.478125 0.316406
3 0.567187 0.561328 0.096875 0.177344
4 0.569922 0.533984 0.0601563 0.0742188
4 0.45 0.482031 0.110937 0.1
4 0.299219 0.489844 0.109375 0.104688
5 0.794531 0.155469 0.410938 0.307812
6 0.792188 0.0542969 0.415625 0.107031
7 0.474219 0.501953 0.823438 0.594531
8 0.403906 0.881641 0.114062 0.236719
9 0.800391 0.857812 0.396094 0.278125
10 0.823438 0.121484 0.353125 0.196094
11 0.874609 0.600781 0.152344 0.253125
12 0.075 0.884766 0.0640625 0.0851563
12 0.127734 0.883203 0.0585938 0.0898438
12 0.183203 0.885547 0.0476562 0.0804688
13 0.19375 0.921875 0.326562 0.09375
14 0.0902344 0.0785156 0.136719 0.124219
