0 0.379297 0.414844 0.285156 0.329688
1 0.378906 0.325781 0.284375 0.153125
2 0.352344 0.479297 0.207813 0.200781
3 0.379297 0.508203 0.0804688 0.111719
4 0.380078 0.371094 0.0523438 0.053125
5 0.523438 0.278125 0.228125 0.154688
6 0.523828 0.234375 0.227344 0.06875
7 0.502344 0.754687 0.995313 0.1625
8 0.428516 0.593359 0.850781 0.0914062
9 0.901172 0.598047 0.107031 0.124219
10 0.328125 0.192578 0.654687 0.266406
10 0.826562 0.137891 0.328125 0.119531
11 0.117188 0.517578 0.0828125 0.135156
12 0.709766 0.513672 0.0320312 0.0539063
13 0.511719 0.813281 0.959375 0.08125
14 0.871094 0.107422 0.078125 0.103906
