0 0.253516 0.399609 0.424219 0.566406
1 0.253906 0.249219 0.420312 0.260937
2 0.253906 0.494531 0.421875 0.378125
3 0.373828 0.530859 0.100781 0.207031
4 0.248047 0.241797 0.0914062 0.103906
5 0.0988281 0.187109 0.0648438 0.313281
6 0.0972656 0.102344 0.0539063 0.145313
7 0.271484 0.733984 0.455469 0.186719
8 0.65625 0.679688 0.439063 0.378125
9 0.734375 0.33125 0.31875 0.3125
10 0.648047 0.115234 0.492969 0.221094
11 0.883984 0.571875 0.203906 0.348438
12 0.948438 0.26875 0.06875 0.115625
13 0.726562 0.419922 0.4625 0.211719
14 0.341406 0.0746094 0.154688 0.149219
