0 0.434375 0.335938 0.346875 0.242188
1 0.434375 0.269922 0.346875 0.110156
2 0.448828 0.380859 0.317969 0.152344
3 0.354297 0.402344 0.0617188 0.0984375
4 0.496484 0.364063 0.142969 0.05
5 0.459766 0.192578 0.100781 0.213281
6 0.459766 0.160156 0.100781 0.148438
7 0.408984 0.54375 0.494531 0.132812
8 0.221875 0.609375 0.378125 0.3375
9 0.782813 0.347656 0.307812 0.214062
10 0.748828 0.0785156 0.449219 0.157031
11 0.147656 0.303125 0.173437 0.207813
12 0.207031 0.377344 0.071875 0.053125
12 0.0410156 0.461719 0.0679687 0.05625
12 0.663672 0.464453 0.0742188 0.0648438
12 0.783984 0.507422 0.0820312 0.0695313
13 0.652344 0.232031 0.05625 0.0296875
13 0.866016 0.219531 0.0804688 0.0296875
13 0.760547 0.589844 0.0664062 0.028125
13 0.881641 0.586328 0.0429688 0.0242188
14 0.15625 0.108594 0.2625 0.217188
