0 0.404687 0.404687 0.354687 0.532813
1 0.401953 0.283984 0.335156 0.266406
2 0.404687 0.528906 0.354687 0.285938
3 0.367578 0.611328 0.0632812 0.103906
4 0.432031 0.260547 0.05 0.0523438
5 0.353906 0.144531 0.120313 0.232813
6 0.36875 0.0875 0.0921875 0.11875
7 0.915234 0.598828 0.169531 0.153906
8 0.520312 0.955078 0.91875 0.0898438
9 0.765234 0.544531 0.0539063 0.0640625
10 0.145313 0.204297 0.275 0.110156
11 0.125 0.510547 0.185938 0.335156
12 0.620703 0.63125 0.0632812 0.103125
13 0.530469 0.865234 0.901563 0.161719
13 0.507812 0.709766 0.984375 0.0679687
14 0.876172 0.107813 0.163281 0.159375
