0 0.351562 0.510938 0.271875 0.378125
1 0.3375 0.384375 0.24375 0.125
2 0.353516 0.548438 0.266406 0.303125
3 0.362891 0.634766 0.0898438 0.0835937
4 0.290625 0.617578 0.0421875 0.0539063
4 0.419922 0.580078 0.0476562 0.0429688
5 0.230078 0.309766 0.163281 0.252344
6 0.214062 0.261328 0.13125 0.155469
7 0.4 0.690234 0.396875 0.128906
8 0.432422 0.667969 0.180469 0.0453125
9 0.545312 0.546484 0.0875 0.0929688
10 0.654687 0.244141 0.690625 0.205469
11 0.776172 0.442578 0.241406 0.414844
12 0.635547 0.722266 0.0804688 0.0851563
13 0.659766 0.657813 0.0351562 0.01875
13 0.553516 0.793359 0.0960938 0.0414062
13 0.259766 0.84375 0.111719 0.025
13 0.169531 0.671875 0.0734375 0.05625
14 0.856641 0.0804688 0.286719 0.160938
