0 0.330078 0.424219 0.416406 0.571875
1 0.344141 0.251953 0.385156 0.224219
2 0.329297 0.522656 0.414844 0.375
3 0.248828 0.628125 0.0742188 0.11875
4 0.180859 0.48125 0.0539063 0.06875
4 0.391016 0.476562 0.0695313 0.0875
5 0.414844 0.159375 0.478125 0.217188
6 0.415234 0.124609 0.478906 0.144531
7 0.090625 0.126562 0.18125 0.154688
7 0.380469 0.1 0.0765625 0.0671875
8 0.246875 0.841016 0.246875 0.317969
9 0.7375 0.75 0.390625 0.246875
10 0.757422 0.334766 0.485156 0.239844
10 0.0769531 0.371875 0.153906 0.0765625
11 0.792969 0.339844 0.270313 0.551562
12 0.591016 0.542969 0.138281 0.189062
13 0.46875 0.876563 0.103125 0.0640625
13 0.691016 0.918359 0.0929688 0.0414062
14 0.899609 0.0882813 0.192969 0.176563
