0 0.306641 0.195703 0.377344 0.307031
1 0.307422 0.134766 0.364844 0.157031
2 0.30625 0.269531 0.373437 0.157812
3 0.383203 0.286719 0.0789062 0.11875
4 0.214453 0.260547 0.107031 0.0601563
5 0.212891 0.0550781 0.177344 0.105469
6 0.212891 0.0273438 0.177344 0.05
7 0.209375 0.908594 0.41875 0.159375
8 0.517578 0.681641 0.396094 0.550781
9 0.146875 0.531641 0.29375 0.319531
10 0.0738281 0.192578 0.147656 0.133594
10 0.733594 0.117969 0.532813 0.173437
11 0.834766 0.559375 0.330469 0.870313
12 0.0851563 0.752344 0.071875 0.09375
12 0.214844 0.760156 0.084375 0.104688
13 0.314453 0.592187 0.0460938 0.059375
13 0.303125 0.477344 0.046875 0.05
13 0.332813 0.682813 0.040625 0.0546875
13 0.348047 0.789062 0.0523438 0.0515625
13 0.500391 0.475391 0.0460938 0.0601563
13 0.521094 0.541797 0.0421875 0.0492187
13 0.561719 0.617578 0.0390625 0.0492187
13 0.601953 0.696484 0.0398437 0.0460938
13 0.638672 0.74375 0.0414062 0.0375
14 0.908594 0.0777344 0.165625 0.144531
