0 0.422656 0.493359 0.357812 0.361719
1 0.422656 0.429688 0.357812 0.182812
2 0.423828 0.5875 0.278906 0.173437
3 0.430859 0.610547 0.0835937 0.114844
4 0.423828 0.467578 0.0335937 0.0414062
4 0.348438 0.592578 0.05 0.0742188
4 0.516797 0.585156 0.0460938 0.071875
5 0.575 0.265234 0.171875 0.239844
6 0.582422 0.222266 0.157031 0.153906
7 0.152734 0.640625 0.232031 0.11875
7 0.651563 0.540234 0.132812 0.0539063
8 0.465234 0.807813 0.580469 0.246875
9 0.793359 0.623828 0.158594 0.147656
10 0.332422 0.205469 0.407031 0.175
11 0.815625 0.184375 0.126562 0.28125
12 0.172656 0.765625 0.065625 0.090625
12 0.293359 0.739844 0.0632812 0.0703125
13 0.814844 0.728516 0.0421875 0.0304687
13 0.9125 0.708984 0.04375 0.0257812
13 0.489453 0.877344 0.0585938 0.03125
13 0.0871094 0.8625 0.0585938 0.03125
14 0.280078 0.0765625 0.164844 0.1375
