0 0.467578 0.418359 0.364844 0.566406
1 0.464844 0.257031 0.34375 0.204687
2 0.467578 0.522266 0.364844 0.358594
3 0.364844 0.638281 0.0671875 0.120313
4 0.448437 0.439063 0.0515625 0.065625
4 0.346875 0.450781 0.046875 0.0703125
5 0.585156 0.132812 0.101562 0.210938
6 0.589453 0.0808594 0.0914062 0.107031
7 0.145703 0.574219 0.289844 0.11875
7 0.69375 0.535156 0.115625 0.1
8 0.351562 0.847656 0.090625 0.304688
9 0.8625 0.83125 0.175 0.178125
10 0.167969 0.222656 0.31875 0.415625
11 0.822656 0.469531 0.30625 0.471875
12 0.665234 0.883203 0.0523438 0.0898438
12 0.0820312 0.760938 0.040625 0.075
13 0.494531 0.826172 0.0578125 0.0414062
13 0.173047 0.828125 0.0445313 0.0359375
14 0.835156 0.136328 0.329688 0.272656
