0 0.328125 0.405078 0.326562 0.524219
1 0.327734 0.279297 0.327344 0.171094
2 0.326562 0.503125 0.273438 0.328125
3 0.331641 0.593359 0.0726563 0.110156
4 0.255469 0.437109 0.0671875 0.0757812
4 0.361328 0.430469 0.0789062 0.0859375
5 0.427734 0.176172 0.161719 0.228906
6 0.442969 0.0992187 0.129688 0.0765625
7 0.616797 0.573828 0.225781 0.116406
8 0.225391 0.808594 0.280469 0.342187
9 0.772266 0.819922 0.232031 0.161719
10 0.698047 0.198437 0.578906 0.2
11 0.834375 0.488672 0.221875 0.380469
12 0.127344 0.758594 0.104688 0.146875
13 0.417969 0.735156 0.075 0.0390625
13 0.421094 0.833984 0.08125 0.0398437
13 0.516016 0.792578 0.0710937 0.0335937
14 0.146875 0.158203 0.18125 0.174219
