0 0.530469 0.463672 0.648438 0.447656
1 0.532813 0.358203 0.64375 0.235156
2 0.524609 0.558203 0.639844 0.258594
3 0.664453 0.600391 0.139844 0.163281
4 0.679688 0.369922 0.109375 0.0773438
4 0.665625 0.560156 0.075 0.05
4 0.408594 0.500391 0.121875 0.0726563
4 0.269141 0.486328 0.0914062 0.0554687
5 0.414062 0.163281 0.110937 0.317188
6 0.414062 0.132031 0.110937 0.25625
7 0.53125 0.592578 0.9375 0.316406
8 0.5 0.945703 1 0.0851563
9 0.869922 0.318359 0.217969 0.171094
10 0.169922 0.150781 0.338281 0.204687
11 0.772656 0.149609 0.171875 0.205469
12 0.833984 0.223438 0.0429688 0.0484375
13 0.510938 0.854688 0.040625 0.040625
13 0.258984 0.8125 0.0367188 0.0453125
13 0.0820312 0.735938 0.04375 0.04375
13 0.889844 0.823047 0.0328125 0.0492187
14 0.932422 0.0976562 0.135156 0.157812
