0 0.526172 0.279687 0.442969 0.479687
1 0.526172 0.139844 0.442969 0.2
2 0.527734 0.372266 0.438281 0.292969
3 0.415625 0.409375 0.121875 0.21875
4 0.5875 0.349219 0.151562 0.135937
5 0.297656 0.105078 0.215625 0.194531
6 0.286328 0.046875 0.194531 0.078125
7 0.865625 0.419531 0.26875 0.160938
8 0.405469 0.748047 0.196875 0.475781
9 0.83125 0.816406 0.3375 0.367188
10 0.155078 0.196094 0.310156 0.207813
11 0.154297 0.468359 0.200781 0.402344
12 0.637891 0.708203 0.0929688 0.199219
12 0.898438 0.567187 0.0875 0.114062
13 0.648438 0.786719 0.0265625 0.0390625
13 0.710938 0.696094 0.0359375 0.0375
13 0.808594 0.637891 0.040625 0.0367188
13 0.963281 0.624609 0.05 0.0289063
14 0.873828 0.133984 0.252344 0.267969
