0 0.547656 0.459375 0.317188 0.485938
1 0.517969 0.31875 0.251563 0.201563
2 0.549219 0.54375 0.320312 0.323437
3 0.629687 0.594531 0.0625 0.159375
4 0.5625 0.540625 0.05625 0.0703125
4 0.473438 0.5375 0.065625 0.0828125
5 0.61875 0.219531 0.115625 0.209375
6 0.627344 0.166797 0.0890625 0.108594
7 0.303125 0.61875 0.207813 0.132812
7 0.819141 0.6 0.253906 0.1625
8 0.217578 0.789062 0.427344 0.226562
9 0.778906 0.792188 0.259375 0.10625
10 0.530078 0.157031 0.724219 0.289062
11 0.885938 0.349219 0.096875 0.3125
12 0.816406 0.709375 0.0578125 0.103125
12 0.767578 0.704297 0.0476562 0.0867187
13 0.604297 0.782422 0.0789062 0.0414062
13 0.48125 0.798047 0.059375 0.0414062
13 0.367188 0.805078 0.0625 0.0460938
14 0.192578 0.0816406 0.196094 0.163281
