0 0.49375 0.55 0.248438 0.475
1 0.500391 0.397266 0.230469 0.169531
2 0.493359 0.621484 0.249219 0.330469
3 0.528906 0.721094 0.104688 0.128125
4 0.468359 0.528906 0.0617188 0.0625
5 0.439063 0.331641 0.084375 0.144531
6 0.437891 0.291016 0.0835937 0.0632812
7 0.193359 0.68125 0.382031 0.11875
7 0.720703 0.690234 0.271094 0.141406
8 0.508984 0.888672 0.119531 0.205469
9 0.169141 0.833594 0.119531 0.134375
10 0.502734 0.218359 0.950781 0.430469
11 0.230469 0.453906 0.160938 0.245312
11 0.869922 0.340625 0.130469 0.196875
12 0.116016 0.552344 0.107031 0.123438
13 0.48125 0.428125 0.857812 0.428125
14 0.624219 0.126953 0.201563 0.117969
