0 0.493359 0.403906 0.650781 0.682813
1 0.492188 0.197656 0.645312 0.167187
2 0.488672 0.509375 0.647656 0.5
3 0.722266 0.608984 0.0820312 0.205469
4 0.311328 0.388672 0.166406 0.125781
4 0.507812 0.3875 0.160938 0.132812
5 0.279687 0.116406 0.182812 0.232813
6 0.276172 0.0402344 0.197656 0.0804688
7 0.357422 0.670312 0.714844 0.253125
8 0.0894531 0.367969 0.178906 0.628125
9 0.761328 0.79375 0.477344 0.4125
10 0.144922 0.0539063 0.217969 0.107813
11 0.910937 0.320703 0.178125 0.510156
12 0.417969 0.796484 0.05 0.0804688
13 0.500391 0.825781 0.0570312 0.1125
13 0.484375 0.95 0.05625 0.071875
13 0.875 0.554688 0.0453125 0.065625
13 0.151562 0.769141 0.0546875 0.0835937
13 0.0894531 0.880859 0.0570312 0.130469
14 0.827344 0.103125 0.345313 0.20625
