0 0.458594 0.363281 0.176563 0.284375
1 0.454688 0.305469 0.154688 0.120313
2 0.463672 0.424609 0.161719 0.155469
3 0.518359 0.459766 0.0445313 0.0679687
4 0.460547 0.416016 0.0617188 0.0554687
5 0.45625 0.201172 0.1375 0.200781
6 0.457031 0.161328 0.135937 0.124219
7 0.5 0.672266 1 0.333594
8 0.766406 0.4125 0.467187 0.126562
9 0.189062 0.394141 0.198437 0.125781
10 0.5 0.203906 1 0.407813
11 0.199219 0.123438 0.160938 0.190625
12 0.742969 0.102344 0.109375 0.115625
13 0.774609 0.276953 0.333594 0.0492187
14 0.0679687 0.0757812 0.135937 0.151562
