0 0.519141 0.483203 0.691406 0.561719
1 0.518359 0.360938 0.691406 0.25625
2 0.488281 0.610547 0.523438 0.300781
3 0.620313 0.649609 0.120313 0.219531
4 0.350391 0.540234 0.163281 0.0757812
5 0.644141 0.198047 0.0945312 0.286719
6 0.644141 0.123438 0.0929688 0.1375
7 0.258594 0.848047 0.517188 0.303906
7 0.894141 0.821094 0.211719 0.357812
8 0.303516 0.222656 0.252344 0.445312
9 0.125 0.610938 0.18125 0.1625
10 0.8625 0.0929688 0.275 0.115625
11 0.905859 0.444531 0.188281 0.421875
12 0.802734 0.561719 0.0289063 0.0375
12 0.816797 0.617188 0.0398437 0.0578125
13 0.79375 0.499219 0.0421875 0.0125
13 0.784766 0.631641 0.0273438 0.0164063
13 0.947656 0.575 0.0265625 0.0171875
14 0.0992187 0.113672 0.198437 0.227344
