0 0.519141 0.233984 0.322656 0.389844
1 0.501172 0.127344 0.277344 0.176563
2 0.521875 0.308984 0.315625 0.238281
3 0.533594 0.36875 0.075 0.1
4 0.527344 0.242969 0.0828125 0.0703125
5 0.615234 0.0734375 0.139844 0.1375
6 0.640625 0.0507812 0.090625 0.0921875
7 0.864062 0.354687 0.271875 0.120313
7 0.208594 0.417187 0.417187 0.159375
8 0.5 0.555469 1 0.323437
9 0.664453 0.758594 0.297656 0.28125
10 0.184375 0.164844 0.36875 0.145313
10 0.835938 0.1625 0.328125 0.171875
11 0.866406 0.204687 0.201563 0.184375
12 0.105859 0.829688 0.0820312 0.0953125
13 0.195312 0.755469 0.046875 0.053125
13 0.316406 0.8 0.05625 0.059375
13 0.462891 0.842187 0.0492187 0.046875
13 0.447266 0.726562 0.0476562 0.0546875
13 0.280078 0.917578 0.0554687 0.0492187
13 0.459766 0.933594 0.0585938 0.0375
13 0.706641 0.944922 0.0695313 0.0476562
13 0.904297 0.824219 0.0742188 0.05625
13 0.891406 0.717969 0.059375 0.04375
14 0.0726563 0.0894531 0.145313 0.178906
