0 0.422266 0.705469 0.383594 0.467187
1 0.422266 0.575 0.380469 0.204687
2 0.405859 0.798438 0.261719 0.278125
3 0.337891 0.875781 0.0695313 0.0953125
4 0.444531 0.783203 0.046875 0.0585938
4 0.504687 0.782422 0.040625 0.0554687
5 0.578906 0.450391 0.120313 0.169531
6 0.585156 0.416016 0.107813 0.0992187
7 0.150391 0.894531 0.280469 0.210938
8 0.142969 0.506641 0.285938 0.542969
9 0.614453 0.929688 0.153906 0.126562
10 0.128125 0.157422 0.25625 0.211719
11 0.920703 0.883984 0.158594 0.232031
12 0.75 0.945703 0.0671875 0.108594
13 0.401562 0.967187 0.284375 0.065625
14 0.910937 0.0929688 0.178125 0.185938
