0 0.502344 0.454297 0.457813 0.567969
1 0.512891 0.298047 0.432031 0.257031
2 0.502734 0.566406 0.458594 0.345313
3 0.569922 0.648828 0.0976562 0.161719
4 0.389062 0.523828 0.0859375 0.0929688
5 0.673828 0.228125 0.0773438 0.2875
6 0.674219 0.148047 0.078125 0.128906
7 0.850781 0.710156 0.298438 0.145313
8 0.521094 0.860938 0.220312 0.278125
9 0.155469 0.639062 0.170313 0.157812
10 0.864453 0.367578 0.271094 0.346094
11 0.0882813 0.510547 0.176563 0.417969
12 0.199219 0.811328 0.0671875 0.127344
13 0.308984 0.885547 0.0820312 0.0414062
13 0.310937 0.815234 0.06875 0.0335937
13 0.0722656 0.789844 0.0617188 0.0265625
13 0.109766 0.86875 0.0757812 0.025
14 0.884766 0.111328 0.157031 0.182031
