0 0.419531 0.399609 0.3 0.457031
1 0.409375 0.287891 0.28125 0.202344
2 0.419922 0.489063 0.300781 0.279687
3 0.411719 0.535156 0.0875 0.154688
4 0.340234 0.4375 0.0507812 0.0515625
4 0.475391 0.425391 0.0601563 0.0601563
5 0.265625 0.171484 0.185938 0.303906
6 0.248438 0.0933594 0.151562 0.149219
7 0.526563 0.730078 0.85 0.246094
8 0.660547 0.469922 0.538281 0.391406
9 0.115625 0.299219 0.178125 0.19375
10 0.558984 0.0808594 0.364844 0.146094
11 0.0917969 0.521094 0.122656 0.26875
12 0.192578 0.545312 0.0929688 0.178125
12 0.612891 0.478125 0.0820312 0.171875
13 0.251953 0.646875 0.139844 0.0421875
13 0.866016 0.523828 0.0945312 0.0289063
13 0.728125 0.410547 0.065625 0.0179687
13 0.658594 0.288281 0.157812 0.0484375
13 0.178516 0.192969 0.167969 0.0375
13 0.521484 0.0667969 0.100781 0.0445313
13 0.704297 0.0425781 0.0851563 0.0351562
13 0.226172 0.451172 0.103906 0.0304687
14 0.8875 0.0691406 0.225 0.138281
