0 0.426953 0.470703 0.516406 0.335156
1 0.412891 0.410938 0.485156 0.2125
2 0.439844 0.530078 0.4875 0.219531
3 0.309375 0.577734 0.08125 0.102344
4 0.283984 0.39375 0.0726563 0.053125
4 0.469531 0.508984 0.0546875 0.0601563
4 0.553516 0.492969 0.0476562 0.0453125
5 0.519141 0.320312 0.163281 0.196875
6 0.532422 0.285156 0.138281 0.128125
7 0.818359 0.491797 0.363281 0.167969
8 0.218359 0.810156 0.352344 0.379688
9 0.783594 0.7625 0.346875 0.367188
10 0.415625 0.126953 0.83125 0.247656
11 0.142578 0.384766 0.160156 0.314844
12 0.0558594 0.661328 0.103906 0.175781
12 0.157812 0.682813 0.084375 0.145313
12 0.149219 0.823828 0.08125 0.117969
12 0.0742188 0.81875 0.0765625 0.117188
13 0.502344 0.788672 0.342187 0.369531
14 0.888281 0.110937 0.223438 0.221875
