0 0.169922 0.210156 0.214844 0.203125
1 0.125391 0.155078 0.119531 0.0914062
2 0.123828 0.245312 0.122656 0.1125
2 0.227734 0.254688 0.0992187 0.1125
3 0.146484 0.249609 0.0398437 0.0882813
3 0.246094 0.282813 0.025 0.0515625
4 0.214062 0.242188 0.0515625 0.0453125
5 0.291016 0.119922 0.152344 0.174219
6 0.300391 0.0882813 0.135156 0.1125
7 0.227344 0.324219 0.410938 0.157812
7 0.807031 0.35625 0.385937 0.103125
8 0.489844 0.409375 0.345313 0.590625
9 0.288281 0.580859 0.371875 0.313281
10 0.7625 0.121094 0.45625 0.23125
11 0.18125 0.851953 0.195312 0.230469
11 0.421875 0.819141 0.232813 0.292969
12 0.666406 0.294141 0.0265625 0.0617188
12 0.697656 0.289844 0.01875 0.071875
12 0.733203 0.278125 0.0335937 0.0859375
12 0.769922 0.279297 0.0414062 0.0882813
12 0.818359 0.282031 0.0414062 0.0828125
13 0.704297 0.439453 0.0304687 0.0710937
13 0.825781 0.440625 0.0453125 0.0640625
13 0.783594 0.483203 0.0359375 0.0757812
13 0.712109 0.532813 0.0210938 0.0421875
13 0.683203 0.539062 0.0195312 0.040625
13 0.786719 0.533203 0.0296875 0.0648438
13 0.892969 0.540234 0.0296875 0.0773438
13 0.887109 0.617969 0.0242188 0.078125
13 0.824609 0.657422 0.0367188 0.0414062
13 0.826172 0.582031 0.0273438 0.0765625
13 0.772266 0.608594 0.0226562 0.05625
13 0.728906 0.575 0.0203125 0.046875
13 0.696875 0.569141 0.0203125 0.0445313
13 0.707812 0.624609 0.025 0.0398437
14 0.935547 0.0871094 0.128906 0.174219
