0 0.489453 0.367969 0.510156 0.604688
1 0.486719 0.224219 0.503125 0.26875
2 0.489063 0.489063 0.509375 0.360938
3 0.621484 0.585547 0.111719 0.157031
4 0.345313 0.425391 0.125 0.107031
5 0.651563 0.111719 0.175 0.221875
6 0.651953 0.0378906 0.174219 0.0742188
7 0.5 0.501563 1 0.192188
8 0.508203 0.820312 0.136719 0.359375
9 0.846484 0.757031 0.210156 0.196875
10 0.182031 0.146094 0.35625 0.232813
10 0.842578 0.194141 0.314844 0.216406
11 0.191016 0.671484 0.297656 0.583594
12 0.653125 0.773828 0.090625 0.191406
12 0.724609 0.782813 0.0679687 0.196875
13 0.499609 0.786328 0.999219 0.427344
14 0.910156 0.0960938 0.179688 0.192188
