0 0.399219 0.434375 0.5375 0.617188
1 0.399609 0.292969 0.527344 0.264062
2 0.4 0.573047 0.539062 0.341406
3 0.403125 0.646094 0.0546875 0.101562
4 0.196094 0.535937 0.08125 0.071875
4 0.315625 0.53125 0.096875 0.08125
5 0.425 0.166406 0.1625 0.225
6 0.372656 0.101953 0.0703125 0.102344
7 0.191406 0.730469 0.36875 0.0890625
7 0.698438 0.744922 0.585938 0.135156
8 0.396094 0.859766 0.0765625 0.280469
9 0.0726563 0.427344 0.10625 0.160938
10 0.369141 0.0933594 0.708594 0.185156
11 0.909766 0.488281 0.180469 0.434375
12 0.695312 0.649609 0.065625 0.102344
12 0.773438 0.669531 0.0640625 0.084375
13 0.500781 0.780859 0.992188 0.110156
14 0.879297 0.107031 0.241406 0.210938
