0 0.498047 0.303125 0.424219 0.392188
1 0.479297 0.196875 0.385156 0.179688
2 0.500781 0.343359 0.41875 0.311719
3 0.417969 0.432422 0.0875 0.114844
4 0.358203 0.333594 0.0632812 0.059375
5 0.566016 0.151172 0.0601563 0.138281
6 0.56875 0.11875 0.0546875 0.0734375
7 0.845313 0.328906 0.3 0.153125
8 0.380078 0.719141 0.192969 0.480469
9 0.700391 0.746094 0.191406 0.173437
10 0.490625 0.0980469 0.98125 0.196094
11 0.148047 0.5 0.200781 0.396875
11 0.548047 0.870703 0.0992187 0.152344
11 0.875391 0.541016 0.136719 0.228906
12 0.685156 0.550391 0.075 0.0992187
12 0.869531 0.853516 0.0671875 0.0945312
12 0.246094 0.715234 0.0734375 0.0992187
13 0.582031 0.593359 0.0859375 0.0382813
13 0.925 0.695312 0.0640625 0.0328125
13 0.096875 0.808594 0.0671875 0.05
14 0.95625 0.112109 0.0875 0.102344
