0 0.454688 0.361328 0.303125 0.410156
1 0.455859 0.255859 0.305469 0.207031
2 0.454688 0.445312 0.303125 0.232813
3 0.541016 0.439063 0.0429688 0.10625
4 0.435156 0.264062 0.05625 0.059375
4 0.410547 0.380469 0.0914062 0.0671875
5 0.330078 0.132812 0.114844 0.265625
6 0.321875 0.0921875 0.09375 0.184375
7 0.163672 0.569922 0.327344 0.0789062
7 0.709375 0.538672 0.58125 0.100781
8 0.714063 0.267188 0.464062 0.534375
9 0.147266 0.167578 0.147656 0.164844
10 0.561328 0.0257812 0.0898438 0.0515625
11 0.132031 0.385156 0.115625 0.2125
12 0.233594 0.441797 0.0421875 0.0789062
12 0.678125 0.405469 0.0296875 0.0703125
13 0.678906 0.453125 0.123438 0.0609375
13 0.1625 0.513672 0.3 0.0789062
14 0.695312 0.0722656 0.145313 0.144531
