0 0.464062 0.293359 0.309375 0.399219
1 0.452344 0.199609 0.279687 0.213281
2 0.472266 0.389844 0.292969 0.204687
3 0.455469 0.458594 0.0515625 0.0421875
4 0.383594 0.360938 0.0484375 0.0484375
4 0.530469 0.354687 0.0359375 0.034375
5 0.39375 0.100391 0.034375 0.157031
6 0.389453 0.0605469 0.0273438 0.0742188
7 0.316016 0.496875 0.221094 0.123438
7 0.586719 0.488672 0.195312 0.0929688
8 0.5 0.749609 1 0.500781
9 0.795312 0.336328 0.2 0.175781
10 0.5 0.125391 1 0.238281
11 0.110156 0.329688 0.096875 0.153125
12 0.777734 0.625 0.0914062 0.142187
13 0.500781 0.61875 0.998437 0.335938
14 0.059375 0.0601563 0.11875 0.120313
