0 0.238672 0.689453 0.138281 0.158594
1 0.238672 0.647656 0.138281 0.0734375
2 0.245312 0.717969 0.103125 0.101562
3 0.245312 0.735156 0.0421875 0.053125
4 0.233203 0.649609 0.0289063 0.0367188
5 0.19375 0.453516 0.20625 0.397656
6 0.194141 0.430859 0.207031 0.352344
7 0.491016 0.720703 0.122656 0.0710937
8 0.367188 0.864062 0.254688 0.210938
9 0.799219 0.840234 0.210938 0.117969
10 0.509375 0.396484 0.98125 0.349219
11 0.486328 0.642188 0.102344 0.104688
11 0.826562 0.617578 0.115625 0.121094
12 0.357422 0.725781 0.0445313 0.0703125
13 0.160156 0.855859 0.05625 0.0257812
13 0.305078 0.896094 0.0476562 0.0375
13 0.475 0.8 0.053125 0.028125
13 0.536328 0.873047 0.0429688 0.0304687
13 0.659766 0.7125 0.0523438 0.01875
14 0.492969 0.272656 0.345313 0.34375
