0 0.509766 0.258203 0.467969 0.489844
1 0.510547 0.191016 0.466406 0.0992187
2 0.511719 0.354297 0.310937 0.299219
3 0.526563 0.442188 0.08125 0.11875
4 0.436328 0.338281 0.107031 0.1375
4 0.606641 0.332031 0.108594 0.126562
5 0.532813 0.0878906 0.267188 0.175781
6 0.546094 0.0164063 0.239063 0.0328125
7 0.822266 0.543359 0.355469 0.116406
8 0.544922 0.744141 0.207031 0.511719
9 0.814844 0.745703 0.276562 0.277344
10 0.730859 0.173437 0.538281 0.346875
11 0.176563 0.650391 0.201563 0.364844
12 0.702734 0.436719 0.0476562 0.0578125
12 0.759375 0.426563 0.0546875 0.059375
12 0.828906 0.425 0.05 0.0640625
12 0.899609 0.429688 0.0476562 0.065625
12 0.932031 0.433594 0.0515625 0.065625
13 0.821484 0.484375 0.352344 0.0609375
14 0.146094 0.255469 0.282813 0.410938
