0 0.376953 0.499219 0.149219 0.264062
1 0.385937 0.457422 0.129688 0.0632812
2 0.376953 0.554297 0.146094 0.153906
3 0.401953 0.5875 0.0351562 0.0484375
4 0.355859 0.515625 0.0492187 0.0484375
5 0.357422 0.416406 0.0507812 0.0984375
6 0.357422 0.401562 0.0523438 0.06875
7 0.527734 0.605469 0.121094 0.053125
8 0.203125 0.749609 0.40625 0.213281
9 0.772266 0.807422 0.438281 0.385156
10 0.317578 0.424219 0.632031 0.445312
11 0.347266 0.192969 0.0960938 0.129688
12 0.252344 0.55625 0.0296875 0.0453125
12 0.735547 0.742188 0.0601563 0.0703125
13 0.711328 0.427734 0.0320312 0.0210938
13 0.760547 0.457422 0.0273438 0.0210938
13 0.687109 0.484375 0.0226562 0.01875
14 0.891406 0.131641 0.217188 0.263281
