0 0.344531 0.334375 0.220312 0.332813
1 0.344141 0.245312 0.219531 0.140625
2 0.349609 0.399219 0.203906 0.203125
3 0.416016 0.442578 0.0601563 0.100781
4 0.338672 0.391406 0.0664062 0.0578125
5 0.434375 0.139844 0.1 0.25625
6 0.437109 0.0882813 0.0945312 0.153125
7 0.5 0.598437 1 0.13125
8 0.495312 0.767578 0.990625 0.211719
9 0.744922 0.287891 0.177344 0.142969
10 0.764844 0.0894531 0.470313 0.178906
11 0.203906 0.154297 0.090625 0.135156
11 0.632422 0.130859 0.107031 0.150781
11 0.877734 0.156641 0.141406 0.224219
12 0.551562 0.28125 0.0640625 0.0625
12 0.698047 0.409375 0.0742188 0.078125
13 0.558984 0.394531 0.0898438 0.0640625
13 0.53125 0.190234 0.0875 0.0523438
13 0.835938 0.473438 0.107813 0.0609375
14 0.135156 0.0515625 0.270313 0.103125
