0 0.451172 0.343359 0.328906 0.522656
1 0.453125 0.201563 0.3125 0.235937
2 0.451172 0.440625 0.332031 0.326562
3 0.537891 0.502734 0.0882813 0.169531
4 0.383984 0.377734 0.0914062 0.0804688
5 0.588281 0.128125 0.16875 0.2125
6 0.588281 0.0691406 0.16875 0.0945312
7 0.802344 0.490625 0.335938 0.11875
8 0.211328 0.705859 0.192969 0.474219
9 0.808594 0.259375 0.245312 0.223438
10 0.186328 0.199609 0.349219 0.224219
11 0.244922 0.0921875 0.0742188 0.0890625
12 0.675781 0.642578 0.09375 0.116406
12 0.427734 0.806641 0.0820312 0.141406
13 0.547656 0.952344 0.0421875 0.0234375
13 0.699609 0.835547 0.0367188 0.0210938
13 0.873437 0.817969 0.0359375 0.0140625
13 0.847656 0.6375 0.0359375 0.01875
13 0.40625 0.686328 0.0390625 0.0210938
14 0.869922 0.104297 0.260156 0.208594
