0 0.547656 0.518359 0.523438 0.647656
1 0.546875 0.328516 0.521875 0.266406
2 0.539062 0.626953 0.479687 0.433594
3 0.541016 0.748437 0.149219 0.165625
4 0.433594 0.515234 0.0546875 0.0617188
4 0.546484 0.517188 0.0554687 0.05625
5 0.790625 0.235156 0.135937 0.204687
6 0.795312 0.180859 0.126562 0.0960938
7 0.855859 0.900391 0.288281 0.199219
7 0.169141 0.875391 0.338281 0.249219
8 0.539453 0.910547 0.0695313 0.172656
9 0.174609 0.667578 0.186719 0.197656
10 0.883984 0.600781 0.232031 0.417187
11 0.0808594 0.558984 0.161719 0.503906
12 0.0582031 0.377344 0.0492187 0.04375
12 0.0710937 0.416797 0.0453125 0.0445313
12 0.358984 0.851562 0.0507812 0.0625
12 0.427734 0.859766 0.0539063 0.0710937
12 0.38125 0.900781 0.0421875 0.0578125
13 0.407813 0.896484 0.189062 0.196094
14 0.113672 0.114453 0.227344 0.228906
