0 0.467969 0.381641 0.315625 0.371094
1 0.467578 0.271484 0.314844 0.149219
2 0.457813 0.449219 0.2375 0.232813
3 0.489063 0.495703 0.0484375 0.0757812
4 0.41875 0.4 0.0796875 0.065625
5 0.53125 0.174219 0.0828125 0.189062
6 0.533203 0.135156 0.0773438 0.1125
7 0.324219 0.594141 0.0734375 0.0523438
8 0.785156 0.505078 0.428125 0.246094
8 0.517969 0.701562 0.0921875 0.282813
9 0.742969 0.723828 0.348438 0.253906
10 0.132422 0.301953 0.260156 0.149219
11 0.0992187 0.652344 0.145313 0.317188
11 0.391406 0.764453 0.129688 0.278906
12 0.188672 0.512109 0.0710937 0.0835937
12 0.783594 0.523047 0.0609375 0.0914062
13 0.224219 0.757422 0.0765625 0.0460938
13 0.692969 0.520703 0.0859375 0.0429688
14 0.788281 0.0945312 0.24375 0.1875
