0 0.4 0.226953 0.15 0.207031
1 0.4 0.204297 0.15 0.0835937
2 0.400391 0.283203 0.147656 0.0945312
3 0.352734 0.300781 0.0523438 0.059375
4 0.435156 0.266406 0.0421875 0.040625
5 0.435937 0.135937 0.05 0.148438
6 0.435937 0.0917969 0.05 0.0601563
7 0.619141 0.297266 0.257031 0.0976562
8 0.291797 0.450781 0.0929688 0.33125
9 0.210156 0.754687 0.196875 0.209375
10 0.705859 0.0910156 0.407031 0.182031
11 0.473438 0.84375 0.189062 0.264062
12 0.0933594 0.93125 0.0648438 0.096875
13 0.228516 0.971094 0.457031 0.0578125
14 0.137891 0.15 0.275781 0.3
