0 0.271094 0.246875 0.325 0.440625
1 0.271484 0.084375 0.302344 0.1125
2 0.271484 0.294141 0.321094 0.346094
3 0.278125 0.402734 0.109375 0.105469
4 0.176563 0.21875 0.0703125 0.075
4 0.346094 0.216016 0.071875 0.0773438
5 0.163281 0.0621094 0.071875 0.0929688
6 0.163672 0.0367188 0.0726563 0.0421875
7 0.487109 0.617969 0.927344 0.642188
8 0.48125 0.715625 0.726562 0.56875
9 0.726953 0.546484 0.124219 0.132031
10 0.707031 0.133203 0.58125 0.169531
11 0.934375 0.846094 0.11875 0.190625
12 0.0796875 0.894141 0.0546875 0.108594
12 0.191016 0.679297 0.0492187 0.0789062
13 0.231641 0.721484 0.169531 0.0476562
13 0.233594 0.934766 0.467187 0.0570312
13 0.0277344 0.734375 0.0554687 0.0296875
13 0.765625 0.695312 0.25 0.05625
13 0.971094 0.678906 0.0578125 0.0234375
13 0.889062 0.932813 0.221875 0.0453125
14 0.0578125 0.0972656 0.103125 0.117969
