0 0.507031 0.326953 0.692187 0.652344
1 0.507031 0.112891 0.692187 0.224219
2 0.513281 0.421094 0.357812 0.465625
3 0.486328 0.594141 0.0664062 0.113281
4 0.399219 0.344531 0.0390625 0.040625
4 0.614844 0.360156 0.0421875 0.03125
5 0.335156 0.0613281 0.059375 0.103906
6 0.335156 0.034375 0.059375 0.05
7 0.231641 0.684766 0.435156 0.0445313
7 0.747266 0.722656 0.499219 0.071875
8 0.471094 0.673047 0.065625 0.0539063
8 0.469141 0.721875 0.0601563 0.040625
9 0.458594 0.83125 0.135937 0.151562
10 0.0371094 0.0625 0.0742188 0.123438
10 0.236328 0.0484375 0.135156 0.0953125
11 0.904687 0.342969 0.178125 0.601562
12 0.193359 0.538281 0.114844 0.26875
13 0.546094 0.952734 0.903125 0.0945312
14 0.127734 0.0734375 0.0976562 0.121875
