0 0.296094 0.333203 0.320312 0.402344
1 0.296484 0.230859 0.319531 0.196094
2 0.289844 0.423828 0.25625 0.221094
3 0.257422 0.449219 0.0914062 0.154688
4 0.348047 0.392578 0.0585938 0.0710937
5 0.395703 0.15625 0.142969 0.232813
6 0.395703 0.0839844 0.144531 0.0867187
7 0.121875 0.543359 0.165625 0.252344
7 0.466406 0.529687 0.167187 0.267188
8 0.319141 0.749609 0.211719 0.461719
9 0.589063 0.367578 0.264062 0.199219
10 0.700391 0.307422 0.557031 0.441406
11 0.123828 0.7875 0.127344 0.19375
11 0.914062 0.851172 0.0953125 0.146094
12 0.59375 0.826172 0.103125 0.164844
12 0.723047 0.575391 0.102344 0.160156
13 0.465625 0.718359 0.0484375 0.0257812
13 0.457031 0.945703 0.053125 0.0320312
13 0.80625 0.767578 0.075 0.0398437
14 0.826562 0.110937 0.345313 0.220312
