0 0.510938 0.363672 0.504687 0.410156
1 0.527344 0.248438 0.4625 0.167187
2 0.510938 0.430469 0.4875 0.282813
3 0.66875 0.477344 0.090625 0.129688
4 0.416406 0.396094 0.173437 0.123438
5 0.532813 0.159375 0.128125 0.225
6 0.546875 0.103906 0.096875 0.132812
7 0.532813 0.608594 0.245312 0.104688
7 0.748437 0.682031 0.204687 0.139063
8 0.822656 0.746484 0.354687 0.507031
9 0.646484 0.835938 0.338281 0.229687
10 0.856641 0.155469 0.286719 0.115625
11 0.203125 0.282813 0.229687 0.442188
12 0.395313 0.75 0.14375 0.1875
13 0.334375 0.542578 0.04375 0.0257812
13 0.521484 0.648047 0.0460938 0.0382813
13 0.867578 0.515234 0.0570312 0.0414062
14 0.783984 0.0804688 0.144531 0.157812
