0 0.112891 0.514062 0.196094 0.509375
1 0.111719 0.380859 0.185938 0.242969
2 0.1125 0.628906 0.195312 0.276562
3 0.166016 0.696094 0.0710937 0.139063
4 0.0894531 0.621484 0.0726563 0.0695313
5 0.166016 0.291016 0.0523438 0.272656
6 0.170703 0.219531 0.0429688 0.129688
7 0.611328 0.691406 0.775781 0.18125
8 0.458984 0.875781 0.635156 0.245312
9 0.825391 0.816797 0.210156 0.175781
10 0.569141 0.398828 0.716406 0.477344
11 0.108203 0.890234 0.0992187 0.180469
12 0.375 0.925 0.0796875 0.110937
13 0.644141 0.766406 0.0804688 0.04375
13 0.937891 0.896094 0.0632812 0.0296875
14 0.848047 0.103125 0.214844 0.175
