0 0.4375 0.360938 0.548438 0.651563
1 0.446484 0.19375 0.528906 0.317188
2 0.425391 0.504687 0.522656 0.365625
3 0.398047 0.588281 0.0960938 0.120313
4 0.258594 0.481641 0.06875 0.0789062
4 0.582422 0.510156 0.0742188 0.071875
5 0.583594 0.128125 0.142187 0.217188
6 0.612891 0.0457031 0.0835937 0.0523438
7 0.0972656 0.557031 0.194531 0.1375
7 0.821484 0.639453 0.313281 0.111719
8 0.380078 0.797656 0.357031 0.33125
9 0.844141 0.348438 0.194531 0.3625
10 0.135156 0.25625 0.226562 0.5125
11 0.790234 0.810156 0.177344 0.24375
12 0.378516 0.742578 0.0679687 0.0945312
13 0.5 0.74375 0.0328125 0.0375
13 0.549609 0.780469 0.0257812 0.0171875
13 0.588672 0.810547 0.0320312 0.0226562
13 0.676172 0.781641 0.0320312 0.0195312
14 0.817187 0.0886719 0.210938 0.174219
