0 0.480078 0.556641 0.641406 0.583594
1 0.480859 0.402734 0.636719 0.269531
2 0.461719 0.680469 0.571875 0.334375
3 0.690234 0.747656 0.111719 0.148438
4 0.259766 0.613281 0.0710937 0.0671875
4 0.614844 0.612891 0.0796875 0.0664062
4 0.477344 0.425391 0.15625 0.161719
5 0.727344 0.303906 0.195312 0.298438
6 0.738281 0.226953 0.173437 0.146094
7 0.124609 0.746484 0.0820312 0.371094
7 0.478125 0.914453 0.64375 0.157031
7 0.833984 0.679297 0.111719 0.267969
8 0.817969 0.885547 0.228125 0.188281
9 0.282031 0.858984 0.104688 0.0601563
10 0.325 0.294141 0.65 0.374219
10 0.851172 0.412109 0.297656 0.310156
11 0.914062 0.74375 0.075 0.1375
12 0.938672 0.864062 0.0601563 0.078125
13 0.0558594 0.746875 0.0695313 0.059375
13 0.0472656 0.834766 0.0554687 0.0523438
13 0.953516 0.627344 0.0664062 0.040625
14 0.103906 0.0921875 0.159375 0.18125
