0 0.421875 0.397266 0.276562 0.283594
1 0.411719 0.344141 0.246875 0.158594
2 0.422266 0.434766 0.275781 0.207031
3 0.360156 0.483594 0.059375 0.0890625
4 0.471094 0.402734 0.06875 0.0601563
5 0.482031 0.216016 0.170313 0.214844
6 0.482031 0.182812 0.170313 0.15
7 0.475 0.544141 0.239063 0.149219
8 0.653906 0.772656 0.475 0.410938
9 0.810937 0.871484 0.378125 0.257031
10 0.851562 0.0925781 0.296875 0.185156
11 0.166406 0.632812 0.242188 0.301563
12 0.25 0.807031 0.0421875 0.0546875
12 0.400781 0.7 0.046875 0.053125
12 0.491016 0.686328 0.0320312 0.0601563
13 0.309375 0.760156 0.040625 0.0265625
13 0.351172 0.668359 0.0367188 0.0242188
13 0.415625 0.65 0.0390625 0.0234375
13 0.324219 0.585156 0.0546875 0.028125
14 0.164844 0.172266 0.329688 0.344531
