0 0.535937 0.529297 0.423438 0.280469
1 0.505078 0.456641 0.361719 0.136719
2 0.523047 0.583594 0.210156 0.171875
3 0.51875 0.615625 0.078125 0.09375
4 0.515234 0.54375 0.0539063 0.0515625
5 0.709766 0.414844 0.192969 0.35
6 0.746094 0.375391 0.117188 0.271094
7 0.183984 0.632812 0.260156 0.10625
7 0.807813 0.623828 0.345313 0.0945312
8 0.540625 0.830859 0.1 0.328906
9 0.742969 0.792188 0.223438 0.245312
10 0.485156 0.240234 0.9625 0.336719
11 0.189453 0.426172 0.222656 0.360156
12 0.207422 0.891406 0.0835937 0.14375
12 0.922656 0.805859 0.06875 0.172656
13 0.0855469 0.761328 0.0304687 0.0273438
13 0.216797 0.721094 0.0304687 0.025
13 0.373437 0.719922 0.0375 0.0257812
13 0.403906 0.829297 0.0328125 0.0195312
14 0.60625 0.1125 0.1625 0.179688
