0 0.123438 0.146875 0.20625 0.18125
1 0.123438 0.111328 0.20625 0.0539063
2 0.127344 0.177344 0.176563 0.117188
3 0.130859 0.203906 0.0398437 0.0578125
4 0.0777344 0.175 0.0429688 0.0515625
4 0.171484 0.172266 0.0382813 0.0335937
5 0.192188 0.0488281 0.0921875 0.0976562
6 0.192578 0.0292969 0.0914062 0.0585938
7 0.601562 0.204297 0.789062 0.0992187
8 0.332031 0.583594 0.528125 0.7
9 0.312891 0.426953 0.271094 0.230469
10 0.5 0.0996094 1 0.199219
11 0.835938 0.336719 0.176563 0.303125
12 0.722266 0.510547 0.0773438 0.157031
13 0.821484 0.617578 0.128906 0.113281
13 0.771875 0.741406 0.2 0.0703125
13 0.7125 0.338281 0.0734375 0.046875
13 0.957031 0.399219 0.0859375 0.0484375
13 0.367188 0.592578 0.0921875 0.0460938
13 0.421094 0.783984 0.0375 0.0539063
13 0.168359 0.785937 0.0757812 0.053125
14 0.841797 0.046875 0.163281 0.0921875
