0 0.0925781 0.314063 0.124219 0.18125
1 0.0917969 0.271875 0.117969 0.0921875
2 0.0863281 0.354687 0.113281 0.101562
3 0.11875 0.379688 0.034375 0.0421875
4 0.0707031 0.346484 0.0304687 0.0414062
5 0.142969 0.245703 0.0703125 0.102344
6 0.148047 0.216406 0.0679687 0.0484375
7 0.158203 0.299609 0.316406 0.327344
8 0.397266 0.49375 0.232031 0.9875
9 0.146875 0.697266 0.29375 0.319531
10 0.86875 0.0621094 0.15625 0.124219
11 0.5875 0.116016 0.114062 0.191406
12 0.611719 0.467578 0.0671875 0.0992187
13 0.717969 0.358203 0.560937 0.139844
14 0.0804688 0.0851563 0.160938 0.170313
