0 0.451172 0.345313 0.377344 0.626563
1 0.451172 0.172266 0.360156 0.280469
2 0.452734 0.476953 0.374219 0.361719
3 0.336328 0.540625 0.135156 0.232813
4 0.561719 0.364844 0.065625 0.0734375
5 0.559375 0.104688 0.075 0.179688
6 0.567969 0.040625 0.05625 0.0515625
7 0.379297 0.808203 0.211719 0.344531
8 0.642969 0.813281 0.714063 0.373437
9 0.135937 0.633984 0.246875 0.135156
10 0.123047 0.280469 0.246094 0.370312
10 0.594141 0.176563 0.0757812 0.0984375
10 0.708984 0.140625 0.0507812 0.0953125
10 0.920312 0.199609 0.159375 0.214844
11 0.740625 0.406641 0.2625 0.489844
12 0.757422 0.758984 0.0335937 0.0539063
12 0.8375 0.671875 0.034375 0.0609375
12 0.834375 0.792578 0.0296875 0.0460938
12 0.898438 0.774609 0.0328125 0.0507812
12 0.927344 0.834375 0.0359375 0.0484375
13 0.837109 0.786328 0.325781 0.277344
14 0.0550781 0.0683594 0.110156 0.136719
