0 0.549609 0.460938 0.511719 0.485938
1 0.550391 0.308594 0.510156 0.190625
2 0.540234 0.533594 0.466406 0.33125
3 0.535547 0.624609 0.141406 0.147656
4 0.410938 0.567187 0.0953125 0.090625
4 0.712109 0.541016 0.0960938 0.0757812
5 0.769922 0.249219 0.155469 0.164062
6 0.770312 0.209375 0.15625 0.0859375
7 0.901563 0.664844 0.190625 0.0984375
7 0.184766 0.694922 0.203906 0.107031
8 0.525 0.844531 0.154688 0.310937
9 0.328516 0.8125 0.177344 0.1
10 0.454297 0.232031 0.908594 0.395313
11 0.855859 0.827344 0.138281 0.204687
12 0.179688 0.876563 0.0390625 0.053125
12 0.379688 0.902344 0.03125 0.0546875
12 0.70625 0.887109 0.0375 0.0867187
13 0.260937 0.907813 0.382812 0.065625
13 0.703516 0.9125 0.249219 0.0390625
14 0.901953 0.123047 0.196094 0.246094
