0 0.245703 0.181641 0.135156 0.299219
1 0.244531 0.117969 0.129688 0.1
2 0.245312 0.245703 0.135937 0.169531
3 0.286328 0.294141 0.0492187 0.0710937
4 0.210938 0.198828 0.028125 0.0335937
4 0.257031 0.192969 0.025 0.0296875
4 0.285938 0.194531 0.021875 0.025
5 0.324609 0.0636719 0.113281 0.117969
6 0.328906 0.0363281 0.103125 0.0617188
7 0.273828 0.347266 0.388281 0.203906
8 0.330859 0.707812 0.567969 0.584375
9 0.708594 0.56875 0.30625 0.223438
10 0.851953 0.25625 0.296094 0.435937
11 0.463281 0.496875 0.198437 0.354687
12 0.63125 0.346484 0.0359375 0.0726563
12 0.595703 0.260156 0.0445313 0.059375
13 0.517969 0.143359 0.209375 0.210156
14 0.837109 0.0828125 0.117969 0.165625
