0 0.246094 0.290234 0.1625 0.511719
1 0.244531 0.129297 0.160938 0.189844
2 0.248047 0.372656 0.157031 0.346875
3 0.210547 0.489844 0.0585938 0.109375
4 0.277734 0.379688 0.0585938 0.071875
5 0.264844 0.0578125 0.075 0.1125
6 0.265625 0.0320312 0.075 0.0609375
7 0.371094 0.628516 0.715625 0.636719
8 0.633203 0.265625 0.528906 0.384375
9 0.566797 0.627344 0.167969 0.184375
10 0.867188 0.0542969 0.25625 0.108594
11 0.20625 0.711719 0.104688 0.190625
12 0.396094 0.808594 0.053125 0.101562
13 0.276953 0.826172 0.155469 0.0695313
14 0.524219 0.0984375 0.182812 0.196875
