0 0.459766 0.344922 0.625781 0.680469
1 0.441406 0.178516 0.576562 0.346094
2 0.459766 0.489453 0.625781 0.388281
3 0.318359 0.576953 0.152344 0.153906
4 0.300781 0.394922 0.0796875 0.0726563
4 0.519922 0.405078 0.0570312 0.0617188
5 0.687891 0.118359 0.200781 0.235156
6 0.696094 0.0296875 0.185938 0.05625
7 0.787109 0.761328 0.425781 0.208594
7 0.183203 0.808594 0.366406 0.164062
8 0.411328 0.810937 0.342969 0.364063
9 0.889062 0.296094 0.221875 0.570312
10 0.199609 0.121484 0.399219 0.222656
11 0.1 0.466797 0.2 0.567969
12 0.89375 0.916406 0.0828125 0.157812
12 0.766797 0.933203 0.0960938 0.133594
12 0.672266 0.933594 0.0945312 0.126562
12 0.309766 0.909375 0.100781 0.129688
12 0.167578 0.915234 0.0835937 0.113281
12 0.0679687 0.924219 0.078125 0.110937
13 0.233203 0.956641 0.0617188 0.0445313
13 0.389453 0.933594 0.0726563 0.046875
13 0.833984 0.900781 0.0539063 0.0703125
13 0.849219 0.640234 0.0671875 0.0429688
13 0.534766 0.718359 0.0789062 0.0539063
13 0.223828 0.692187 0.108594 0.0484375
14 0.117578 0.111328 0.235156 0.222656
