0 0.478125 0.375391 0.351562 0.416406
1 0.479687 0.321094 0.35 0.123438
2 0.476953 0.464844 0.305469 0.2375
3 0.408984 0.517969 0.0554687 0.121875
4 0.538281 0.455469 0.0421875 0.0421875
5 0.518359 0.156641 0.0992187 0.217969
6 0.516406 0.104297 0.09375 0.111719
7 0.302344 0.614062 0.053125 0.0515625
7 0.372656 0.624609 0.0484375 0.0414062
7 0.440625 0.627734 0.0578125 0.0414062
7 0.498437 0.624609 0.0453125 0.0429688
7 0.550391 0.628125 0.0539063 0.0515625
7 0.611719 0.620703 0.065625 0.0632812
7 0.677344 0.626172 0.0453125 0.0554687
8 0.5 0.703125 1 0.11875
9 0.0925781 0.636719 0.0914062 0.0953125
10 0.470703 0.338672 0.941406 0.652344
11 0.182422 0.153516 0.125781 0.296094
12 0.758203 0.904297 0.0476562 0.111719
13 0.498047 0.953516 0.996094 0.0929688
14 0.926953 0.0847656 0.124219 0.139844
