0 0.831641 0.705078 0.336719 0.589844
1 0.83125 0.587109 0.3375 0.227344
2 0.845313 0.839063 0.307812 0.321875
3 0.883984 0.916016 0.199219 0.167969
4 0.788672 0.767969 0.103906 0.0984375
4 0.944531 0.757422 0.09375 0.0914062
5 0.96875 0.408203 0.0625 0.158594
6 0.96875 0.373828 0.0625 0.0898438
7 0.519922 0.498828 0.839844 0.146094
8 0.500781 0.939453 0.417187 0.0914062
9 0.367969 0.755859 0.445312 0.242969
10 0.639844 0.153906 0.71875 0.253125
11 0.151562 0.393359 0.303125 0.785156
12 0.296094 0.373828 0.040625 0.0789062
12 0.445703 0.382422 0.0429688 0.103906
12 0.653125 0.367969 0.04375 0.1
13 0.485938 0.385937 0.0296875 0.015625
13 0.559766 0.603125 0.0367188 0.01875
13 0.0445313 0.851172 0.034375 0.0195312
13 0.508984 0.891406 0.0335937 0.0140625
14 0.869922 0.05625 0.121094 0.10625
