0 0.525 0.421094 0.659375 0.820312
1 0.523828 0.215625 0.608594 0.390625
2 0.525781 0.573438 0.659375 0.509375
3 0.692969 0.68125 0.204687 0.292187
4 0.451562 0.495312 0.167187 0.190625
5 0.428906 0.0597656 0.235937 0.114844
6 0.426953 0.0308594 0.232031 0.0523438
7 0.116406 0.704688 0.18125 0.245312
7 0.544141 0.85625 0.241406 0.132812
8 0.778516 0.904687 0.250781 0.190625
9 0.102734 0.516016 0.186719 0.158594
10 0.163672 0.0785156 0.117969 0.113281
11 0.0800781 0.330859 0.0773438 0.127344
11 0.150391 0.227344 0.0757812 0.117188
11 0.221484 0.199219 0.0804688 0.14375
12 0.373047 0.870313 0.116406 0.153125
12 0.901563 0.720313 0.135937 0.232813
13 0.129688 0.813672 0.117188 0.108594
13 0.104688 0.917969 0.071875 0.0625
13 0.268359 0.913672 0.0507812 0.0601563
13 0.815234 0.794141 0.113281 0.121094
14 0.871094 0.158594 0.257812 0.317188
