0 0.455078 0.516797 0.444531 0.532031
1 0.452734 0.380859 0.446094 0.253906
2 0.453516 0.633203 0.419531 0.299219
3 0.449219 0.701172 0.146875 0.158594
4 0.335938 0.559375 0.101562 0.0796875
4 0.559375 0.564844 0.120313 0.08125
4 0.437891 0.408594 0.119531 0.103125
5 0.685937 0.251953 0.314063 0.324219
6 0.691406 0.176953 0.303125 0.174219
7 0.203906 0.596875 0.232813 0.457813
7 0.709375 0.591406 0.2375 0.432812
8 0.462109 0.881641 0.239844 0.236719
9 0.924609 0.640625 0.150781 0.492188
10 0.5 0.23125 1 0.3875
11 0.170313 0.324219 0.121875 0.135937
11 0.782422 0.342969 0.110156 0.1125
12 0.911719 0.83125 0.075 0.120313
12 0.878516 0.454297 0.0664062 0.103906
13 0.894531 0.649609 0.185938 0.541406
14 0.117969 0.1 0.196875 0.178125
