0 0.589063 0.321094 0.328125 0.367188
1 0.591797 0.2375 0.314844 0.1125
2 0.573047 0.389453 0.244531 0.228906
3 0.527344 0.418359 0.0765625 0.124219
4 0.625781 0.347656 0.053125 0.05625
5 0.676172 0.139453 0.0804688 0.110156
6 0.680469 0.111719 0.0671875 0.0515625
7 0.160938 0.651172 0.25 0.346094
8 0.464453 0.7875 0.824219 0.364063
9 0.278125 0.370703 0.178125 0.244531
10 0.478906 0.235547 0.871875 0.330469
11 0.832031 0.451562 0.190625 0.320312
12 0.390234 0.554688 0.0507812 0.0859375
13 0.55625 0.545703 0.0390625 0.0351562
13 0.374609 0.446875 0.0414062 0.0265625
13 0.109766 0.459375 0.0320312 0.0296875
14 0.0980469 0.0996094 0.155469 0.199219
