0 0.342187 0.236719 0.346875 0.320312
1 0.341406 0.183594 0.345313 0.11875
2 0.312109 0.304688 0.286719 0.185938
3 0.338672 0.339062 0.0789062 0.107813
4 0.244531 0.296094 0.0828125 0.0828125
4 0.409766 0.264062 0.0742188 0.0703125
5 0.394922 0.0652344 0.0773438 0.130469
6 0.394922 0.0386719 0.0773438 0.0773438
7 0.0910156 0.354297 0.182031 0.0570312
7 0.723828 0.326562 0.533594 0.114062
8 0.294141 0.6625 0.121094 0.545312
9 0.739062 0.537109 0.321875 0.322656
10 0.765234 0.170703 0.382031 0.322656
11 0.175391 0.182031 0.227344 0.301563
12 0.116797 0.630859 0.103906 0.155469
12 0.923828 0.825391 0.107031 0.155469
12 0.521875 0.494141 0.11875 0.157031
13 0.0378906 0.598437 0.0414062 0.040625
13 0.200391 0.530078 0.0507812 0.0523438
13 0.0960938 0.807813 0.0484375 0.0453125
13 0.204687 0.695703 0.053125 0.0492187
13 0.397656 0.517969 0.0546875 0.0515625
13 0.480078 0.64375 0.0429688 0.0484375
13 0.4625 0.851172 0.071875 0.0492187
13 0.521484 0.730078 0.0632812 0.0429688
13 0.652734 0.731641 0.0585938 0.0460938
13 0.650391 0.864062 0.0710937 0.05625
13 0.839453 0.791797 0.0585938 0.0601563
13 0.941016 0.430078 0.0664062 0.0632812
13 0.933984 0.612891 0.0617188 0.0554687
13 0.105078 0.423828 0.0648438 0.0539063
13 0.674609 0.367188 0.0648438 0.0390625
14 0.0589844 0.0824219 0.117969 0.164844
