0 0.404687 0.355469 0.414062 0.454688
1 0.398438 0.248047 0.401562 0.205469
2 0.404297 0.420703 0.410156 0.324219
3 0.410547 0.491797 0.171094 0.169531
4 0.388672 0.351953 0.100781 0.103906
5 0.530469 0.158984 0.15625 0.283594
6 0.546094 0.0785156 0.125 0.121094
7 0.5 0.738672 1 0.164844
8 0.425391 0.775781 0.152344 0.421875
9 0.792578 0.504297 0.291406 0.332031
10 0.199609 0.140625 0.388281 0.28125
10 0.816797 0.0707031 0.366406 0.141406
11 0.111719 0.508203 0.223438 0.514844
12 0.171094 0.820703 0.128125 0.166406
12 0.705078 0.805859 0.157031 0.207031
13 0.111328 0.9375 0.0492187 0.0734375
13 0.344531 0.880859 0.0359375 0.0664062
13 0.514062 0.877734 0.05 0.0789062
13 0.829297 0.869141 0.0476562 0.0742188
14 0.905469 0.10625 0.189062 0.2125
