0 0.467969 0.480078 0.378125 0.414844
1 0.464062 0.412109 0.371875 0.277344
2 0.477734 0.561328 0.353906 0.250781
3 0.557031 0.576953 0.053125 0.136719
4 0.354297 0.554297 0.0632812 0.0789062
4 0.452734 0.5625 0.0570312 0.040625
5 0.645312 0.182031 0.301563 0.353125
6 0.658594 0.143359 0.270313 0.275781
7 0.345703 0.717578 0.489844 0.441406
7 0.676953 0.507422 0.0648438 0.0382813
7 0.811719 0.701953 0.25625 0.417969
8 0.615625 0.805469 0.157812 0.389062
9 0.391406 0.750391 0.317188 0.205469
10 0.5 0.355078 1 0.325781
11 0.739453 0.414062 0.233594 0.403125
12 0.655469 0.614062 0.0375 0.0640625
13 0.685547 0.613281 0.0242188 0.025
13 0.707031 0.660547 0.040625 0.0320312
14 0.936328 0.0707031 0.127344 0.125781
