0 0.436719 0.399219 0.514062 0.535937
1 0.437109 0.283594 0.513281 0.248438
2 0.412109 0.525391 0.294531 0.283594
3 0.444922 0.594141 0.110156 0.119531
4 0.348047 0.466016 0.0804688 0.100781
4 0.478516 0.475 0.0679687 0.09375
5 0.281641 0.181641 0.160156 0.255469
6 0.281641 0.107031 0.160156 0.10625
7 0.463281 0.766406 0.546875 0.240625
8 0.716797 0.327344 0.336719 0.654687
9 0.540625 0.101172 0.482812 0.202344
10 0.138281 0.294531 0.209375 0.104688
11 0.900781 0.537109 0.198437 0.283594
12 0.101172 0.772266 0.0710937 0.136719
13 0.498047 0.898828 0.994531 0.172656
14 0.0871094 0.134375 0.174219 0.26875
