0 0.351953 0.335547 0.233594 0.242969
1 0.348047 0.276562 0.225781 0.123438
2 0.352344 0.376563 0.234375 0.160938
3 0.301563 0.425781 0.053125 0.059375
4 0.388281 0.344141 0.0609375 0.0664062
5 0.470703 0.133984 0.153906 0.267969
6 0.470703 0.110156 0.153906 0.220312
7 0.263281 0.468359 0.154688 0.155469
7 0.471484 0.436719 0.113281 0.184375
8 0.471875 0.717187 0.373437 0.532813
9 0.823438 0.698047 0.353125 0.592969
9 0.583984 0.403516 0.0851563 0.0804688
10 0.158594 0.176172 0.317188 0.144531
11 0.542969 0.240234 0.128125 0.167969
12 0.308203 0.898828 0.0976562 0.189844
13 0.0929688 0.696484 0.034375 0.0320312
13 0.159766 0.776953 0.0367188 0.0335937
13 0.217969 0.667578 0.0515625 0.0351562
14 0.672266 0.100781 0.228906 0.201563
