0 0.54375 0.409375 0.353125 0.498437
1 0.54375 0.277344 0.351562 0.234375
2 0.539844 0.522656 0.340625 0.271875
3 0.541797 0.557813 0.155469 0.198437
4 0.520703 0.342187 0.163281 0.0796875
5 0.692969 0.198828 0.195312 0.236719
6 0.719141 0.153125 0.141406 0.140625
7 0.2 0.490625 0.375 0.153125
8 0.330078 0.838281 0.549219 0.320312
9 0.853906 0.764453 0.290625 0.238281
10 0.187891 0.283203 0.316406 0.303906
11 0.871875 0.384766 0.2375 0.405469
12 0.198437 0.577734 0.0734375 0.113281
12 0.291016 0.708984 0.0679687 0.141406
12 0.0910156 0.784766 0.0867187 0.152344
13 0.663281 0.823438 0.071875 0.0421875
13 0.555469 0.925 0.0765625 0.0453125
13 0.739062 0.937109 0.0703125 0.0429688
14 0.39375 0.108203 0.304688 0.177344
