0 0.631641 0.379688 0.194531 0.3
1 0.634375 0.291406 0.1875 0.121875
2 0.632812 0.431641 0.19375 0.196094
3 0.602734 0.485547 0.0585938 0.0742188
4 0.680859 0.399609 0.0507812 0.0617188
5 0.708203 0.212109 0.107031 0.221094
6 0.708594 0.166797 0.10625 0.128906
7 0.351172 0.73125 0.677344 0.264062
8 0.716016 0.656641 0.271094 0.278906
9 0.816406 0.898047 0.215625 0.124219
10 0.420312 0.142969 0.24375 0.103125
11 0.272656 0.555469 0.215625 0.576562
12 0.370312 0.773047 0.0765625 0.119531
13 0.229687 0.833203 0.457813 0.0820312
14 0.123828 0.160156 0.247656 0.320312
