0 0.330469 0.439844 0.217188 0.21875
1 0.330469 0.396875 0.217188 0.132812
2 0.327344 0.498437 0.203125 0.101562
3 0.260937 0.499219 0.0421875 0.1
4 0.330859 0.485938 0.0382813 0.034375
4 0.385156 0.482422 0.04375 0.0351562
5 0.462109 0.372656 0.186719 0.0734375
6 0.466797 0.35625 0.177344 0.040625
7 0.153516 0.529297 0.155469 0.0648438
7 0.65625 0.503516 0.460938 0.102344
8 0.341406 0.753906 0.482812 0.417187
9 0.597266 0.652734 0.303906 0.213281
10 0.515625 0.242578 0.79375 0.299219
11 0.212891 0.202734 0.0882813 0.236719
11 0.341797 0.142187 0.0945312 0.190625
12 0.783984 0.765234 0.139844 0.242969
13 0.455078 0.573438 0.0273438 0.0296875
13 0.416406 0.613672 0.0296875 0.0242188
13 0.372266 0.662891 0.0382813 0.0320312
13 0.423047 0.677734 0.0289063 0.0257812
13 0.382422 0.708203 0.0335937 0.0335937
13 0.385156 0.770703 0.040625 0.0367188
13 0.436719 0.745313 0.0265625 0.0265625
14 0.848047 0.11875 0.189844 0.167187
