0 0.407813 0.366406 0.435937 0.339062
1 0.408203 0.286328 0.435156 0.175781
2 0.406641 0.447266 0.432031 0.178906
3 0.241797 0.466016 0.0523438 0.107031
4 0.360938 0.435156 0.0796875 0.0953125
4 0.516406 0.425391 0.1 0.0882813
5 0.591797 0.176563 0.0742188 0.173437
6 0.595313 0.142187 0.065625 0.104688
7 0.407031 0.687891 0.642188 0.128906
8 0.148438 0.553125 0.2375 0.0734375
9 0.25 0.884375 0.34375 0.170313
10 0.4625 0.172656 0.75 0.195312
11 0.815234 0.746875 0.177344 0.410938
12 0.761719 0.889453 0.0625 0.0726563
12 0.917188 0.880078 0.0609375 0.0867187
13 0.557813 0.947266 0.0546875 0.0273438
13 0.654297 0.944922 0.0414062 0.0367188
13 0.745313 0.944922 0.046875 0.0273438
13 0.941406 0.933984 0.0546875 0.0273438
14 0.883594 0.123438 0.195312 0.184375
