0 0.414453 0.24375 0.377344 0.451562
1 0.419531 0.132812 0.365625 0.226562
2 0.414062 0.34375 0.376563 0.248438
3 0.407031 0.426563 0.04375 0.075
4 0.342578 0.336719 0.0867187 0.0734375
5 0.515234 0.0757812 0.0492187 0.151562
6 0.517188 0.0152344 0.0546875 0.0304687
7 0.117188 0.419141 0.234375 0.0679687
8 0.390234 0.728516 0.263281 0.541406
9 0.763281 0.652344 0.257812 0.13125
10 0.776953 0.0832031 0.199219 0.166406
11 0.767578 0.375781 0.158594 0.2125
12 0.610938 0.584375 0.053125 0.1375
12 0.561328 0.774219 0.0632812 0.1125
12 0.103906 0.632812 0.0578125 0.115625
13 0.154688 0.558984 0.0859375 0.0710937
13 0.300391 0.565625 0.0992187 0.107813
13 0.202344 0.691406 0.0828125 0.0609375
13 0.126172 0.878516 0.133594 0.114844
13 0.521484 0.615234 0.0617188 0.0523438
13 0.668359 0.513672 0.0945312 0.0476562
13 0.744531 0.758984 0.203125 0.102344
13 0.675781 0.885547 0.096875 0.0601563
14 0.125391 0.132031 0.230469 0.204687
