0 0.50625 0.517578 0.585938 0.939844
1 0.519141 0.302344 0.560156 0.278125
2 0.469922 0.702344 0.513281 0.571875
3 0.327734 0.845703 0.228906 0.285156
4 0.564063 0.553516 0.214062 0.160156
5 0.429297 0.19375 0.311719 0.378125
6 0.432812 0.0667969 0.304688 0.124219
7 0.116797 0.862891 0.233594 0.113281
8 0.125 0.51875 0.25 0.478125
9 0.857812 0.865234 0.20625 0.158594
10 0.870703 0.526563 0.258594 0.240625
11 0.764844 0.521484 0.0515625 0.121094
12 0.735156 0.766797 0.046875 0.0632812
12 0.948828 0.699219 0.0476562 0.0765625
13 0.715625 0.937891 0.040625 0.0257812
13 0.933984 0.951562 0.0414062 0.025
13 0.837891 0.690625 0.0585938 0.0375
14 0.826562 0.145313 0.275 0.239063
