0 0.444922 0.375 0.363281 0.479687
1 0.443359 0.286719 0.360156 0.3
2 0.453125 0.513281 0.254688 0.201563
3 0.511328 0.532422 0.0648438 0.122656
4 0.403516 0.474609 0.0742188 0.0476562
5 0.640234 0.137891 0.288281 0.274219
6 0.658203 0.0746094 0.250781 0.144531
7 0.671094 0.5375 0.290625 0.296875
7 0.233594 0.571094 0.226562 0.273438
8 0.271875 0.779297 0.54375 0.392969
9 0.843359 0.683594 0.235156 0.078125
10 0.805859 0.16875 0.388281 0.189062
11 0.166406 0.262891 0.270313 0.449219
12 0.858594 0.515234 0.078125 0.110156
12 0.914062 0.537891 0.053125 0.0835937
12 0.948047 0.506641 0.0632812 0.146094
13 0.680078 0.689063 0.0304687 0.0265625
13 0.883594 0.760547 0.0296875 0.0179687
13 0.580469 0.750391 0.05625 0.0273438
13 0.741797 0.777734 0.0429688 0.0320312
13 0.45625 0.840625 0.0484375 0.0375
13 0.56875 0.903906 0.04375 0.03125
13 0.760156 0.915234 0.05 0.0320312
13 0.883594 0.894141 0.0265625 0.0257812
14 0.889062 0.0597656 0.153125 0.119531
