0 0.463281 0.707422 0.278125 0.578906
1 0.465625 0.525391 0.240625 0.213281
2 0.465234 0.792188 0.277344 0.407813
3 0.439063 0.903125 0.123438 0.176563
4 0.409766 0.694141 0.0429688 0.0695313
4 0.530078 0.682031 0.0445313 0.05
5 0.712891 0.396094 0.372656 0.28125
6 0.741406 0.331641 0.317188 0.155469
7 0.179297 0.730078 0.336719 0.122656
8 0.659766 0.869922 0.189844 0.217969
9 0.920703 0.877734 0.136719 0.132031
10 0.239844 0.455078 0.417187 0.366406
11 0.823828 0.758203 0.244531 0.475781
12 0.140625 0.855078 0.0765625 0.149219
12 0.242578 0.866797 0.0804688 0.150781
13 0.129297 0.952734 0.0726563 0.0335937
13 0.241797 0.957031 0.0710937 0.0265625
14 0.869922 0.115625 0.232031 0.23125
