0 0.430469 0.541016 0.560937 0.917969
1 0.425 0.295312 0.5 0.407813
2 0.432031 0.723828 0.554688 0.552344
3 0.432031 0.937109 0.0890625 0.125781
4 0.286719 0.655469 0.135937 0.140625
5 0.538281 0.119141 0.129688 0.238281
6 0.563281 0.0503906 0.0796875 0.100781
7 0.0875 0.945703 0.175 0.108594
7 0.836719 0.932422 0.326562 0.135156
8 0.641406 0.193359 0.107813 0.386719
9 0.845313 0.475 0.309375 0.214062
10 0.142969 0.163281 0.273438 0.29375
11 0.842969 0.711719 0.164062 0.265625
12 0.741406 0.675 0.0828125 0.114062
13 0.0875 0.617969 0.175 0.5375
13 0.834375 0.809375 0.33125 0.210938
14 0.878906 0.117188 0.204687 0.204687
