0 0.430859 0.182422 0.508594 0.364844
1 0.432031 0.101172 0.507812 0.128906
2 0.420703 0.255859 0.396094 0.221094
3 0.416016 0.300781 0.124219 0.125
4 0.314453 0.215625 0.0851563 0.0765625
4 0.557813 0.207031 0.0875 0.0828125
5 0.273828 0.0347656 0.107031 0.0695313
6 0.270313 0.0347656 0.101562 0.0695313
7 0.117578 0.301563 0.225781 0.135937
8 0.432031 0.614453 0.201563 0.517969
9 0.683203 0.594922 0.203906 0.175781
10 0.104297 0.071875 0.208594 0.14375
10 0.7875 0.0601563 0.425 0.120313
11 0.812109 0.219141 0.224219 0.328906
12 0.871094 0.491406 0.0875 0.126562
13 0.166406 0.451562 0.31875 0.159375
13 0.726172 0.412891 0.517969 0.0929688
14 0.103906 0.114453 0.132812 0.150781
