0 0.451953 0.267188 0.305469 0.329688
1 0.451562 0.207422 0.29375 0.125781
2 0.451172 0.338281 0.303906 0.185938
3 0.380078 0.353125 0.0585938 0.135937
4 0.523047 0.314453 0.0976562 0.0914062
5 0.403125 0.116797 0.159375 0.233594
6 0.403516 0.0523438 0.157031 0.104688
7 0.527734 0.522266 0.425781 0.175781
8 0.166406 0.526172 0.264062 0.300781
9 0.662891 0.783594 0.310156 0.31875
10 0.758594 0.169141 0.409375 0.338281
11 0.852734 0.126953 0.117969 0.202344
12 0.501172 0.0835937 0.0664062 0.0875
12 0.626563 0.189062 0.0703125 0.096875
12 0.724219 0.296875 0.05625 0.0890625
12 0.863281 0.370312 0.071875 0.09375
13 0.162109 0.720313 0.108594 0.0953125
13 0.257031 0.888672 0.13125 0.0976562
13 0.457813 0.805469 0.0921875 0.1
13 0.906641 0.694922 0.125781 0.114844
14 0.130078 0.177734 0.258594 0.355469
