0 0.198828 0.54375 0.183594 0.271875
1 0.198437 0.476562 0.182812 0.139063
2 0.198437 0.607031 0.182812 0.14375
3 0.235937 0.634375 0.0546875 0.08125
4 0.166016 0.602344 0.0632812 0.0578125
4 0.233594 0.507031 0.104688 0.0703125
5 0.251953 0.398438 0.0476562 0.201563
6 0.253906 0.355078 0.0515625 0.110156
7 0.0898438 0.460156 0.159375 0.160938
7 0.0964844 0.818359 0.171094 0.196094
7 0.435547 0.477734 0.192969 0.122656
8 0.491797 0.762891 0.592969 0.186719
9 0.533594 0.649219 0.189062 0.170313
10 0.5 0.276172 1 0.257031
11 0.840625 0.656641 0.31875 0.546094
12 0.819922 0.907031 0.0554687 0.0796875
12 0.872656 0.883203 0.053125 0.0960938
13 0.495703 0.950391 0.985156 0.0976562
14 0.160938 0.145703 0.275 0.274219
