0 0.479297 0.312109 0.399219 0.372656
1 0.475 0.214844 0.3875 0.173437
2 0.483594 0.353906 0.384375 0.2875
3 0.472656 0.366016 0.0921875 0.246094
4 0.376953 0.323437 0.114844 0.107813
4 0.601562 0.276172 0.154688 0.132031
5 0.658594 0.109375 0.126562 0.204687
6 0.677344 0.0679687 0.0890625 0.123438
7 0.166016 0.632422 0.292969 0.157031
8 0.371875 0.63125 0.1375 0.315625
9 0.751172 0.640625 0.261719 0.228125
10 0.221484 0.118359 0.360156 0.207031
10 0.812109 0.0730469 0.199219 0.146094
11 0.200391 0.320312 0.247656 0.353125
12 0.0839844 0.832812 0.0789062 0.13125
12 0.788281 0.40625 0.0421875 0.0828125
12 0.850391 0.389062 0.0492187 0.0890625
13 0.701562 0.823828 0.367188 0.138281
13 0.407031 0.951953 0.107813 0.0945312
13 0.338672 0.960547 0.0726563 0.0789062
13 0.232422 0.846094 0.0992187 0.05
13 0.225391 0.919922 0.113281 0.0351562
14 0.478516 0.0980469 0.283594 0.196094
