0 0.557813 0.453516 0.479687 0.533594
1 0.549219 0.339844 0.457813 0.125
2 0.560156 0.549609 0.473438 0.341406
3 0.428516 0.605078 0.103906 0.189844
4 0.614453 0.455469 0.124219 0.0875
5 0.703516 0.187891 0.0992187 0.192969
6 0.708203 0.139453 0.0882813 0.0945312
7 0.495312 0.874219 0.990625 0.251563
8 0.888672 0.401562 0.222656 0.803125
9 0.176953 0.266797 0.353906 0.433594
10 0.460547 0.0804688 0.205469 0.160938
11 0.202344 0.489844 0.232813 0.417187
12 0.139453 0.466797 0.0523438 0.0601563
12 0.26875 0.447266 0.0515625 0.0523438
12 0.213672 0.380469 0.0523438 0.0625
13 0.512109 0.756641 0.933594 0.174219
13 0.153125 0.944141 0.170313 0.111719
14 0.660547 0.0550781 0.177344 0.110156
