0 0.454297 0.376563 0.566406 0.539062
1 0.453516 0.275 0.561719 0.304688
2 0.457813 0.519531 0.521875 0.25
3 0.660937 0.594531 0.053125 0.096875
4 0.274219 0.454688 0.0515625 0.0546875
4 0.378906 0.462109 0.05 0.0570312
4 0.483203 0.460938 0.0585938 0.0546875
5 0.305469 0.0878906 0.053125 0.155469
6 0.304297 0.0582031 0.0492187 0.0945312
7 0.291406 0.864453 0.345313 0.166406
7 0.530469 0.875 0.134375 0.1125
8 0.511719 0.813672 0.714063 0.372656
9 0.560937 0.710547 0.115625 0.102344
10 0.76875 0.162109 0.4625 0.247656
11 0.105859 0.557422 0.211719 0.446094
12 0.335547 0.721875 0.0367188 0.0765625
12 0.484766 0.66875 0.0523438 0.084375
13 0.251172 0.759766 0.157031 0.0539063
13 0.237109 0.676562 0.0789062 0.0375
13 0.358984 0.666406 0.0742188 0.034375
13 0.433594 0.710156 0.0640625 0.040625
13 0.397656 0.775 0.1 0.05
13 0.540625 0.791016 0.0734375 0.0429688
13 0.669531 0.741406 0.0734375 0.040625
13 0.651953 0.674219 0.0726563 0.040625
14 0.0460938 0.0445313 0.0921875 0.0890625
