0 0.407813 0.274219 0.603125 0.423438
1 0.400391 0.213672 0.580469 0.139844
2 0.407031 0.362109 0.596875 0.228906
3 0.635547 0.369922 0.0601563 0.133594
4 0.204687 0.342969 0.0828125 0.0734375
4 0.289062 0.344922 0.0734375 0.0742188
4 0.612891 0.213281 0.0398437 0.05
5 0.292578 0.0949219 0.108594 0.189844
6 0.291406 0.0476562 0.10625 0.0953125
7 0.369141 0.527734 0.464844 0.107031
8 0.638281 0.716016 0.254688 0.567969
9 0.878906 0.776953 0.242188 0.446094
10 0.117188 0.142969 0.234375 0.285938
11 0.929297 0.302734 0.141406 0.238281
12 0.145703 0.631641 0.0648438 0.132031
12 0.381641 0.632422 0.0695313 0.121094
13 0.228906 0.675391 0.0796875 0.0414062
13 0.318359 0.678125 0.0570312 0.0453125
13 0.452344 0.672656 0.0640625 0.0375
14 0.762891 0.0867187 0.183594 0.173437
