0 0.476562 0.370703 0.560937 0.621094
1 0.476562 0.272656 0.565625 0.365625
2 0.473438 0.460938 0.548438 0.448437
3 0.441797 0.582812 0.127344 0.184375
4 0.386328 0.3875 0.110156 0.0875
4 0.617188 0.444531 0.107813 0.1
5 0.660156 0.127734 0.3 0.255469
6 0.7 0.0398437 0.209375 0.0796875
7 0.857812 0.374219 0.284375 0.110937
7 0.140625 0.382812 0.28125 0.103125
8 0.385156 0.820703 0.24375 0.358594
9 0.753125 0.804297 0.398438 0.294531
10 0.499609 0.138281 0.999219 0.276562
11 0.858203 0.256641 0.199219 0.285156
11 0.964453 0.264844 0.0710937 0.235937
12 0.905469 0.59375 0.075 0.1
12 0.0851563 0.809375 0.0734375 0.0859375
13 0.812891 0.576953 0.0460938 0.0523438
13 0.934766 0.488281 0.0320312 0.04375
13 0.900781 0.6375 0.0296875 0.028125
13 0.589453 0.861328 0.0367188 0.0429688
13 0.230859 0.857812 0.0492187 0.0546875
13 0.130078 0.914844 0.0523438 0.0546875
14 0.275 0.0683594 0.204687 0.136719
