0 0.470313 0.271875 0.403125 0.34375
1 0.471094 0.214844 0.396875 0.192188
2 0.472266 0.353906 0.400781 0.179688
3 0.6375 0.349609 0.0390625 0.0710937
4 0.375391 0.362109 0.107031 0.0820312
4 0.641016 0.225 0.0335937 0.0375
5 0.427734 0.075 0.113281 0.142187
6 0.425391 0.0550781 0.111719 0.102344
7 0.410938 0.428516 0.471875 0.444531
8 0.427344 0.710938 0.779687 0.532813
9 0.848437 0.730078 0.303125 0.539844
10 0.173437 0.177734 0.346875 0.149219
11 0.832031 0.221094 0.2 0.2375
12 0.0546875 0.503125 0.09375 0.176563
13 0.916016 0.453125 0.0273438 0.0375
13 0.857422 0.457813 0.0351562 0.03125
13 0.405469 0.673047 0.04375 0.0304687
13 0.223438 0.657422 0.0421875 0.0257812
13 0.172656 0.733203 0.0375 0.0460938
13 0.103906 0.737109 0.04375 0.0335937
13 0.0722656 0.6375 0.0289063 0.021875
13 0.0449219 0.645312 0.0320312 0.040625
14 0.726172 0.0527344 0.202344 0.105469
