0 0.121875 0.438672 0.160938 0.225781
1 0.126172 0.378516 0.152344 0.103906
2 0.121875 0.480469 0.160938 0.14375
3 0.114844 0.500391 0.0484375 0.0789062
4 0.170703 0.473438 0.0367188 0.0359375
5 0.212109 0.315234 0.108594 0.152344
6 0.216797 0.2875 0.0945312 0.090625
7 0.0214844 0.491406 0.0429688 0.0796875
7 0.260156 0.501953 0.109375 0.0851563
8 0.291016 0.662109 0.396094 0.246094
9 0.405859 0.564844 0.113281 0.14375
10 0.666406 0.422266 0.332813 0.392969
11 0.389453 0.300781 0.167969 0.335938
12 0.287109 0.5625 0.0414062 0.0703125
13 0.121484 0.682422 0.130469 0.0835937
13 0.904687 0.582422 0.117188 0.0554687
14 0.905078 0.0882813 0.183594 0.176563
