0 0.525391 0.313672 0.433594 0.507031
1 0.532031 0.161328 0.410938 0.200781
2 0.536328 0.402734 0.411719 0.328906
3 0.397656 0.461328 0.0671875 0.160156
4 0.527734 0.283984 0.0554687 0.0585938
4 0.629297 0.279687 0.0664062 0.0609375
4 0.701172 0.276953 0.0476562 0.0492187
4 0.519922 0.373437 0.0585938 0.0703125
4 0.624219 0.375391 0.05625 0.0617188
4 0.691016 0.375781 0.0554687 0.0578125
4 0.512891 0.482422 0.0570312 0.0585938
4 0.609766 0.478516 0.0523438 0.0601563
4 0.685156 0.481641 0.05625 0.0664062
5 0.326172 0.138281 0.0617188 0.240625
6 0.323047 0.0414062 0.0554687 0.046875
7 0.714844 0.619531 0.5625 0.110937
7 0.175 0.576562 0.307812 0.0921875
8 0.491406 0.64375 0.982812 0.201563
9 0.226172 0.304688 0.0992187 0.164062
10 0.199609 0.108984 0.205469 0.116406
11 0.105078 0.329688 0.172656 0.38125
11 0.859766 0.275781 0.132031 0.265625
12 0.423438 0.0867187 0.046875 0.0609375
12 0.731641 0.111719 0.0445313 0.05625
13 0.851562 0.521484 0.176563 0.0726563
13 0.261719 0.482422 0.10625 0.0773438
14 0.885938 0.0828125 0.135937 0.145313
