0 0.521875 0.302734 0.389062 0.335156
1 0.521484 0.207422 0.389844 0.144531
2 0.503516 0.367188 0.275781 0.20625
3 0.515234 0.408203 0.102344 0.113281
4 0.521484 0.308203 0.172656 0.0695313
4 0.510938 0.199219 0.0921875 0.084375
5 0.678125 0.125781 0.13125 0.21875
6 0.679297 0.0671875 0.128906 0.101562
7 0.391016 0.678906 0.133594 0.446875
8 0.720703 0.725781 0.558594 0.548438
9 0.778906 0.503516 0.245312 0.241406
10 0.211719 0.135156 0.378125 0.178125
11 0.836719 0.218359 0.254688 0.292969
12 0.733203 0.311328 0.0851563 0.0960938
12 0.930078 0.322656 0.105469 0.140625
13 0.632422 0.514453 0.0476562 0.0460938
13 0.646484 0.612891 0.0835937 0.0476562
13 0.947656 0.467578 0.0625 0.0398437
13 0.916016 0.59375 0.0664062 0.0484375
14 0.237891 0.0777344 0.119531 0.135156
