0 0.283984 0.414062 0.457031 0.535937
1 0.284766 0.291016 0.458594 0.283594
2 0.282422 0.535937 0.357031 0.289062
3 0.282422 0.607031 0.108594 0.148438
4 0.153125 0.521875 0.05625 0.053125
4 0.380859 0.519531 0.0976562 0.109375
4 0.283594 0.330078 0.0984375 0.113281
5 0.132812 0.223438 0.0984375 0.209375
6 0.133203 0.166797 0.0867187 0.0960938
7 0.311719 0.657031 0.623437 0.13125
8 0.280469 0.805469 0.457813 0.154688
9 0.596875 0.822266 0.178125 0.133594
10 0.738672 0.271875 0.494531 0.207813
11 0.775391 0.699219 0.347656 0.451562
12 0.117578 0.921484 0.0476562 0.0492187
12 0.235156 0.965625 0.0453125 0.053125
12 0.419531 0.9125 0.046875 0.05
12 0.607812 0.965625 0.04375 0.0453125
12 0.651172 0.909766 0.0523438 0.0476562
13 0.500391 0.860156 0.999219 0.279687
14 0.898828 0.0972656 0.202344 0.194531
