0 0.494922 0.394922 0.327344 0.300781
1 0.494922 0.325391 0.327344 0.161719
2 0.490625 0.462109 0.226562 0.167969
3 0.498437 0.480859 0.075 0.107031
4 0.492578 0.325391 0.0554687 0.0632812
5 0.592187 0.224609 0.115625 0.158594
6 0.591797 0.187891 0.114844 0.0851563
7 0.682031 0.479687 0.120313 0.078125
8 0.5 0.747266 0.0765625 0.424219
9 0.249219 0.683594 0.229687 0.225
10 0.781641 0.181641 0.428906 0.266406
10 0.205859 0.399219 0.328906 0.184375
11 0.785547 0.325 0.261719 0.354687
12 0.70625 0.727344 0.0703125 0.135937
13 0.582031 0.788672 0.0359375 0.0210938
13 0.825391 0.855078 0.0429688 0.0242188
13 0.814063 0.563672 0.0328125 0.0148437
13 0.298828 0.841797 0.0320312 0.0164063
13 0.0996094 0.839844 0.0335937 0.0203125
13 0.199219 0.524219 0.329688 0.0421875
14 0.285547 0.246094 0.185156 0.235937
