0 0.519922 0.307812 0.336719 0.445312
1 0.51875 0.190234 0.323437 0.211719
2 0.520312 0.395703 0.334375 0.267969
3 0.494531 0.468359 0.0828125 0.121094
4 0.407031 0.445312 0.0546875 0.0453125
4 0.586719 0.44375 0.05 0.0484375
5 0.408203 0.135937 0.0773438 0.271875
6 0.410156 0.0664062 0.071875 0.132812
7 0.232031 0.726172 0.464062 0.319531
7 0.798047 0.710156 0.403906 0.309375
8 0.503516 0.760156 0.203906 0.479687
9 0.183984 0.284375 0.211719 0.2125
10 0.858203 0.0800781 0.283594 0.128906
11 0.83125 0.340234 0.139063 0.246094
12 0.864062 0.529687 0.0609375 0.09375
12 0.926172 0.522656 0.0492187 0.0734375
12 0.895703 0.448437 0.0523438 0.065625
13 0.169531 0.513672 0.217188 0.172656
13 0.736719 0.547266 0.173437 0.122656
14 0.0660156 0.059375 0.132031 0.11875
