0 0.394141 0.271875 0.457031 0.476562
1 0.393359 0.209766 0.455469 0.300781
2 0.414453 0.389844 0.366406 0.242188
3 0.421094 0.460156 0.0796875 0.09375
4 0.313281 0.398047 0.0734375 0.0585938
4 0.521484 0.383203 0.0664062 0.0507812
5 0.214844 0.053125 0.135937 0.10625
6 0.192969 0.0191406 0.0921875 0.0382813
7 0.141016 0.482812 0.161719 0.090625
7 0.151562 0.604297 0.21875 0.0539063
7 0.670703 0.470313 0.110156 0.0671875
7 0.670312 0.55 0.171875 0.0359375
7 0.860938 0.499219 0.21875 0.05625
8 0.603516 0.623437 0.622656 0.23125
9 0.2 0.812109 0.278125 0.244531
10 0.103125 0.134375 0.185938 0.190625
10 0.830859 0.126562 0.336719 0.19375
11 0.790234 0.380859 0.155469 0.232031
11 0.932031 0.375781 0.123438 0.2125
12 0.657031 0.861719 0.0625 0.109375
12 0.728125 0.864844 0.0671875 0.110937
12 0.795703 0.865625 0.0742188 0.13125
13 0.389062 0.753516 0.040625 0.0226562
13 0.426172 0.883203 0.0367188 0.0273438
13 0.611328 0.766797 0.0445313 0.0210938
13 0.566406 0.914062 0.0375 0.0203125
13 0.925 0.788672 0.0453125 0.0226562
13 0.883984 0.903906 0.0414062 0.025
14 0.615625 0.0757812 0.151562 0.139063
