0 0.241406 0.663281 0.328125 0.490625
1 0.225391 0.556641 0.291406 0.275781
2 0.241406 0.765234 0.329688 0.283594
3 0.326562 0.803516 0.0625 0.110156
4 0.199219 0.778906 0.104688 0.1
4 0.208984 0.547266 0.0617188 0.0851563
5 0.171484 0.29375 0.233594 0.495312
6 0.167578 0.23125 0.227344 0.370312
7 0.2375 0.859375 0.43125 0.1625
8 0.485547 0.941406 0.938281 0.1125
9 0.605469 0.857031 0.196875 0.065625
10 0.849219 0.636719 0.301563 0.554688
11 0.475391 0.728125 0.166406 0.242188
12 0.517578 0.895312 0.0320312 0.040625
12 0.698828 0.874219 0.0320312 0.059375
12 0.755469 0.85625 0.040625 0.0625
12 0.805859 0.839844 0.0414062 0.05
13 0.528516 0.924219 0.813281 0.0875
14 0.860547 0.116016 0.277344 0.232031
