0 0.410547 0.514062 0.353906 0.482812
1 0.409766 0.413281 0.350781 0.282813
2 0.412109 0.633594 0.274219 0.239063
3 0.4125 0.677734 0.071875 0.149219
4 0.332031 0.578906 0.0640625 0.06875
4 0.495312 0.575781 0.065625 0.0625
4 0.409766 0.537109 0.0445313 0.0539063
5 0.511328 0.259766 0.111719 0.357031
6 0.512109 0.183594 0.111719 0.204687
7 0.420703 0.528516 0.586719 0.697656
8 0.414062 0.857422 0.0734375 0.219531
9 0.867188 0.130469 0.195312 0.251563
10 0.508984 0.251563 0.947656 0.485938
11 0.800781 0.552734 0.15 0.233594
12 0.738672 0.790625 0.0601563 0.109375
13 0.192969 0.888281 0.317188 0.14375
14 0.888672 0.780469 0.180469 0.220312
