0 0.174609 0.544922 0.191406 0.333594
1 0.162891 0.469141 0.164844 0.158594
2 0.153906 0.621094 0.151562 0.179688
3 0.196094 0.683594 0.0328125 0.05625
4 0.138672 0.575781 0.0585938 0.053125
5 0.249219 0.39375 0.0984375 0.2
6 0.26875 0.339453 0.0578125 0.0898438
7 0.6875 0.550781 0.182812 0.15
8 0.468359 0.779297 0.510156 0.441406
9 0.798438 0.794531 0.295312 0.146875
10 0.498047 0.192969 0.996094 0.2125
11 0.892969 0.498828 0.154688 0.297656
12 0.503906 0.572266 0.128125 0.205469
13 0.559375 0.753125 0.0796875 0.040625
13 0.187891 0.882422 0.0726563 0.0320312
14 0.912891 0.0582031 0.108594 0.0960938
