0 0.405859 0.521094 0.538281 0.603125
1 0.41875 0.363672 0.504687 0.288281
2 0.406641 0.644531 0.536719 0.35625
3 0.482031 0.707031 0.110937 0.220312
4 0.378125 0.373047 0.104688 0.128906
4 0.250391 0.626172 0.121094 0.127344
5 0.237891 0.280859 0.0851563 0.244531
6 0.228906 0.205859 0.0359375 0.0945312
7 0.0710937 0.766016 0.142187 0.102344
7 0.805078 0.776172 0.388281 0.185156
8 0.378516 0.899219 0.122656 0.201563
9 0.802734 0.522266 0.274219 0.236719
10 0.785156 0.253906 0.429688 0.309375
10 0.150391 0.317578 0.300781 0.280469
11 0.0710937 0.604297 0.115625 0.230469
12 0.689453 0.900391 0.0710937 0.119531
12 0.616016 0.895703 0.0820312 0.122656
12 0.548438 0.866016 0.065625 0.0976562
13 0.950781 0.945312 0.0421875 0.08125
13 0.875781 0.920703 0.053125 0.0992187
13 0.778125 0.912891 0.0515625 0.0773438
13 0.503125 0.951172 0.05 0.0757812
13 0.286328 0.957031 0.0476562 0.075
13 0.223438 0.840234 0.0578125 0.0820312
13 0.165234 0.930469 0.0929688 0.0609375
13 0.0597656 0.957812 0.0539063 0.0484375
13 0.034375 0.874219 0.0375 0.0796875
14 0.402344 0.130859 0.354687 0.257031
