0 0.238281 0.238281 0.190625 0.26875
1 0.238281 0.164062 0.190625 0.110937
2 0.249219 0.286719 0.170313 0.170313
3 0.282031 0.330469 0.046875 0.0796875
4 0.233984 0.255078 0.0710937 0.0460938
5 0.328125 0.0871094 0.0921875 0.169531
6 0.328516 0.0566406 0.0914062 0.110156
7 0.251563 0.409766 0.370312 0.203906
7 0.480078 0.198437 0.0679687 0.10625
8 0.472266 0.5 0.944531 1
9 0.598828 0.0789062 0.139844 0.148438
10 0.225391 0.123828 0.450781 0.192969
11 0.835547 0.749219 0.319531 0.501563
12 0.109375 0.905469 0.075 0.115625
13 0.129688 0.544922 0.034375 0.0351562
13 0.206641 0.54375 0.0351562 0.0296875
13 0.307422 0.539062 0.0289063 0.028125
13 0.386719 0.492188 0.025 0.0234375
14 0.173828 0.0710937 0.0929688 0.065625
