0 0.435937 0.403906 0.282813 0.390625
1 0.43125 0.327734 0.273438 0.196094
2 0.435547 0.505078 0.278906 0.188281
3 0.423438 0.549219 0.0671875 0.096875
4 0.348047 0.53125 0.0679687 0.0765625
4 0.519141 0.523828 0.0726563 0.0742188
5 0.522266 0.221484 0.147656 0.225781
6 0.532813 0.159766 0.125 0.100781
7 0.279687 0.683203 0.259375 0.113281
7 0.573828 0.669531 0.130469 0.103125
8 0.363672 0.793359 0.286719 0.413281
9 0.774219 0.847656 0.234375 0.2125
10 0.158984 0.138672 0.317969 0.183594
11 0.851953 0.432031 0.203906 0.385937
12 0.753906 0.653125 0.040625 0.0890625
12 0.695703 0.651563 0.0523438 0.0890625
13 0.610938 0.779687 0.059375 0.0703125
13 0.586719 0.857812 0.046875 0.059375
13 0.914453 0.839063 0.0398437 0.0515625
14 0.861328 0.10625 0.153906 0.175
