0 0.46875 0.322266 0.796875 0.471094
1 0.469531 0.296094 0.792188 0.24375
2 0.473047 0.463281 0.774219 0.1875
3 0.801172 0.479687 0.0601563 0.0984375
4 0.158984 0.453516 0.0445313 0.0382813
4 0.246094 0.452344 0.053125 0.040625
4 0.321094 0.44375 0.0453125 0.0375
4 0.404687 0.440234 0.053125 0.0429688
4 0.487109 0.433984 0.0539063 0.0429688
4 0.571875 0.428906 0.0453125 0.040625
4 0.667578 0.423828 0.0539063 0.0429688
5 0.29375 0.123047 0.2875 0.202344
6 0.312891 0.0636719 0.249219 0.0820312
7 0.501172 0.613672 0.997656 0.0835937
8 0.5 0.14375 1 0.239063
9 0.0542969 0.534375 0.0835937 0.0890625
10 0.678516 0.825781 0.642969 0.321875
11 0.917969 0.315625 0.164062 0.442188
12 0.139453 0.858203 0.166406 0.283594
13 0.551953 0.564844 0.819531 0.06875
14 0.703516 0.691016 0.146094 0.122656
