0 0.444141 0.231641 0.335156 0.455469
1 0.446875 0.0964844 0.326562 0.183594
2 0.441406 0.311719 0.33125 0.29375
3 0.391406 0.396875 0.0703125 0.117188
4 0.516016 0.324219 0.0632812 0.0734375
5 0.340234 0.0597656 0.0617188 0.119531
6 0.340234 0.0292969 0.0601563 0.0585938
7 0.163281 0.578516 0.326562 0.133594
8 0.384766 0.723828 0.144531 0.552344
9 0.132422 0.242188 0.150781 0.178125
10 0.146875 0.10625 0.284375 0.182812
10 0.777344 0.157812 0.432812 0.315625
11 0.819141 0.43125 0.278906 0.310937
12 0.178125 0.8375 0.0734375 0.115625
12 0.633203 0.719531 0.0710937 0.0921875
12 0.766406 0.780469 0.0765625 0.15
13 0.173047 0.748437 0.260156 0.0984375
13 0.264062 0.842969 0.084375 0.0546875
13 0.14375 0.921094 0.185938 0.0515625
13 0.613281 0.834375 0.239063 0.075
13 0.605469 0.586328 0.245312 0.0648438
13 0.858203 0.678125 0.203906 0.09375
14 0.946875 0.0449219 0.10625 0.0898438
