0 0.483984 0.352344 0.314844 0.315625
1 0.491797 0.305078 0.294531 0.116406
2 0.482422 0.419531 0.311719 0.182812
3 0.587109 0.455859 0.0898438 0.105469
4 0.383984 0.399219 0.0320312 0.03125
4 0.476172 0.416797 0.0335937 0.0367188
5 0.464062 0.130469 0.08125 0.25625
6 0.470313 0.0976562 0.065625 0.189062
7 0.308203 0.950391 0.614844 0.0992187
8 0.433203 0.634375 0.527344 0.228125
9 0.815234 0.772656 0.369531 0.454688
10 0.144922 0.224219 0.289844 0.442188
11 0.823828 0.394922 0.202344 0.328906
12 0.155469 0.839453 0.084375 0.114844
12 0.325391 0.823047 0.0757812 0.138281
12 0.419531 0.865625 0.0546875 0.109375
13 0.119141 0.712109 0.0710937 0.0195312
13 0.242969 0.863281 0.0671875 0.021875
13 0.383203 0.808984 0.0445313 0.0195312
13 0.505859 0.858203 0.0507812 0.0289063
13 0.603516 0.796094 0.0539063 0.021875
14 0.842187 0.0730469 0.078125 0.0679687
