0 0.44375 0.438281 0.4875 0.578125
1 0.442188 0.364844 0.482812 0.265625
2 0.421094 0.571875 0.420312 0.307812
3 0.316406 0.607812 0.0921875 0.123438
4 0.522656 0.541406 0.13125 0.078125
5 0.627344 0.141406 0.210938 0.209375
6 0.657813 0.090625 0.15 0.107813
7 0.426563 0.839844 0.714063 0.204687
8 0.836719 0.507031 0.189062 0.490625
9 0.103516 0.375781 0.164844 0.167187
10 0.517188 0.107813 0.934375 0.215625
11 0.13125 0.574219 0.2 0.2875
12 0.60625 0.689844 0.06875 0.121875
12 0.671875 0.685937 0.06875 0.117188
13 0.36875 0.709375 0.365625 0.0921875
14 0.164062 0.142578 0.325 0.285156
