0 0.713281 0.466797 0.434375 0.488281
1 0.7125 0.382812 0.423438 0.239063
2 0.714063 0.558203 0.435937 0.296094
3 0.664844 0.648438 0.090625 0.121875
4 0.622266 0.445312 0.0632812 0.059375
4 0.775781 0.532422 0.0453125 0.0710937
4 0.851562 0.494531 0.0546875 0.06875
5 0.833203 0.15 0.214844 0.3
6 0.829688 0.111719 0.209375 0.223438
7 0.464844 0.622656 0.228125 0.464062
8 0.520312 0.857812 0.901563 0.284375
9 0.124609 0.667969 0.249219 0.389062
10 0.376563 0.148438 0.664062 0.157812
11 0.310156 0.420703 0.159375 0.383594
12 0.358594 0.841016 0.059375 0.0945312
12 0.249609 0.836719 0.0507812 0.0875
13 0.571094 0.775 0.025 0.03125
13 0.616016 0.732422 0.0289063 0.0289063
13 0.554688 0.73125 0.025 0.0328125
13 0.45625 0.620703 0.028125 0.0289063
13 0.43125 0.653906 0.01875 0.025
14 0.397266 0.0589844 0.132031 0.117969
