0 0.773438 0.339844 0.3625 0.554688
1 0.773828 0.198047 0.361719 0.271094
2 0.779687 0.463281 0.307812 0.304688
3 0.691406 0.521875 0.0671875 0.178125
4 0.714453 0.226562 0.0804688 0.084375
4 0.842969 0.377344 0.103125 0.059375
5 0.901563 0.162891 0.0734375 0.196094
6 0.901563 0.125 0.0734375 0.120313
7 0.510547 0.521875 0.222656 0.1875
8 0.335938 0.405078 0.604688 0.191406
9 0.626563 0.83125 0.746875 0.3
10 0.348047 0.269922 0.652344 0.324219
11 0.10625 0.778906 0.135937 0.271875
11 0.232813 0.682422 0.126562 0.283594
11 0.346484 0.579297 0.157031 0.313281
12 0.578516 0.599219 0.0585938 0.06875
12 0.525781 0.611719 0.0515625 0.075
12 0.475 0.629687 0.0609375 0.0890625
13 0.402344 0.695703 0.0578125 0.0460938
13 0.299609 0.736328 0.0585938 0.0476562
13 0.271484 0.796094 0.0539063 0.05
13 0.178906 0.845313 0.0625 0.0546875
13 0.149219 0.910547 0.053125 0.0429688
14 0.117188 0.1 0.18125 0.2
