0 0.467578 0.380859 0.402344 0.307031
1 0.467187 0.328906 0.403125 0.204687
2 0.460547 0.458594 0.302344 0.153125
3 0.342969 0.499609 0.0484375 0.0695313
4 0.402344 0.440234 0.05625 0.0601563
4 0.5 0.424609 0.0640625 0.0648438
5 0.598047 0.207813 0.157031 0.173437
6 0.604297 0.182422 0.144531 0.121094
7 0.540625 0.587891 0.271875 0.105469
8 0.237891 0.588281 0.208594 0.165625
9 0.670312 0.774609 0.629687 0.427344
10 0.5 0.258203 1 0.516406
11 0.847656 0.308203 0.16875 0.217969
12 0.792188 0.480469 0.0890625 0.109375
12 0.896875 0.465625 0.0796875 0.1375
13 0.234766 0.723047 0.0867187 0.0570312
13 0.239844 0.228125 0.0890625 0.0671875
13 0.745313 0.221094 0.0703125 0.06875
14 0.0980469 0.0953125 0.196094 0.190625
