0 0.384766 0.264844 0.444531 0.484375
1 0.384375 0.233984 0.445312 0.186719
2 0.404297 0.387891 0.405469 0.235156
3 0.308984 0.418359 0.0695313 0.139844
4 0.476953 0.353125 0.174219 0.096875
5 0.496094 0.0816406 0.221875 0.163281
6 0.496484 0.0378906 0.222656 0.0757812
7 0.125391 0.483203 0.163281 0.103906
7 0.8 0.489063 0.289062 0.1
8 0.499609 0.720703 0.450781 0.480469
9 0.767188 0.682813 0.260937 0.153125
10 0.807813 0.217188 0.298438 0.2
11 0.141016 0.742969 0.149219 0.215625
12 0.723437 0.373437 0.084375 0.132812
12 0.807031 0.398828 0.078125 0.105469
12 0.207813 0.827734 0.0703125 0.127344
12 0.307031 0.831641 0.0828125 0.155469
13 0.479297 0.504687 0.0882813 0.053125
13 0.581641 0.548828 0.113281 0.0492187
14 0.105078 0.114453 0.136719 0.174219
