0 0.657422 0.419141 0.399219 0.441406
1 0.658984 0.364453 0.392969 0.211719
2 0.664453 0.5375 0.300781 0.20625
3 0.663281 0.559375 0.0875 0.153125
4 0.575 0.525391 0.071875 0.0679687
4 0.758984 0.521094 0.0757812 0.059375
5 0.691797 0.194531 0.128906 0.226562
6 0.696484 0.144531 0.116406 0.123438
7 0.40625 0.649219 0.2625 0.185938
7 0.900781 0.580078 0.19375 0.108594
8 0.495703 0.867969 0.977344 0.264062
9 0.136719 0.541016 0.273438 0.244531
10 0.508203 0.263672 0.974219 0.289844
11 0.917578 0.880078 0.116406 0.164844
11 0.905859 0.776172 0.107031 0.185156
11 0.855078 0.719141 0.127344 0.263281
12 0.693359 0.677734 0.0867187 0.0601563
12 0.601562 0.676953 0.0859375 0.0570312
12 0.494922 0.671875 0.0710937 0.0578125
13 0.857422 0.6625 0.0445313 0.046875
13 0.789062 0.66875 0.046875 0.0484375
13 0.643359 0.722656 0.0445313 0.0390625
13 0.550781 0.745703 0.05625 0.0585938
14 0.105469 0.177344 0.175 0.189062
