0 0.447266 0.408594 0.527344 0.615625
1 0.445312 0.268359 0.532813 0.333594
2 0.433984 0.530859 0.472656 0.353906
3 0.430078 0.629687 0.0804688 0.125
4 0.568359 0.481641 0.107031 0.0976562
4 0.308203 0.476953 0.116406 0.122656
5 0.598828 0.183984 0.0914062 0.264844
6 0.599219 0.101953 0.0890625 0.0992187
7 0.831641 0.594531 0.336719 0.195312
7 0.114062 0.605859 0.179688 0.171094
8 0.442578 0.845313 0.180469 0.309375
9 0.810547 0.832422 0.378906 0.335156
10 0.141797 0.149219 0.269531 0.285938
10 0.821875 0.196875 0.35625 0.278125
11 0.0882813 0.541016 0.176563 0.571094
12 0.237891 0.825 0.0835937 0.1375
13 0.366406 0.844922 0.678125 0.310156
14 0.135937 0.0890625 0.271875 0.178125
