0 0.596484 0.228516 0.580469 0.457031
1 0.596875 0.107031 0.58125 0.214062
2 0.620313 0.314844 0.384375 0.282813
3 0.620313 0.397656 0.115625 0.0859375
4 0.515234 0.240625 0.0835937 0.0765625
4 0.625781 0.235156 0.06875 0.0515625
4 0.723047 0.224609 0.0773438 0.0585938
5 0.460938 0.0699219 0.0796875 0.139844
6 0.471094 0.0175781 0.059375 0.0351562
7 0.686328 0.642188 0.566406 0.523438
8 0.643359 0.628906 0.146094 0.421875
9 0.210938 0.583594 0.285938 0.457813
10 0.241016 0.164062 0.366406 0.301563
11 0.889844 0.256641 0.0953125 0.142969
12 0.828906 0.554297 0.0671875 0.107031
13 0.794531 0.699609 0.120313 0.0351562
13 0.808203 0.750781 0.144531 0.0359375
14 0.178516 0.0515625 0.122656 0.103125
