0 0.453906 0.308594 0.403125 0.617188
1 0.441797 0.133594 0.372656 0.267188
2 0.458594 0.430078 0.39375 0.374219
3 0.3125 0.482812 0.075 0.19375
4 0.372266 0.326953 0.0554687 0.0539063
4 0.503516 0.332813 0.0570312 0.0578125
5 0.531641 0.0746094 0.114844 0.149219
6 0.542188 0.0214844 0.09375 0.0429688
7 0.141797 0.458594 0.283594 0.28125
8 0.742188 0.758984 0.515625 0.482031
9 0.173047 0.633594 0.207031 0.209375
10 0.737891 0.144141 0.424219 0.174219
11 0.891016 0.391016 0.177344 0.328906
12 0.776563 0.479687 0.075 0.1
13 0.212891 0.864453 0.0882813 0.0304687
13 0.392188 0.707031 0.071875 0.0234375
13 0.879687 0.612109 0.0578125 0.0242188
13 0.938281 0.608594 0.0734375 0.0265625
13 0.733984 0.353906 0.0882813 0.03125
14 0.889844 0.084375 0.209375 0.16875
