0 0.469922 0.421484 0.405469 0.394531
1 0.469531 0.360547 0.403125 0.172656
2 0.471094 0.523828 0.359375 0.189844
3 0.467969 0.557031 0.0625 0.11875
4 0.36875 0.490234 0.0765625 0.0726563
4 0.571094 0.490234 0.078125 0.0664062
5 0.619531 0.195703 0.139063 0.183594
6 0.626953 0.159766 0.124219 0.113281
7 0.203125 0.633984 0.18125 0.0960938
7 0.826953 0.658594 0.346094 0.15
8 0.477734 0.808984 0.847656 0.364844
9 0.253906 0.887109 0.253125 0.146094
10 0.473828 0.143359 0.869531 0.249219
11 0.883984 0.496094 0.117969 0.165625
11 0.113672 0.551953 0.103906 0.144531
12 0.775 0.739844 0.053125 0.0828125
12 0.577344 0.709766 0.053125 0.0835937
13 0.897656 0.7875 0.05625 0.040625
13 0.434375 0.88125 0.0484375 0.046875
13 0.693359 0.955469 0.0476562 0.05
13 0.06875 0.889453 0.078125 0.0523438
14 0.330859 0.0535156 0.100781 0.0976562
