0 0.289062 0.346094 0.30625 0.446875
1 0.288281 0.244531 0.307812 0.24375
2 0.281641 0.437109 0.283594 0.261719
3 0.297656 0.482031 0.145313 0.15625
4 0.295703 0.348438 0.0882813 0.0640625
4 0.185547 0.476562 0.0539063 0.059375
4 0.389844 0.442969 0.0328125 0.04375
5 0.398828 0.135156 0.0914062 0.145313
6 0.400781 0.108984 0.0859375 0.0914062
7 0.516797 0.692969 0.964844 0.25625
8 0.553516 0.280469 0.160156 0.560937
9 0.8 0.207813 0.326562 0.23125
10 0.261719 0.108984 0.467187 0.217969
11 0.784375 0.448047 0.15 0.257031
12 0.0675781 0.559766 0.0367188 0.0789062
12 0.111719 0.557422 0.03125 0.0695313
13 0.0738281 0.335156 0.0898438 0.04375
13 0.0703125 0.383984 0.0828125 0.0492187
13 0.0644531 0.422266 0.0960938 0.0460938
13 0.0566406 0.473047 0.0945312 0.0492187
13 0.270313 0.566797 0.2875 0.0414062
14 0.245312 0.0324219 0.117188 0.0648438
