0 0.319141 0.512109 0.197656 0.205469
1 0.31875 0.473047 0.195312 0.0804688
2 0.312891 0.554688 0.133594 0.11875
3 0.2875 0.584375 0.03125 0.046875
4 0.312891 0.530078 0.0914062 0.0476562
5 0.380078 0.397656 0.107031 0.0859375
6 0.382031 0.38125 0.101562 0.0515625
7 0.163281 0.609766 0.184375 0.105469
7 0.404687 0.560547 0.0703125 0.0429688
8 0.254688 0.738281 0.109375 0.289062
9 0.458203 0.704297 0.152344 0.107031
10 0.535156 0.342578 0.746875 0.225781
11 0.53125 0.520312 0.139063 0.189062
12 0.69375 0.717578 0.0484375 0.100781
12 0.807813 0.721484 0.04375 0.0960938
13 0.690625 0.588281 0.05 0.021875
13 0.700391 0.855078 0.0445313 0.0242188
13 0.441406 0.839453 0.05625 0.0242188
14 0.691797 0.125781 0.0570312 0.0609375
