0 0.220312 0.698828 0.209375 0.532031
1 0.230469 0.529297 0.1875 0.113281
2 0.214453 0.769141 0.200781 0.391406
3 0.199609 0.917188 0.0585938 0.084375
4 0.221875 0.670312 0.104688 0.146875
4 0.246484 0.530469 0.0914062 0.0640625
5 0.376563 0.391406 0.210938 0.240625
6 0.376172 0.352734 0.210156 0.164844
7 0.640234 0.894922 0.719531 0.108594
8 0.350781 0.951172 0.354687 0.0976562
9 0.685547 0.48125 0.250781 0.234375
10 0.5 0.200391 1 0.213281
11 0.0566406 0.757812 0.113281 0.454688
12 0.336328 0.776953 0.0882813 0.167969
13 0.348438 0.582812 0.0484375 0.03125
13 0.440625 0.546094 0.059375 0.034375
13 0.389062 0.63125 0.0625 0.0421875
13 0.471484 0.609375 0.0648438 0.0328125
13 0.509766 0.658203 0.0664062 0.0414062
13 0.606641 0.653906 0.0632812 0.0359375
13 0.59375 0.582812 0.046875 0.0265625
14 0.642578 0.122266 0.146094 0.133594
