0 0.256641 0.573438 0.378906 0.504687
1 0.253516 0.438672 0.367969 0.163281
2 0.277344 0.660156 0.3375 0.329688
3 0.215625 0.691797 0.1375 0.235156
4 0.347266 0.594531 0.0882813 0.103125
5 0.120703 0.269531 0.164844 0.246875
6 0.102344 0.2375 0.126562 0.18125
7 0.247266 0.914453 0.450781 0.171094
7 0.814453 0.921875 0.371094 0.15625
8 0.642188 0.736719 0.38125 0.370312
9 0.562109 0.46875 0.267969 0.203125
10 0.492188 0.214062 0.946875 0.220312
11 0.733594 0.363672 0.0828125 0.235156
11 0.91875 0.345313 0.1 0.239063
12 0.733203 0.788672 0.0710937 0.111719
12 0.803906 0.697656 0.0796875 0.148438
13 0.870703 0.806641 0.0507812 0.0414062
13 0.880859 0.722266 0.0523438 0.0398437
13 0.935937 0.698828 0.0484375 0.0398437
13 0.491016 0.646484 0.0460938 0.0382813
13 0.486719 0.724609 0.046875 0.0429688
14 0.692578 0.0816406 0.241406 0.163281
