0 0.421875 0.287109 0.521875 0.521094
1 0.422656 0.221484 0.521875 0.299219
2 0.408984 0.408203 0.475781 0.278906
3 0.564453 0.447266 0.0929688 0.136719
4 0.351953 0.378516 0.0820312 0.0742188
5 0.225 0.0796875 0.198437 0.159375
6 0.212891 0.046875 0.172656 0.09375
7 0.235937 0.543359 0.471875 0.171094
8 0.462109 0.678516 0.305469 0.341406
9 0.820312 0.421094 0.304688 0.115625
10 0.128516 0.173437 0.249219 0.140625
10 0.700781 0.105859 0.3 0.130469
11 0.716797 0.254297 0.163281 0.307031
12 0.905078 0.321484 0.0523438 0.0898438
13 0.896875 0.562891 0.0484375 0.0226562
13 0.732812 0.604688 0.04375 0.0203125
13 0.179297 0.708984 0.0492187 0.0242188
14 0.85 0.0816406 0.3 0.163281
