0 0.442578 0.449609 0.230469 0.433594
1 0.433203 0.348047 0.210156 0.228906
2 0.441406 0.556641 0.23125 0.219531
3 0.455078 0.606641 0.0820312 0.0945312
4 0.376563 0.511328 0.0578125 0.0460938
4 0.496484 0.5 0.0617188 0.034375
5 0.502734 0.304297 0.0570312 0.194531
6 0.502734 0.238281 0.0570312 0.0609375
7 0.306641 0.541406 0.0789062 0.164062
7 0.607422 0.534375 0.157031 0.167187
8 0.770312 0.736328 0.459375 0.274219
9 0.208984 0.708594 0.244531 0.248438
10 0.5 0.235937 1 0.465625
11 0.866406 0.542578 0.267188 0.432031
12 0.323437 0.640234 0.0328125 0.0367188
13 0.342578 0.666797 0.0414062 0.0273438
13 0.582812 0.599609 0.0703125 0.0226562
14 0.917969 0.0875 0.164062 0.175
