0 0.413672 0.351953 0.283594 0.360156
1 0.411719 0.275 0.278125 0.204687
2 0.412109 0.427344 0.277344 0.207813
3 0.382812 0.467578 0.0515625 0.0867187
4 0.516406 0.385156 0.0359375 0.046875
4 0.336328 0.324609 0.0289063 0.0382813
4 0.380859 0.321484 0.0273438 0.0351562
4 0.424609 0.325781 0.0257812 0.0296875
5 0.536719 0.20625 0.154688 0.123438
6 0.560937 0.184375 0.10625 0.0828125
7 0.141406 0.475781 0.282813 0.090625
7 0.747656 0.463672 0.504687 0.119531
8 0.280078 0.646875 0.267969 0.289062
8 0.716406 0.184766 0.35625 0.369531
9 0.500781 0.639844 0.0890625 0.084375
10 0.251172 0.157812 0.477344 0.315625
11 0.683203 0.651563 0.128906 0.207813
12 0.561328 0.756641 0.0789062 0.0914062
13 0.517578 0.820312 0.964844 0.223438
14 0.885938 0.194141 0.228125 0.288281
