0 0.45625 0.460938 0.407813 0.510938
1 0.462109 0.259766 0.366406 0.107031
2 0.454297 0.505078 0.410156 0.417969
3 0.407813 0.5625 0.084375 0.126562
4 0.377344 0.359375 0.0765625 0.059375
5 0.278906 0.211328 0.107813 0.107031
6 0.262891 0.191406 0.0757812 0.065625
7 0.847266 0.635938 0.305469 0.120313
7 0.145313 0.656641 0.2125 0.100781
8 0.447656 0.811719 0.148438 0.376563
9 0.166406 0.863281 0.190625 0.225
10 0.5 0.144141 1 0.288281
11 0.136328 0.473047 0.244531 0.549219
12 0.704688 0.820312 0.109375 0.184375
13 0.322266 0.810937 0.0851563 0.04375
13 0.591406 0.821484 0.0828125 0.0335937
13 0.836719 0.803125 0.096875 0.05
14 0.121484 0.0410156 0.0820312 0.0820312
