0 0.432812 0.414062 0.279687 0.271875
1 0.428906 0.377344 0.270313 0.176563
2 0.436719 0.449609 0.275 0.199219
3 0.373828 0.508984 0.0539063 0.0695313
4 0.369922 0.417187 0.0664062 0.0515625
4 0.512891 0.447266 0.0554687 0.0664062
5 0.513281 0.224219 0.08125 0.223438
6 0.513672 0.196094 0.0820312 0.165625
7 0.769141 0.310547 0.267969 0.0789062
8 0.514062 0.770312 0.382812 0.457813
9 0.682813 0.629687 0.33125 0.298438
10 0.164844 0.285547 0.248438 0.164844
11 0.164062 0.622656 0.228125 0.359375
12 0.239063 0.846484 0.109375 0.194531
13 0.0757812 0.864453 0.075 0.0507812
13 0.375 0.937891 0.06875 0.0632812
14 0.105078 0.0964844 0.210156 0.191406
