0 0.466016 0.491016 0.314844 0.353906
1 0.466406 0.415234 0.3125 0.100781
2 0.479297 0.547266 0.260156 0.239844
3 0.380859 0.610156 0.0585938 0.114062
4 0.44375 0.498828 0.071875 0.0679687
5 0.488281 0.210547 0.364063 0.394531
6 0.488281 0.168359 0.364063 0.311719
7 0.180469 0.663672 0.28125 0.125781
7 0.818359 0.654687 0.322656 0.115625
8 0.336328 0.834766 0.242969 0.292969
9 0.631641 0.889844 0.158594 0.128125
10 0.478906 0.164062 0.957812 0.28125
11 0.788281 0.464453 0.185938 0.224219
12 0.239063 0.776563 0.06875 0.103125
12 0.417578 0.918359 0.0710937 0.113281
12 0.638281 0.757422 0.0671875 0.0960938
13 0.0648438 0.774609 0.03125 0.0523438
13 0.155469 0.765234 0.0296875 0.0460938
13 0.113672 0.835938 0.0195312 0.05625
13 0.0585938 0.881641 0.0265625 0.0492187
13 0.0601563 0.955859 0.0328125 0.0414062
13 0.126953 0.924219 0.0257812 0.04375
13 0.184375 0.940234 0.0265625 0.0507812
13 0.180469 0.853906 0.0203125 0.04375
13 0.753906 0.758984 0.0234375 0.0429688
13 0.556641 0.738672 0.0242188 0.0445313
13 0.511328 0.783203 0.0289063 0.0414062
13 0.489844 0.827344 0.0296875 0.0453125
13 0.486328 0.889062 0.0257812 0.05
13 0.807031 0.751563 0.01875 0.0453125
13 0.860156 0.749219 0.0203125 0.04375
13 0.920703 0.745313 0.0289063 0.05
13 0.774609 0.871875 0.0257812 0.05625
13 0.822266 0.875 0.0210938 0.0625
13 0.853516 0.86875 0.0210938 0.053125
13 0.919531 0.871094 0.0265625 0.0703125
13 0.495703 0.823828 0.892969 0.311719
14 0.882031 0.117969 0.235937 0.235937
