0 0.553125 0.429688 0.515625 0.609375
1 0.553516 0.305469 0.513281 0.359375
2 0.558203 0.530078 0.503906 0.407031
3 0.429297 0.646875 0.113281 0.171875
4 0.453906 0.460156 0.0953125 0.075
4 0.683594 0.458203 0.104688 0.124219
5 0.400781 0.186719 0.084375 0.373437
6 0.391797 0.0832031 0.0476562 0.166406
7 0.886328 0.478125 0.227344 0.126562
7 0.158203 0.498047 0.316406 0.139844
8 0.382812 0.851953 0.335938 0.296094
9 0.760156 0.882031 0.151562 0.173437
10 0.5 0.196484 1 0.392969
11 0.85625 0.307422 0.176563 0.330469
12 0.605469 0.809766 0.06875 0.147656
12 0.110156 0.885547 0.08125 0.128906
13 0.91875 0.590625 0.0734375 0.0921875
13 0.719922 0.707422 0.0601563 0.0695313
13 0.866406 0.796094 0.071875 0.0765625
13 0.161328 0.700391 0.102344 0.0851563
14 0.113672 0.139063 0.221094 0.26875
