0 0.480469 0.238672 0.260937 0.313281
1 0.473438 0.146875 0.2375 0.110937
2 0.479687 0.265625 0.260937 0.257812
3 0.456641 0.344141 0.0601563 0.0914062
4 0.425391 0.225 0.0726563 0.0875
5 0.520312 0.0753906 0.103125 0.114844
6 0.520312 0.0523438 0.103125 0.0703125
7 0.789453 0.402734 0.360156 0.152344
8 0.334766 0.567969 0.297656 0.365625
9 0.718359 0.594922 0.139844 0.157031
10 0.366797 0.226953 0.557031 0.453906
11 0.641406 0.225 0.0890625 0.21875
12 0.588672 0.639844 0.141406 0.251563
12 0.860547 0.55 0.147656 0.223438
13 0.728906 0.784766 0.103125 0.0476562
13 0.880469 0.694141 0.110937 0.0679687
14 0.158984 0.0996094 0.228906 0.199219
