0 0.757422 0.325391 0.485156 0.575781
1 0.754297 0.2125 0.491406 0.298438
2 0.758203 0.419922 0.483594 0.383594
3 0.721484 0.510938 0.194531 0.2
4 0.706641 0.236719 0.141406 0.1625
5 0.859766 0.046875 0.177344 0.09375
6 0.860547 0.0386719 0.175781 0.0773438
7 0.240625 0.614062 0.465625 0.265625
8 0.641797 0.8 0.346094 0.398438
9 0.247266 0.451172 0.425781 0.296094
10 0.558203 0.188281 0.327344 0.304688
11 0.9125 0.657422 0.175 0.360156
12 0.810937 0.9125 0.078125 0.0890625
12 0.333594 0.810937 0.078125 0.0921875
13 0.800391 0.817187 0.0992187 0.034375
13 0.291797 0.674609 0.560156 0.221094
14 0.298438 0.174609 0.332813 0.288281
