0 0.190234 0.575 0.269531 0.460938
1 0.192969 0.472656 0.251563 0.254688
2 0.189453 0.684375 0.269531 0.240625
3 0.0859375 0.747656 0.059375 0.1125
4 0.2375 0.695703 0.0828125 0.0804688
5 0.319141 0.377344 0.174219 0.228125
6 0.332031 0.314844 0.146875 0.103125
7 0.0355469 0.783203 0.0710937 0.0429688
7 0.542578 0.778516 0.453906 0.0664062
8 0.499609 0.623047 0.999219 0.569531
9 0.251953 0.145313 0.202344 0.203125
10 0.892969 0.0929688 0.164062 0.185938
11 0.559766 0.144531 0.224219 0.270313
12 0.561719 0.420703 0.0328125 0.0601563
12 0.579688 0.560156 0.0375 0.071875
12 0.659766 0.557031 0.0289063 0.0515625
13 0.471094 0.449219 0.0265625 0.065625
13 0.691797 0.455859 0.0289063 0.0523438
13 0.39375 0.595703 0.025 0.0414062
13 0.568359 0.657813 0.0242188 0.05625
14 0.0746094 0.0925781 0.139844 0.172656
