0 0.403516 0.178125 0.232031 0.314063
1 0.401953 0.0871094 0.225781 0.132031
2 0.404297 0.229687 0.232031 0.209375
3 0.391016 0.291797 0.0382813 0.0679687
4 0.357812 0.189453 0.0453125 0.0617188
4 0.464844 0.173828 0.05 0.0601563
5 0.453125 0.05 0.03125 0.078125
6 0.451953 0.0300781 0.0289063 0.0382813
7 0.169922 0.237109 0.261719 0.152344
7 0.750781 0.0960938 0.498437 0.171875
8 0.739062 0.556641 0.509375 0.511719
9 0.0777344 0.878125 0.155469 0.24375
10 0.801953 0.0484375 0.121094 0.0875
11 0.650781 0.0503906 0.0578125 0.100781
12 0.769141 0.230469 0.0351562 0.096875
13 0.511719 0.299609 0.973437 0.217969
14 0.0691406 0.0707031 0.138281 0.141406
