0 0.178906 0.348438 0.357812 0.515625
1 0.178906 0.208594 0.357812 0.2375
2 0.178125 0.453125 0.35625 0.304688
3 0.177344 0.522656 0.145313 0.159375
4 0.0882813 0.400781 0.0671875 0.115625
5 0.296875 0.153125 0.0875 0.267188
6 0.3125 0.06875 0.05625 0.0984375
7 0.660156 0.534375 0.679688 0.09375
8 0.762891 0.266406 0.339844 0.532813
9 0.820312 0.714063 0.28125 0.210938
10 0.507031 0.178516 0.323437 0.282031
11 0.570312 0.767188 0.175 0.326562
12 0.339844 0.897656 0.05625 0.160938
12 0.407813 0.889844 0.0609375 0.145313
13 0.096875 0.767188 0.129688 0.103125
13 0.199219 0.8875 0.13125 0.10625
13 0.382031 0.683594 0.1125 0.123438
13 0.7875 0.928125 0.148438 0.104688
14 0.0867187 0.0804688 0.151562 0.160938
