0 0.411719 0.415234 0.367188 0.407031
1 0.410938 0.30625 0.367188 0.182812
2 0.422266 0.501563 0.285156 0.23125
3 0.365234 0.560937 0.0570312 0.107813
4 0.489453 0.501172 0.113281 0.0742188
4 0.364453 0.54375 0.0367188 0.0390625
4 0.410938 0.276953 0.0484375 0.0476562
5 0.567578 0.191016 0.183594 0.297656
6 0.577344 0.128906 0.160938 0.182812
7 0.467969 0.641016 0.685937 0.442969
8 0.278516 0.682813 0.264844 0.151562
8 0.146875 0.439844 0.282813 0.207813
8 0.711328 0.385547 0.308594 0.147656
9 0.687109 0.637891 0.208594 0.228906
10 0.259375 0.120703 0.373437 0.241406
11 0.889844 0.288672 0.220312 0.372656
12 0.554688 0.692187 0.065625 0.103125
13 0.450781 0.660937 0.04375 0.03125
13 0.486719 0.706641 0.04375 0.0289063
14 0.898828 0.0761719 0.202344 0.152344
