0 0.457031 0.300391 0.45625 0.447656
1 0.45625 0.177734 0.454688 0.202344
2 0.471875 0.385547 0.404687 0.277344
3 0.515625 0.452734 0.084375 0.133594
4 0.3375 0.303516 0.05 0.0632812
4 0.453125 0.304297 0.053125 0.0632812
4 0.564063 0.307422 0.05 0.0585938
5 0.561328 0.0941406 0.0507812 0.180469
6 0.562891 0.0253906 0.0414062 0.0445313
7 0.480078 0.569141 0.447656 0.100781
8 0.490625 0.80625 0.196875 0.3875
9 0.812109 0.400391 0.125781 0.114844
10 0.157812 0.10625 0.153125 0.101562
11 0.110937 0.815234 0.171875 0.363281
12 0.634375 0.473047 0.0578125 0.0710937
13 0.476562 0.509766 0.415625 0.0585938
14 0.897656 0.0886719 0.132812 0.142969
