0 0.496875 0.593359 0.63125 0.813281
1 0.490625 0.408594 0.560937 0.378125
2 0.5 0.749219 0.634375 0.501563
3 0.650781 0.923438 0.13125 0.15
4 0.410547 0.658203 0.191406 0.105469
5 0.746094 0.271094 0.13125 0.35625
6 0.750781 0.149219 0.123438 0.1125
7 0.104297 0.706641 0.208594 0.133594
8 0.869922 0.384766 0.260156 0.330469
9 0.149219 0.516406 0.135937 0.114062
10 0.175391 0.312109 0.308594 0.233594
11 0.332813 0.281641 0.0875 0.125781
12 0.19375 0.242578 0.0578125 0.0882813
13 0.0589844 0.248828 0.0617188 0.0726563
14 0.421094 0.114844 0.165625 0.165625
