0 0.464844 0.559766 0.635938 0.880469
1 0.464062 0.321875 0.534375 0.3625
2 0.467578 0.733594 0.633594 0.532813
3 0.653125 0.908594 0.25 0.182812
4 0.305078 0.6 0.163281 0.117188
4 0.577734 0.608984 0.147656 0.0992187
4 0.360547 0.892578 0.200781 0.119531
5 0.619531 0.133203 0.120313 0.249219
6 0.635156 0.0632812 0.0828125 0.10625
7 0.879687 0.896875 0.240625 0.20625
7 0.0894531 0.899219 0.178906 0.201563
8 0.110547 0.402344 0.150781 0.804688
9 0.739062 0.232031 0.226562 0.228125
10 0.374219 0.0820312 0.403125 0.164062
10 0.754687 0.0714844 0.26875 0.130469
11 0.891406 0.626563 0.179688 0.332813
12 0.232813 0.280078 0.078125 0.113281
13 0.307031 0.233984 0.0515625 0.0351562
13 0.764844 0.396094 0.0546875 0.025
13 0.928516 0.259766 0.0507812 0.0289063
14 0.922266 0.0851563 0.155469 0.167187
