0 0.232813 0.707031 0.36875 0.585938
1 0.232031 0.563281 0.365625 0.296875
2 0.234375 0.848437 0.364063 0.303125
3 0.255859 0.935156 0.0835937 0.129688
4 0.170313 0.816406 0.0921875 0.0765625
4 0.333594 0.820312 0.115625 0.09375
5 0.362109 0.433203 0.146094 0.160156
6 0.39375 0.392188 0.0828125 0.078125
7 0.294531 0.341406 0.589063 0.323437
7 0.702344 0.573438 0.235937 0.432812
8 0.490234 0.666406 0.207031 0.564063
9 0.535547 0.125781 0.257031 0.251563
10 0.853125 0.0949219 0.273438 0.175781
11 0.860547 0.589453 0.278906 0.821094
12 0.787109 0.882031 0.0820312 0.235937
13 0.0363281 0.85 0.0351562 0.05
13 0.0621094 0.544922 0.0539063 0.0882813
13 0.168359 0.421484 0.0476562 0.0601563
13 0.283594 0.351172 0.0953125 0.0820312
13 0.427344 0.482812 0.065625 0.0875
13 0.442188 0.58125 0.0796875 0.09375
13 0.627734 0.669141 0.0539063 0.0820312
13 0.647266 0.819141 0.0445313 0.0851563
13 0.566797 0.867188 0.0585938 0.09375
14 0.090625 0.123438 0.18125 0.229687
