0 0.181641 0.145313 0.225781 0.246875
1 0.18125 0.112891 0.226562 0.153906
2 0.182812 0.201953 0.145313 0.135156
3 0.219531 0.221875 0.0421875 0.0671875
4 0.155469 0.1875 0.0625 0.0671875
5 0.0925781 0.0519531 0.0898438 0.103906
6 0.0824219 0.0167969 0.0710937 0.0335937
7 0.141016 0.271094 0.125781 0.140625
7 0.271094 0.253516 0.0546875 0.138281
8 0.223047 0.367188 0.0773438 0.225
9 0.451172 0.4875 0.244531 0.235937
10 0.689844 0.0910156 0.620313 0.182031
11 0.673828 0.360938 0.142969 0.229687
12 0.286719 0.370703 0.0734375 0.110156
12 0.159375 0.384766 0.08125 0.119531
13 0.128125 0.603906 0.154688 0.132812
13 0.260156 0.761719 0.078125 0.0703125
13 0.422656 0.734375 0.0671875 0.0703125
13 0.720313 0.730469 0.11875 0.0671875
13 0.767188 0.893359 0.14375 0.0726563
13 0.658594 0.595703 0.0796875 0.0851563
13 0.878516 0.558594 0.0882813 0.0765625
13 0.846875 0.455859 0.115625 0.0804688
14 0.361328 0.0761719 0.157031 0.152344
