0 0.382031 0.506641 0.3625 0.389844
1 0.382812 0.4375 0.3625 0.190625
2 0.397266 0.597266 0.333594 0.210156
3 0.334766 0.626953 0.0835937 0.144531
4 0.278516 0.508984 0.0476562 0.0710937
4 0.339453 0.498437 0.0476562 0.0671875
4 0.476562 0.589844 0.121875 0.096875
5 0.513672 0.294141 0.175781 0.194531
6 0.514844 0.263672 0.173437 0.135156
7 0.133984 0.626563 0.230469 0.159375
8 0.364453 0.833984 0.102344 0.247656
9 0.806641 0.725781 0.252344 0.196875
10 0.434375 0.167187 0.676562 0.303125
11 0.691016 0.436328 0.225781 0.413281
12 0.801562 0.557031 0.0578125 0.107813
12 0.889453 0.56875 0.0429688 0.084375
13 0.535937 0.800781 0.0546875 0.0578125
13 0.682813 0.899609 0.0625 0.0460938
13 0.846094 0.896875 0.040625 0.05
14 0.805859 0.0808594 0.157031 0.160156
