0 0.424609 0.371094 0.402344 0.501563
1 0.424609 0.296484 0.399219 0.221094
2 0.408984 0.442969 0.371094 0.370312
3 0.277734 0.552734 0.100781 0.136719
4 0.405078 0.471875 0.127344 0.0859375
4 0.540234 0.397656 0.0632812 0.0953125
5 0.373437 0.176563 0.1375 0.348438
6 0.387109 0.0726563 0.110156 0.140625
7 0.128125 0.466406 0.210938 0.254688
7 0.742969 0.430859 0.41875 0.225781
8 0.297266 0.759766 0.283594 0.408594
9 0.624609 0.630078 0.282031 0.253906
10 0.715625 0.141406 0.429688 0.28125
11 0.828125 0.592578 0.28125 0.522656
12 0.404297 0.760156 0.0882813 0.171875
12 0.408984 0.844531 0.0445313 0.103125
12 0.500391 0.854297 0.0429688 0.144531
12 0.546484 0.785937 0.0304687 0.0859375
12 0.615234 0.818359 0.0460938 0.0804688
12 0.651563 0.884375 0.0453125 0.09375
13 0.694922 0.779297 0.0429688 0.0539063
13 0.555078 0.882812 0.0351562 0.040625
13 0.421094 0.878906 0.0375 0.0453125
13 0.331641 0.863672 0.0289063 0.0476562
13 0.536719 0.744141 0.0703125 0.0710937
13 0.492188 0.716797 0.071875 0.0773438
13 0.440234 0.770703 0.0445313 0.0976562
13 0.626172 0.773828 0.0523438 0.0257812
13 0.469922 0.821094 0.0648438 0.135937
13 0.685937 0.830078 0.0421875 0.0304687
13 0.653125 0.878516 0.0578125 0.0617188
14 0.155078 0.130078 0.232031 0.239844
