0 0.442188 0.294531 0.264062 0.2375
1 0.442578 0.235937 0.263281 0.0921875
2 0.454688 0.339453 0.195312 0.149219
3 0.430078 0.361719 0.0554687 0.084375
4 0.505078 0.320312 0.0617188 0.0484375
5 0.515625 0.15625 0.0375 0.145313
6 0.517969 0.122656 0.0328125 0.0796875
7 0.411719 0.459375 0.50625 0.1125
8 0.697656 0.763281 0.498437 0.459375
9 0.816406 0.5875 0.151562 0.104688
10 0.366016 0.162891 0.596094 0.291406
11 0.797266 0.305859 0.0773438 0.147656
11 0.867188 0.307031 0.0578125 0.15
12 0.1875 0.702344 0.05 0.090625
12 0.285547 0.710547 0.0460938 0.0914062
12 0.339062 0.707812 0.040625 0.0921875
13 0.775 0.402734 0.071875 0.0289063
13 0.909766 0.411328 0.0632812 0.0351562
14 0.825 0.0984375 0.134375 0.121875
