0 0.495703 0.558984 0.510156 0.882031
1 0.493359 0.292187 0.480469 0.346875
2 0.497266 0.715625 0.510156 0.56875
3 0.629297 0.878125 0.242969 0.24375
4 0.580859 0.55625 0.107031 0.0828125
4 0.353516 0.550391 0.0992187 0.0898438
4 0.612109 0.704688 0.0914062 0.0671875
4 0.359766 0.721875 0.0945312 0.0734375
5 0.307422 0.219922 0.113281 0.183594
6 0.307812 0.189844 0.1125 0.125
7 0.757031 0.254297 0.421875 0.225781
8 0.142578 0.915234 0.244531 0.169531
8 0.120703 0.212109 0.241406 0.424219
9 0.76875 0.116406 0.209375 0.128125
10 0.60625 0.0984375 0.7875 0.189062
10 0.0429688 0.137109 0.075 0.119531
11 0.876953 0.804688 0.225781 0.371875
12 0.876953 0.674609 0.0648438 0.0601563
13 0.939063 0.530078 0.040625 0.0460938
13 0.848047 0.491016 0.0367188 0.0289063
13 0.109375 0.614062 0.0625 0.0328125
13 0.125 0.779297 0.065625 0.0351562
14 0.919531 0.0703125 0.160938 0.140625
