0 0.475391 0.310547 0.471094 0.528906
1 0.457031 0.200781 0.434375 0.307812
2 0.483594 0.370312 0.454688 0.409375
3 0.38125 0.475 0.11875 0.146875
4 0.377734 0.31875 0.108594 0.09375
4 0.589453 0.304297 0.110156 0.122656
5 0.342969 0.109766 0.0734375 0.219531
6 0.340625 0.0261719 0.040625 0.0523438
7 0.130469 0.396094 0.260937 0.0890625
7 0.846094 0.243359 0.307812 0.119531
8 0.360938 0.758203 0.248438 0.483594
9 0.739844 0.645703 0.221875 0.244531
10 0.478125 0.16875 0.95625 0.3375
11 0.853516 0.368359 0.138281 0.196094
12 0.580078 0.851953 0.0523438 0.107031
12 0.0765625 0.819141 0.0765625 0.110156
13 0.884375 0.725391 0.059375 0.0601563
13 0.561719 0.667578 0.0640625 0.0523438
13 0.115234 0.609766 0.103906 0.108594
14 0.0738281 0.0742188 0.135156 0.128125
