0 0.433984 0.430859 0.457031 0.578906
1 0.433594 0.254688 0.446875 0.225
2 0.435937 0.526172 0.451562 0.386719
3 0.317188 0.641406 0.148438 0.145313
4 0.523828 0.532813 0.183594 0.139063
5 0.319922 0.150391 0.128906 0.300781
6 0.319531 0.106641 0.128125 0.213281
7 0.216016 0.667969 0.0601563 0.232813
8 0.106641 0.766016 0.124219 0.457031
9 0.777734 0.721484 0.377344 0.319531
10 0.809375 0.404687 0.320312 0.203125
11 0.0761719 0.413281 0.152344 0.234375
12 0.958594 0.640625 0.0703125 0.101562
12 0.945312 0.567187 0.09375 0.078125
13 0.665234 0.873437 0.0804688 0.05
13 0.764453 0.883984 0.0476562 0.0382813
13 0.9125 0.830469 0.0515625 0.0421875
14 0.804297 0.114844 0.271094 0.229687
