0 0.391797 0.273047 0.158594 0.155469
1 0.386719 0.2375 0.145313 0.078125
2 0.386719 0.304688 0.146875 0.0921875
3 0.355859 0.307812 0.0335937 0.04375
4 0.428516 0.277344 0.0257812 0.025
5 0.472656 0.206641 0.0578125 0.135156
6 0.476953 0.176953 0.0507812 0.0757812
7 0.375781 0.353516 0.270313 0.169531
8 0.488672 0.498047 0.944531 0.214844
9 0.693359 0.58125 0.266406 0.198437
9 0.549609 0.311719 0.0960938 0.0734375
10 0.490625 0.179297 0.93125 0.178906
11 0.679297 0.35 0.0898438 0.125
12 0.266016 0.515625 0.0476562 0.0765625
13 0.326172 0.739062 0.0304687 0.028125
13 0.473828 0.725781 0.0242188 0.028125
13 0.767969 0.725781 0.0765625 0.034375
13 0.303516 0.337891 0.0257812 0.0257812
14 0.722656 0.138672 0.0859375 0.0773438
