0 0.2375 0.201953 0.142187 0.194531
1 0.2375 0.147266 0.139063 0.0835937
2 0.242969 0.236719 0.123438 0.126562
3 0.25625 0.263672 0.034375 0.0585938
4 0.239453 0.207813 0.0914062 0.0390625
5 0.204297 0.121094 0.0320312 0.101562
6 0.205469 0.1 0.03125 0.059375
7 0.240234 0.295703 0.263281 0.107031
8 0.679297 0.482031 0.641406 0.604688
9 0.826953 0.171094 0.263281 0.182812
10 0.389453 0.605078 0.724219 0.225781
11 0.0839844 0.190234 0.163281 0.317969
12 0.821484 0.364063 0.0945312 0.229687
12 0.912109 0.364063 0.105469 0.234375
13 0.466797 0.321094 0.0632812 0.0453125
13 0.508203 0.0757812 0.105469 0.0609375
13 0.737891 0.31875 0.0460938 0.0375
13 0.649609 0.630859 0.0367188 0.0289063
13 0.929297 0.59375 0.0414062 0.0328125
13 0.167578 0.467969 0.0398437 0.025
13 0.616797 0.823828 0.0414062 0.0179687
14 0.901172 0.096875 0.197656 0.19375
