0 0.534375 0.646875 0.43125 0.510938
1 0.530469 0.486719 0.410938 0.184375
2 0.530469 0.722656 0.410938 0.320312
3 0.645312 0.914453 0.146875 0.171094
4 0.46875 0.66875 0.184375 0.148438
5 0.782031 0.338281 0.185938 0.3875
6 0.790625 0.271094 0.165625 0.253125
7 0.299219 0.896094 0.598437 0.207813
7 0.853906 0.907031 0.292187 0.185938
8 0.198437 0.455469 0.232813 0.50625
9 0.847656 0.582031 0.0921875 0.0953125
10 0.286328 0.425 0.564844 0.5
11 0.930078 0.516797 0.139844 0.435156
12 0.767578 0.605859 0.0945312 0.192969
13 0.860938 0.711328 0.278125 0.108594
13 0.171484 0.707812 0.342969 0.115625
14 0.888281 0.102344 0.223438 0.204687
