0 0.392578 0.344922 0.472656 0.528906
1 0.366406 0.227734 0.407813 0.296094
2 0.392969 0.423828 0.4625 0.367969
3 0.276953 0.532031 0.105469 0.135937
4 0.471484 0.419531 0.132031 0.135937
4 0.265234 0.302344 0.0632812 0.0515625
5 0.197266 0.214062 0.0585938 0.239063
6 0.188672 0.139844 0.0429688 0.090625
7 0.0898438 0.517969 0.171875 0.140625
7 0.801562 0.426953 0.396875 0.174219
8 0.281641 0.789453 0.266406 0.421094
9 0.694531 0.742188 0.4 0.3625
10 0.501172 0.150781 0.996094 0.301563
11 0.0816406 0.323047 0.146094 0.250781
12 0.454297 0.753516 0.0929688 0.114844
12 0.530078 0.923047 0.110156 0.119531
12 0.113672 0.919531 0.0882813 0.1125
13 0.0597656 0.846094 0.0335937 0.034375
13 0.0578125 0.732422 0.0328125 0.0289063
13 0.103516 0.633203 0.0585938 0.0460938
13 0.469922 0.634375 0.0695313 0.075
13 0.568359 0.539453 0.0617188 0.0414062
13 0.806641 0.521484 0.0835937 0.0632812
13 0.898828 0.592578 0.0882813 0.0695313
13 0.945312 0.810547 0.040625 0.0445313
13 0.876172 0.935156 0.0585938 0.0515625
13 0.441406 0.855078 0.0484375 0.0414062
14 0.0574219 0.0617188 0.108594 0.120313
