0 0.320703 0.48125 0.185156 0.39375
1 0.317578 0.370312 0.178906 0.151562
2 0.315234 0.553906 0.155469 0.246875
3 0.313672 0.626563 0.0648438 0.096875
4 0.301563 0.502344 0.0671875 0.0546875
5 0.450391 0.236719 0.205469 0.3
6 0.469531 0.180469 0.164062 0.1875
7 0.33125 0.633594 0.460938 0.135937
8 0.542188 0.592187 0.521875 0.409375
9 0.898047 0.741797 0.133594 0.144531
10 0.282422 0.175 0.446094 0.267188
11 0.940234 0.481641 0.119531 0.313281
12 0.842187 0.595313 0.053125 0.0828125
13 0.787891 0.802344 0.103906 0.0875
13 0.341016 0.841797 0.121094 0.0898438
13 0.132422 0.777344 0.116406 0.08125
14 0.885938 0.116016 0.215625 0.221094
