0 0.446484 0.286328 0.485156 0.414844
1 0.445703 0.204687 0.483594 0.246875
2 0.451953 0.376953 0.416406 0.230469
3 0.427344 0.385547 0.10625 0.158594
4 0.573047 0.336719 0.0882813 0.0734375
5 0.207422 0.130859 0.163281 0.236719
6 0.203125 0.0789062 0.153125 0.132812
7 0.237891 0.514453 0.361719 0.308594
8 0.506641 0.819922 0.986719 0.214844
9 0.658203 0.626953 0.300781 0.217969
10 0.333203 0.158203 0.666406 0.291406
11 0.927734 0.523828 0.108594 0.266406
12 0.830859 0.408203 0.0804688 0.0789062
12 0.835938 0.488281 0.065625 0.0875
12 0.849219 0.573438 0.08125 0.115625
13 0.81875 0.667969 0.0359375 0.06875
13 0.807813 0.722656 0.0375 0.0515625
13 0.867969 0.741797 0.046875 0.0460938
13 0.865234 0.692187 0.0445313 0.0625
13 0.908984 0.691016 0.0585938 0.0679687
14 0.83125 0.142187 0.273438 0.234375
