0 0.172266 0.606641 0.244531 0.524219
1 0.172266 0.496484 0.244531 0.113281
2 0.173047 0.7 0.188281 0.339062
3 0.206641 0.822266 0.0414062 0.0882813
4 0.129688 0.694922 0.0421875 0.0414062
4 0.125781 0.622266 0.046875 0.0539063
4 0.182422 0.614453 0.0476562 0.0523438
4 0.192578 0.689063 0.0414062 0.05625
5 0.144531 0.341406 0.084375 0.225
6 0.15 0.283984 0.075 0.110156
7 0.855469 0.769141 0.289062 0.142969
8 0.630469 0.5 0.220312 1
9 0.384375 0.716016 0.178125 0.247656
10 0.240625 0.108203 0.226562 0.196094
11 0.782813 0.597266 0.0625 0.128906
12 0.7875 0.491797 0.0453125 0.0710937
13 0.88125 0.581641 0.2375 0.241406
14 0.873047 0.116797 0.225781 0.233594
