0 0.378125 0.174609 0.265625 0.308594
1 0.378906 0.0710937 0.265625 0.1
2 0.383594 0.217969 0.253125 0.221875
3 0.329297 0.253125 0.0757812 0.11875
4 0.419531 0.193359 0.0890625 0.0835937
5 0.545703 0.071875 0.174219 0.104688
6 0.555469 0.0414062 0.15625 0.04375
7 0.140625 0.274219 0.23125 0.142187
7 0.749219 0.592969 0.501563 0.814063
8 0.237891 0.665234 0.264844 0.669531
9 0.584375 0.558594 0.354687 0.33125
10 0.145703 0.121094 0.236719 0.154688
11 0.91875 0.230078 0.1375 0.203906
12 0.357031 0.699609 0.065625 0.116406
12 0.5875 0.839844 0.0765625 0.103125
13 0.407813 0.817187 0.251563 0.0984375
13 0.132812 0.399609 0.16875 0.124219
14 0.791016 0.090625 0.163281 0.167187
