0 0.468359 0.351562 0.628906 0.620313
1 0.468359 0.296094 0.628906 0.25
2 0.463672 0.507812 0.619531 0.307812
3 0.223438 0.589453 0.125 0.135156
4 0.528125 0.504297 0.25 0.174219
5 0.382812 0.0902344 0.13125 0.180469
6 0.388281 0.0238281 0.120313 0.0476562
7 0.0816406 0.503125 0.163281 0.215625
7 0.879687 0.466016 0.240625 0.205469
8 0.235156 0.812891 0.14375 0.341406
9 0.859766 0.615625 0.161719 0.157812
10 0.766406 0.1375 0.467187 0.275
11 0.805859 0.808984 0.166406 0.294531
12 0.412109 0.758984 0.0460938 0.0804688
12 0.562109 0.726953 0.0429688 0.0679687
12 0.644141 0.755078 0.0476562 0.0960938
12 0.4 0.916016 0.046875 0.0804688
12 0.476953 0.832812 0.0492187 0.078125
12 0.541797 0.85625 0.0507812 0.078125
12 0.641406 0.969922 0.05 0.0585938
13 0.509766 0.832422 0.350781 0.335156
14 0.109375 0.132422 0.21875 0.264844
