0 0.213672 0.230078 0.228906 0.264844
1 0.214062 0.159766 0.228125 0.125781
2 0.223047 0.283984 0.186719 0.157031
3 0.230469 0.309375 0.0578125 0.104688
4 0.176563 0.282031 0.034375 0.0484375
4 0.269922 0.283203 0.0289063 0.0507812
5 0.344922 0.115625 0.172656 0.132812
6 0.344922 0.0964844 0.172656 0.0960938
7 0.0546875 0.335156 0.101562 0.04375
7 0.435547 0.357812 0.177344 0.0671875
8 0.445703 0.508203 0.510156 0.302344
9 0.186719 0.720703 0.215625 0.219531
10 0.565625 0.189453 0.35625 0.269531
11 0.85625 0.407422 0.198437 0.325781
12 0.570312 0.335938 0.0578125 0.0765625
12 0.636719 0.333203 0.065625 0.0867187
13 0.459766 0.434766 0.0226562 0.0226562
13 0.540234 0.45625 0.0226562 0.0328125
13 0.127734 0.444141 0.0320312 0.0289063
13 0.365234 0.626953 0.0351562 0.0242188
14 0.824219 0.119531 0.2375 0.185938
