0 0.487891 0.349609 0.788281 0.689844
1 0.394531 0.217969 0.598437 0.425
2 0.495312 0.407031 0.770312 0.575
3 0.267578 0.58125 0.121094 0.201563
4 0.294141 0.392969 0.114844 0.0890625
5 0.139844 0.153906 0.153125 0.245312
6 0.134766 0.0835937 0.142969 0.104688
7 0.885938 0.467187 0.228125 0.078125
8 0.213281 0.833984 0.334375 0.332031
9 0.765625 0.795312 0.315625 0.271875
10 0.848047 0.0695313 0.303906 0.129688
10 0.379688 0.0820312 0.15 0.153125
11 0.886719 0.3 0.190625 0.325
12 0.873047 0.580859 0.149219 0.200781
13 0.549219 0.734375 0.101562 0.114062
14 0.0632812 0.305859 0.126562 0.222656
