0 0.480469 0.467578 0.4625 0.535156
1 0.472656 0.348828 0.446875 0.280469
2 0.483594 0.590234 0.45625 0.291406
3 0.527344 0.603516 0.126562 0.214844
4 0.459766 0.359766 0.105469 0.0976562
5 0.551172 0.160156 0.172656 0.239063
6 0.551172 0.124219 0.172656 0.167187
7 0.852344 0.515234 0.295312 0.0929688
8 0.783984 0.724219 0.432031 0.210938
9 0.836719 0.361328 0.2375 0.185156
10 0.214453 0.208984 0.399219 0.136719
11 0.65625 0.228906 0.146875 0.192188
12 0.426953 0.816406 0.133594 0.1875
12 0.123438 0.560547 0.114062 0.235156
13 0.776172 0.8625 0.0632812 0.0671875
13 0.21875 0.834375 0.0828125 0.110937
13 0.248047 0.342187 0.0742188 0.117188
14 0.839844 0.142578 0.184375 0.169531
