0 0.667969 0.455469 0.642188 0.834375
1 0.66875 0.258984 0.639062 0.442969
2 0.647656 0.590625 0.6 0.5625
3 0.451562 0.762109 0.0765625 0.203906
4 0.626172 0.410547 0.124219 0.124219
4 0.439844 0.397656 0.1 0.096875
5 0.319141 0.128906 0.222656 0.19375
6 0.301172 0.078125 0.186719 0.090625
7 0.187891 0.719141 0.375781 0.330469
8 0.689063 0.925391 0.621875 0.149219
9 0.946094 0.905859 0.0890625 0.0929688
10 0.225781 0.472656 0.257812 0.189062
11 0.0691406 0.397266 0.138281 0.344531
12 0.873437 0.975781 0.0453125 0.0484375
12 0.229687 0.964063 0.0609375 0.071875
13 0.709375 0.994922 0.0203125 0.0101563
13 0.630469 0.983984 0.0484375 0.0320312
13 0.528125 0.977734 0.0484375 0.0429688
13 0.439453 0.977344 0.0460938 0.034375
13 0.378516 0.905859 0.0460938 0.0632812
13 0.308594 0.960938 0.046875 0.0375
13 0.179688 0.917188 0.0421875 0.04375
13 0.0699219 0.959375 0.0414062 0.0390625
13 0.941406 0.957812 0.0546875 0.0265625
13 0.799219 0.978125 0.040625 0.01875
13 0.715625 0.89375 0.040625 0.0328125
13 0.498437 0.903125 0.0546875 0.0296875
14 0.109766 0.1125 0.144531 0.148438
