0 0.289844 0.336719 0.532813 0.457813
1 0.289453 0.269922 0.533594 0.277344
2 0.290234 0.448047 0.516406 0.235156
3 0.457031 0.446094 0.075 0.140625
4 0.0871094 0.433203 0.0507812 0.0289063
4 0.195312 0.420703 0.0484375 0.0242188
4 0.313281 0.408203 0.059375 0.0320312
5 0.303516 0.0886719 0.382031 0.177344
6 0.303516 0.0558594 0.382031 0.111719
7 0.14375 0.679297 0.265625 0.119531
7 0.758203 0.697266 0.469531 0.227344
8 0.444922 0.785547 0.307031 0.347656
9 0.857422 0.562109 0.285156 0.350781
10 0.530859 0.0710937 0.592969 0.101562
11 0.871484 0.285156 0.125781 0.3
12 0.123438 0.878906 0.08125 0.178125
13 0.727734 0.490625 0.0351562 0.040625
13 0.652344 0.497656 0.0375 0.05625
13 0.672266 0.596484 0.0414062 0.0585938
14 0.931641 0.0691406 0.121094 0.105469
