0 0.467969 0.352344 0.698438 0.570312
1 0.46875 0.217578 0.7 0.210156
2 0.480078 0.470313 0.672656 0.335938
3 0.471094 0.526563 0.198437 0.182812
4 0.252344 0.376172 0.109375 0.0851563
4 0.707422 0.382422 0.0867187 0.107031
5 0.763672 0.0683594 0.163281 0.0976562
6 0.782031 0.0472656 0.126562 0.0570312
7 0.0824219 0.582422 0.147656 0.0992187
7 0.901172 0.579688 0.178906 0.096875
8 0.388281 0.776563 0.376563 0.31875
9 0.79375 0.784766 0.179688 0.158594
10 0.504687 0.132422 0.990625 0.246094
11 0.905469 0.429297 0.125 0.210156
11 0.0550781 0.446484 0.0992187 0.158594
12 0.526563 0.8125 0.040625 0.06875
13 0.60625 0.879297 0.0640625 0.0429688
13 0.755859 0.942187 0.0585938 0.0484375
13 0.896875 0.896875 0.0484375 0.0484375
13 0.600781 0.755469 0.0609375 0.0515625
13 0.699219 0.672266 0.0375 0.0398437
13 0.904687 0.709375 0.0453125 0.046875
13 0.228125 0.69375 0.065625 0.0578125
13 0.108984 0.784375 0.0414062 0.0546875
13 0.113672 0.924219 0.0476562 0.04375
14 0.0890625 0.0703125 0.0765625 0.078125
