0 0.405078 0.314844 0.272656 0.2875
1 0.405078 0.285156 0.272656 0.1625
2 0.397266 0.368359 0.188281 0.178906
3 0.410547 0.410156 0.0523438 0.0796875
4 0.396094 0.312109 0.06875 0.0679687
5 0.513672 0.15625 0.150781 0.24375
6 0.519531 0.103516 0.1375 0.138281
7 0.605469 0.55625 0.317188 0.414062
7 0.260937 0.5875 0.24375 0.367188
8 0.458203 0.723828 0.199219 0.546094
9 0.533203 0.638281 0.146094 0.107813
10 0.746875 0.282813 0.4 0.235937
11 0.860547 0.609766 0.166406 0.342969
12 0.109375 0.749609 0.0921875 0.142969
13 0.0878906 0.841797 0.0476562 0.0382813
13 0.167578 0.827734 0.0507812 0.0445313
13 0.139453 0.885156 0.0570312 0.0390625
13 0.261719 0.508203 0.0890625 0.0351562
13 0.622266 0.559375 0.0960938 0.040625
14 0.827344 0.0945312 0.153125 0.176563
