0 0.412109 0.416016 0.360156 0.516406
1 0.408203 0.274219 0.352344 0.232813
2 0.4125 0.520312 0.359375 0.307812
3 0.328906 0.601562 0.103125 0.110937
4 0.489453 0.467187 0.0882813 0.128125
5 0.619922 0.202344 0.224219 0.284375
6 0.630078 0.111719 0.203906 0.103125
7 0.777344 0.517188 0.353125 0.170313
8 0.300391 0.835156 0.522656 0.292187
9 0.751172 0.720313 0.297656 0.128125
10 0.521484 0.140234 0.957031 0.230469
11 0.124219 0.485547 0.192188 0.366406
12 0.189453 0.700391 0.0601563 0.0429688
13 0.652344 0.826562 0.025 0.0234375
13 0.848437 0.848437 0.0265625 0.0171875
14 0.4125 0.0574219 0.139063 0.108594
