0 0.478906 0.351562 0.610938 0.673438
1 0.478125 0.198828 0.614062 0.377344
2 0.460938 0.380469 0.440625 0.617188
3 0.458594 0.582812 0.151562 0.210938
4 0.470703 0.3125 0.144531 0.145313
5 0.776953 0.139844 0.227344 0.209375
6 0.773047 0.0800781 0.233594 0.0914062
7 0.787109 0.639453 0.269531 0.0929688
7 0.125 0.598828 0.221875 0.0507812
8 0.606641 0.839453 0.435156 0.321094
9 0.797266 0.767578 0.196094 0.136719
10 0.846094 0.496094 0.307812 0.189062
11 0.135937 0.448047 0.232813 0.257031
12 0.254297 0.792578 0.0976562 0.135156
12 0.0863281 0.86875 0.0757812 0.120313
13 0.112891 0.760547 0.0476562 0.0414062
13 0.307812 0.903516 0.125 0.0367188
13 0.475781 0.94375 0.05625 0.0390625
14 0.146875 0.103125 0.160938 0.16875
