0 0.514062 0.341406 0.585938 0.642188
1 0.519531 0.109766 0.576562 0.107031
2 0.514062 0.404297 0.58125 0.513281
3 0.677734 0.580469 0.0757812 0.159375
4 0.412109 0.444922 0.180469 0.108594
5 0.739062 0.0425781 0.271875 0.0851563
6 0.738281 0.0167969 0.271875 0.0335937
7 0.897266 0.351172 0.205469 0.130469
8 0.489063 0.826172 0.465625 0.347656
9 0.112109 0.369531 0.224219 0.279687
10 0.0339844 0.103906 0.0679687 0.04375
10 0.1875 0.142578 0.0984375 0.0835937
10 0.904297 0.133984 0.191406 0.147656
11 0.123047 0.120313 0.236719 0.240625
12 0.0507812 0.642188 0.034375 0.0765625
12 0.158594 0.701953 0.053125 0.132031
12 0.106641 0.879687 0.0523438 0.090625
12 0.771094 0.75 0.0796875 0.0984375
12 0.219141 0.71875 0.0882813 0.104688
12 0.163281 0.8875 0.05 0.0828125
13 0.382812 0.74375 0.107813 0.0984375
13 0.915234 0.635156 0.133594 0.117188
13 0.879297 0.853906 0.0695313 0.0859375
14 0.923047 0.065625 0.153906 0.13125
