0 0.454688 0.404297 0.623437 0.522656
1 0.454297 0.278125 0.624219 0.210938
2 0.455859 0.489453 0.585156 0.353906
3 0.343359 0.577344 0.167969 0.173437
4 0.353906 0.307812 0.0953125 0.090625
5 0.3125 0.156641 0.053125 0.152344
6 0.313672 0.117578 0.0507812 0.0742188
7 0.864062 0.56875 0.253125 0.104688
8 0.274219 0.820703 0.4625 0.358594
9 0.641406 0.689453 0.103125 0.0757812
10 0.500781 0.168359 0.998437 0.313281
11 0.837891 0.374219 0.136719 0.304688
12 0.797266 0.834766 0.0882813 0.141406
13 0.470313 0.962109 0.0734375 0.0742188
13 0.627734 0.808203 0.0898438 0.0929688
13 0.7375 0.757812 0.0359375 0.034375
14 0.0976562 0.0808594 0.123438 0.155469
