0 0.306641 0.250781 0.291406 0.1875
1 0.307031 0.230469 0.292187 0.084375
2 0.307422 0.300391 0.292969 0.0898438
3 0.229297 0.312891 0.0539063 0.0539063
4 0.224219 0.250781 0.0390625 0.0390625
5 0.402734 0.140625 0.0726563 0.107813
6 0.405859 0.117188 0.0664062 0.0609375
7 0.139453 0.637891 0.264844 0.708594
7 0.655859 0.619141 0.625781 0.760156
8 0.246094 0.662109 0.210938 0.652344
9 0.509766 0.685547 0.275781 0.263281
10 0.498437 0.150781 0.975 0.196875
11 0.867969 0.247656 0.146875 0.24375
12 0.0867187 0.580469 0.0421875 0.05625
12 0.20625 0.641016 0.0421875 0.0554687
12 0.333594 0.778516 0.0390625 0.0679687
13 0.315234 0.485547 0.0523438 0.0320312
13 0.490234 0.424219 0.0601563 0.0265625
13 0.542188 0.339062 0.0375 0.028125
13 0.677734 0.391016 0.0445313 0.0335937
13 0.742969 0.513672 0.0546875 0.0351562
14 0.0917969 0.0753906 0.150781 0.150781
