0 0.576172 0.284375 0.525781 0.532813
1 0.569141 0.0808594 0.510156 0.127344
2 0.58125 0.329297 0.514062 0.436719
3 0.609375 0.487891 0.123438 0.117969
4 0.422266 0.201953 0.100781 0.0617188
4 0.593359 0.197266 0.130469 0.0585938
4 0.743359 0.194922 0.114844 0.0507812
5 0.320703 0.0546875 0.0867187 0.109375
6 0.321484 0.0230469 0.0882813 0.0460938
7 0.5 0.560547 1 0.271094
8 0.5 0.750391 1 0.230469
9 0.132812 0.105078 0.265625 0.210156
10 0.908594 0.0488281 0.182812 0.0835937
11 0.155469 0.345313 0.226562 0.301563
12 0.876953 0.396875 0.0648438 0.154688
12 0.278125 0.466797 0.0625 0.149219
13 0.951172 0.416016 0.0367188 0.0242188
13 0.909375 0.261328 0.0484375 0.0273438
13 0.314453 0.4625 0.0414062 0.0265625
14 0.952734 0.096875 0.0945312 0.103125
