0 0.657813 0.323437 0.525 0.3875
1 0.655859 0.237109 0.519531 0.214844
2 0.657813 0.411328 0.528125 0.213281
3 0.765625 0.426172 0.14375 0.127344
3 0.754687 0.650781 0.135937 0.164062
4 0.502734 0.404297 0.155469 0.105469
4 0.636719 0.407813 0.046875 0.109375
4 0.884766 0.408984 0.0554687 0.0882813
5 0.565625 0.186328 0.084375 0.146094
6 0.571875 0.148047 0.0734375 0.0695313
7 0.503906 0.564453 0.40625 0.336719
7 0.904687 0.557422 0.190625 0.349219
8 0.845313 0.712891 0.296875 0.444531
9 0.226953 0.458984 0.308594 0.239844
10 0.516016 0.114453 0.967969 0.228906
11 0.907813 0.275 0.14375 0.25625
12 0.178516 0.319141 0.0617188 0.0679687
12 0.263672 0.320703 0.0601563 0.0726563
12 0.292187 0.571875 0.04375 0.0703125
13 0.230859 0.570703 0.0945312 0.103906
13 0.341016 0.328516 0.107031 0.0773438
13 0.102344 0.683984 0.059375 0.0570312
14 0.241406 0.181641 0.182812 0.185156
