0 0.483203 0.3 0.292969 0.43125
1 0.482812 0.222266 0.29375 0.191406
2 0.482422 0.408203 0.211719 0.214844
3 0.470703 0.467578 0.0601563 0.0898438
4 0.503125 0.370703 0.0625 0.0632812
5 0.561719 0.124219 0.0859375 0.178125
6 0.549609 0.0625 0.110156 0.05625
7 0.325391 0.601172 0.272656 0.105469
8 0.526563 0.748437 0.25625 0.503125
9 0.808203 0.357422 0.125781 0.107031
10 0.48125 0.10625 0.948438 0.2125
11 0.121875 0.848047 0.151562 0.303906
12 0.813672 0.896094 0.0960938 0.20625
13 0.501953 0.952344 0.996094 0.0953125
14 0.126953 0.317188 0.253906 0.285938
