0 0.460547 0.500391 0.380469 0.399219
1 0.455078 0.444141 0.363281 0.152344
2 0.483594 0.571094 0.329688 0.260937
3 0.584375 0.597656 0.0578125 0.08125
4 0.391797 0.537891 0.0601563 0.0601563
5 0.581641 0.323828 0.102344 0.133594
6 0.582812 0.289844 0.103125 0.0671875
7 0.825 0.534375 0.342187 0.104688
8 0.785156 0.812109 0.429688 0.375781
9 0.494922 0.767188 0.175781 0.142187
10 0.213281 0.207031 0.353125 0.245312
11 0.103906 0.526563 0.207813 0.264062
12 0.758594 0.407422 0.0765625 0.0992187
12 0.895312 0.398828 0.0890625 0.0914062
13 0.239453 0.842578 0.0414062 0.0476562
13 0.404687 0.919531 0.059375 0.034375
13 0.640234 0.902344 0.0476562 0.0453125
14 0.914453 0.0664062 0.144531 0.121875
