0 0.432422 0.300781 0.302344 0.285938
1 0.432031 0.241016 0.301563 0.107031
2 0.445312 0.349609 0.245312 0.186719
3 0.449219 0.364063 0.1 0.14375
4 0.517578 0.323437 0.0523438 0.090625
5 0.545312 0.121875 0.13125 0.151562
6 0.545312 0.0992187 0.129688 0.10625
7 0.250391 0.410156 0.188281 0.129688
8 0.414453 0.715234 0.169531 0.569531
9 0.712891 0.685547 0.446094 0.308594
10 0.569531 0.251953 0.860938 0.430469
11 0.128906 0.248828 0.257812 0.438281
12 0.271484 0.583203 0.0867187 0.130469
12 0.111328 0.776953 0.0789062 0.128906
12 0.548828 0.879687 0.0773438 0.08125
12 0.774219 0.479687 0.0609375 0.078125
13 0.548047 0.515234 0.0570312 0.0226562
13 0.1 0.580859 0.0515625 0.0492187
13 0.262891 0.854688 0.0679687 0.0375
13 0.874609 0.877734 0.0695313 0.0492187
14 0.867578 0.141406 0.239844 0.265625
