0 0.487109 0.310156 0.505469 0.5875
1 0.487109 0.152734 0.505469 0.250781
2 0.479687 0.43125 0.465625 0.345313
3 0.370703 0.498437 0.0898438 0.203125
4 0.562891 0.29375 0.155469 0.1
5 0.641016 0.0992187 0.0882813 0.198437
6 0.646875 0.0128906 0.0765625 0.0257812
7 0.464062 0.718359 0.0984375 0.0914062
7 0.589063 0.711719 0.103125 0.078125
7 0.691016 0.649609 0.0695313 0.0898438
8 0.262891 0.799219 0.294531 0.401562
9 0.589844 0.845703 0.171875 0.158594
10 0.158984 0.158594 0.317969 0.176563
11 0.854688 0.500391 0.240625 0.386719
12 0.102344 0.594141 0.0703125 0.110156
12 0.239063 0.589844 0.05625 0.08125
13 0.732812 0.667969 0.040625 0.034375
13 0.790625 0.666016 0.0421875 0.0335937
13 0.843359 0.708594 0.0585938 0.04375
13 0.903906 0.697656 0.053125 0.034375
13 0.940234 0.655859 0.0382813 0.0429688
13 0.979688 0.666016 0.0265625 0.0335937
14 0.866016 0.0671875 0.164844 0.134375
