0 0.475391 0.333594 0.266406 0.390625
1 0.476172 0.284766 0.271094 0.221094
2 0.489844 0.442969 0.142187 0.154688
3 0.503516 0.476562 0.0695313 0.090625
4 0.449609 0.416016 0.0617188 0.0710937
5 0.564844 0.142578 0.160938 0.197656
6 0.566406 0.103125 0.153125 0.117188
7 0.217578 0.490234 0.435156 0.157031
7 0.773828 0.460156 0.452344 0.14375
8 0.49375 0.755078 0.210938 0.489844
9 0.216406 0.729688 0.228125 0.284375
10 0.265625 0.234766 0.50625 0.469531
11 0.19375 0.105469 0.0546875 0.1
12 0.0476562 0.867188 0.0625 0.104688
13 0.202734 0.953516 0.405469 0.0929688
13 0.789844 0.952734 0.420312 0.0945312
14 0.921484 0.0863281 0.157031 0.172656
