0 0.373437 0.433203 0.373437 0.527344
1 0.374219 0.360938 0.373437 0.171875
2 0.367188 0.566797 0.301563 0.260156
3 0.328906 0.6375 0.0875 0.1125
4 0.428516 0.515234 0.0929688 0.0851563
5 0.457813 0.192188 0.1625 0.203125
6 0.476562 0.128125 0.125 0.0734375
7 0.635156 0.605078 0.1875 0.117969
8 0.286719 0.838672 0.167187 0.302344
9 0.775781 0.853125 0.215625 0.134375
10 0.722656 0.179297 0.535937 0.167969
11 0.825781 0.516406 0.271875 0.5125
12 0.151953 0.804297 0.0960938 0.169531
13 0.467969 0.785156 0.104688 0.0421875
13 0.530469 0.833203 0.096875 0.0445313
13 0.466797 0.880859 0.107031 0.0367188
14 0.175391 0.146094 0.172656 0.1625
