0 0.458594 0.256641 0.540625 0.513281
1 0.460938 0.107031 0.542188 0.214062
2 0.474219 0.332031 0.36875 0.3625
3 0.479687 0.437109 0.084375 0.133594
4 0.484375 0.247656 0.0921875 0.084375
5 0.755859 0.0710937 0.241406 0.126562
6 0.778125 0.0398437 0.196875 0.0671875
7 0.153906 0.485547 0.307812 0.0976562
7 0.826172 0.453125 0.347656 0.090625
8 0.474219 0.754297 0.121875 0.491406
9 0.15 0.412891 0.214062 0.155469
10 0.15 0.274219 0.3 0.0953125
10 0.824609 0.334375 0.350781 0.175
11 0.898828 0.682422 0.171094 0.382031
12 0.794531 0.647266 0.034375 0.0617188
12 0.693359 0.776953 0.0492187 0.0710937
12 0.301172 0.700781 0.0351562 0.0515625
12 0.250391 0.875781 0.0539063 0.08125
13 0.760156 0.560547 0.0875 0.0398437
13 0.603516 0.673828 0.0757812 0.0414062
13 0.823828 0.771484 0.0726563 0.0398437
13 0.0550781 0.585938 0.0789062 0.0359375
13 0.167969 0.65 0.06875 0.0296875
13 0.355078 0.569141 0.0695313 0.0351562
13 0.188672 0.785937 0.117969 0.046875
13 0.919141 0.919922 0.0773438 0.0570312
14 0.078125 0.0859375 0.146875 0.167187
