0 0.196875 0.40625 0.178125 0.34375
1 0.198047 0.333594 0.172656 0.164062
2 0.196875 0.485938 0.176563 0.18125
3 0.235156 0.508594 0.05625 0.103125
4 0.169531 0.467187 0.053125 0.059375
5 0.178125 0.235156 0.071875 0.23125
6 0.178516 0.178125 0.0726563 0.115625
7 0.334375 0.686328 0.465625 0.0882813
8 0.361719 0.603125 0.307812 0.0953125
9 0.500781 0.317188 0.25625 0.217188
10 0.385937 0.165625 0.692187 0.242188
11 0.785547 0.528125 0.277344 0.490625
12 0.360156 0.490625 0.0828125 0.121875
12 0.492188 0.486328 0.0921875 0.117969
13 0.20625 0.848437 0.065625 0.0453125
13 0.439844 0.887109 0.078125 0.0445313
13 0.528125 0.771875 0.0703125 0.034375
13 0.771094 0.857422 0.08125 0.0382813
14 0.846875 0.132812 0.23125 0.240625
