0 0.435937 0.342578 0.15625 0.491406
1 0.435937 0.167187 0.15625 0.1375
2 0.437891 0.399219 0.136719 0.378125
3 0.438281 0.544141 0.059375 0.0851563
4 0.420312 0.245703 0.021875 0.0335937
4 0.474219 0.241797 0.028125 0.0367188
4 0.432422 0.298438 0.0289063 0.0375
4 0.465234 0.348047 0.0289063 0.0414062
4 0.417187 0.407031 0.0265625 0.046875
4 0.477344 0.478125 0.0234375 0.040625
5 0.51875 0.109375 0.0984375 0.135937
6 0.522656 0.0835937 0.0921875 0.084375
7 0.305859 0.442969 0.160156 0.0890625
7 0.56875 0.427344 0.157812 0.08125
8 0.242188 0.791016 0.484375 0.417969
9 0.589844 0.653906 0.264062 0.279687
10 0.479297 0.289062 0.894531 0.145313
11 0.148828 0.517969 0.174219 0.342187
12 0.756641 0.873828 0.100781 0.185156
12 0.897266 0.870703 0.0960938 0.161719
13 0.512891 0.882422 0.0570312 0.0492187
13 0.222266 0.787109 0.0492187 0.0601563
13 0.817969 0.623047 0.0578125 0.0507812
14 0.136719 0.108984 0.0953125 0.100781
