0 0.464844 0.536719 0.279687 0.309375
1 0.4625 0.484766 0.270313 0.133594
2 0.465625 0.607812 0.275 0.164062
3 0.466797 0.651172 0.0476562 0.0726563
4 0.369922 0.576953 0.0242188 0.0320312
4 0.423828 0.572656 0.0289063 0.0328125
4 0.474219 0.566016 0.025 0.0304687
4 0.522656 0.564844 0.0265625 0.0359375
5 0.569141 0.351562 0.125781 0.148438
6 0.575 0.326953 0.114062 0.0976562
7 0.467578 0.738281 0.541406 0.370312
8 0.322266 0.392578 0.563281 0.344531
9 0.554688 0.775781 0.0984375 0.104688
10 0.461328 0.160938 0.708594 0.148438
11 0.816406 0.425781 0.225 0.320312
12 0.920312 0.727344 0.0546875 0.0859375
12 0.834766 0.891797 0.0570312 0.0820312
13 0.834766 0.728125 0.0335937 0.034375
13 0.93125 0.610156 0.0453125 0.034375
13 0.930078 0.825781 0.0460938 0.04375
13 0.758203 0.843359 0.0445313 0.0367188
13 0.0742188 0.8375 0.05 0.0359375
13 0.109766 0.667188 0.0523438 0.0375
13 0.241797 0.333984 0.0539063 0.0335937
14 0.544531 0.0898438 0.120313 0.1
