0 0.489063 0.437109 0.517188 0.388281
1 0.488281 0.344141 0.514062 0.199219
2 0.486328 0.528516 0.511719 0.207031
3 0.372656 0.559375 0.084375 0.135937
4 0.287891 0.530469 0.0601563 0.096875
4 0.640234 0.505469 0.146094 0.10625
5 0.304297 0.262891 0.0523438 0.164844
6 0.301563 0.224609 0.046875 0.0882813
7 0.121094 0.523438 0.242188 0.084375
7 0.867578 0.477344 0.264844 0.084375
8 0.205078 0.748047 0.410156 0.250781
9 0.733984 0.800391 0.357031 0.253906
10 0.500781 0.209375 0.998437 0.41875
11 0.126953 0.374219 0.177344 0.226562
11 0.823828 0.332031 0.191406 0.25
12 0.341797 0.844922 0.0601563 0.0585938
13 0.501172 0.904297 0.0523438 0.0273438
13 0.175781 0.925391 0.046875 0.0273438
14 0.118359 0.127734 0.233594 0.250781
