0 0.598437 0.486328 0.301563 0.657031
1 0.583203 0.266797 0.271094 0.216406
2 0.6 0.591406 0.298438 0.446875
3 0.600391 0.741406 0.147656 0.134375
4 0.596094 0.489453 0.114062 0.116406
5 0.665625 0.159375 0.103125 0.3
6 0.665625 0.0886719 0.103125 0.157031
7 0.284766 0.646875 0.347656 0.146875
7 0.867969 0.561719 0.240625 0.0953125
8 0.522266 0.900781 0.324219 0.146875
9 0.270703 0.790234 0.232031 0.180469
10 0.870313 0.167578 0.201563 0.161719
11 0.162109 0.473047 0.183594 0.358594
12 0.914453 0.716016 0.0695313 0.116406
12 0.866406 0.903516 0.0734375 0.105469
13 0.950781 0.813281 0.0390625 0.034375
13 0.808594 0.819922 0.05625 0.0351562
13 0.844141 0.658984 0.0539063 0.0289063
13 0.175 0.926172 0.065625 0.0320312
14 0.172266 0.136328 0.242969 0.232031
