0 0.610156 0.433984 0.65 0.511719
1 0.609375 0.373437 0.648438 0.253125
2 0.626172 0.548438 0.591406 0.28125
3 0.545312 0.598047 0.170313 0.177344
4 0.467187 0.432812 0.117188 0.0609375
4 0.678516 0.583984 0.0851563 0.0664062
4 0.533203 0.560156 0.0695313 0.0390625
4 0.389844 0.566016 0.090625 0.0664062
5 0.838281 0.162109 0.271875 0.197656
6 0.845313 0.127344 0.257812 0.129688
7 0.175781 0.579688 0.334375 0.114062
8 0.51875 0.846484 0.292187 0.307031
9 0.258984 0.809375 0.324219 0.259375
10 0.476953 0.173047 0.872656 0.317969
11 0.894922 0.699219 0.210156 0.55
12 0.701172 0.835156 0.0773438 0.0890625
12 0.792969 0.747266 0.0828125 0.100781
13 0.698047 0.734375 0.0367188 0.0203125
13 0.765234 0.921875 0.0789062 0.0203125
13 0.628906 0.950781 0.0453125 0.0171875
13 0.173437 0.963281 0.090625 0.0234375
13 0.293359 0.958984 0.0117188 0.0304687
14 0.385937 0.0921875 0.289062 0.184375
