0 0.742578 0.444922 0.161719 0.799219
1 0.742188 0.123828 0.159375 0.153906
2 0.74375 0.513672 0.132812 0.663281
3 0.695703 0.805078 0.0367188 0.0632812
4 0.741016 0.242969 0.0398437 0.05625
5 0.842187 0.0820312 0.157812 0.0953125
6 0.842578 0.0613281 0.158594 0.0523438
7 0.542188 0.744531 0.285938 0.08125
7 0.891016 0.773828 0.164844 0.0570312
8 0.545312 0.907813 0.334375 0.153125
9 0.847266 0.913281 0.122656 0.0625
10 0.348047 0.551562 0.689844 0.479687
10 0.884766 0.510547 0.211719 0.163281
11 0.537891 0.289062 0.0382813 0.0625
12 0.401953 0.937891 0.0351562 0.0570312
12 0.488281 0.921094 0.028125 0.053125
12 0.548047 0.831641 0.0351562 0.0445313
12 0.614844 0.805469 0.03125 0.059375
12 0.723437 0.86875 0.0328125 0.0578125
12 0.825781 0.829688 0.034375 0.046875
13 0.139844 0.928906 0.0703125 0.0421875
13 0.221094 0.919922 0.05625 0.0367188
13 0.316406 0.894531 0.0578125 0.025
13 0.3375 0.938281 0.053125 0.0359375
13 0.415234 0.882812 0.0507812 0.0296875
13 0.490234 0.838672 0.0554687 0.0304687
13 0.657422 0.940625 0.0445313 0.0203125
13 0.746484 0.95 0.0679687 0.021875
13 0.781641 0.884375 0.0398437 0.0265625
13 0.851172 0.974219 0.0632812 0.0171875
13 0.898047 0.875391 0.0757812 0.0257812
13 0.857812 0.630859 0.053125 0.0273438
13 0.930078 0.717578 0.0617188 0.0242188
13 0.592187 0.635938 0.0484375 0.0359375
13 0.490625 0.539062 0.034375 0.0171875
14 0.0996094 0.0988281 0.124219 0.107031
