0 0.441406 0.263281 0.25 0.278125
1 0.441406 0.198828 0.25 0.149219
2 0.438672 0.329297 0.221094 0.146094
3 0.497656 0.356641 0.0390625 0.0726563
4 0.399219 0.316016 0.075 0.0554687
5 0.510938 0.1375 0.0328125 0.16875
6 0.503516 0.101953 0.0195312 0.0976562
7 0.422656 0.410156 0.5375 0.246875
8 0.460547 0.438672 0.103906 0.0976562
9 0.315234 0.438281 0.113281 0.053125
10 0.791797 0.175 0.396094 0.170313
11 0.722266 0.320312 0.100781 0.198437
12 0.794531 0.400781 0.0734375 0.0953125
13 0.546094 0.430859 0.0203125 0.0257812
13 0.564453 0.426172 0.0226562 0.0257812
13 0.591016 0.424219 0.0289063 0.0296875
13 0.569922 0.396484 0.0257812 0.0273438
13 0.588672 0.39375 0.0148437 0.028125
13 0.603516 0.391406 0.0289063 0.0265625
14 0.126562 0.0886719 0.173437 0.166406
