0 0.470313 0.384766 0.542188 0.477344
1 0.475781 0.368359 0.521875 0.191406
2 0.472656 0.516406 0.521875 0.220312
3 0.655078 0.564844 0.0742188 0.1125
4 0.656641 0.399609 0.0539063 0.0585938
5 0.377344 0.149219 0.142187 0.298438
6 0.38125 0.0828125 0.11875 0.165625
7 0.767188 0.68125 0.2125 0.18125
8 0.540625 0.796484 0.176563 0.407031
9 0.187891 0.808984 0.375781 0.382031
10 0.854297 0.375391 0.291406 0.499219
11 0.116016 0.341797 0.232031 0.469531
12 0.339062 0.678125 0.05625 0.0875
13 0.335547 0.759375 0.285156 0.16875
13 0.792188 0.775781 0.415625 0.154688
14 0.915234 0.0726563 0.144531 0.140625
