0 0.416406 0.370312 0.207813 0.325
1 0.421484 0.2875 0.196094 0.157812
2 0.415234 0.439063 0.205469 0.1875
3 0.420312 0.485156 0.0703125 0.090625
4 0.370312 0.394922 0.05 0.0601563
5 0.486328 0.223438 0.0554687 0.239063
6 0.488281 0.150781 0.046875 0.09375
7 0.5 0.8 1 0.135937
8 0.5 0.911719 1 0.176563
9 0.192578 0.694141 0.271094 0.239844
10 0.172656 0.432031 0.321875 0.285938
11 0.747656 0.337109 0.245312 0.366406
12 0.870703 0.416406 0.0664062 0.21875
13 0.154297 0.514062 0.308594 0.125
13 0.761328 0.48125 0.475781 0.101562
14 0.895703 0.0851563 0.167969 0.170313
