0 0.503516 0.246094 0.177344 0.3
1 0.500391 0.197266 0.167969 0.202344
2 0.501172 0.330469 0.175781 0.134375
3 0.536719 0.347656 0.0453125 0.0671875
4 0.469141 0.327734 0.0648438 0.0664062
5 0.575781 0.0976562 0.0984375 0.145313
6 0.581641 0.0609375 0.0867187 0.071875
7 0.392188 0.270703 0.170313 0.272656
7 0.611719 0.269922 0.151562 0.255469
8 0.498047 0.50625 0.0929688 0.259375
9 0.622266 0.255859 0.0695313 0.0726563
10 0.826172 0.102734 0.332031 0.205469
11 0.210156 0.283594 0.242188 0.523438
12 0.947656 0.19375 0.0234375 0.0546875
12 0.821875 0.196484 0.040625 0.0617188
12 0.741016 0.146875 0.0367188 0.0625
12 0.894531 0.125391 0.040625 0.0570312
12 0.884375 0.0648438 0.0390625 0.0640625
13 0.0953125 0.288672 0.034375 0.0210938
13 0.220703 0.371484 0.0289063 0.0179687
13 0.346094 0.474219 0.0296875 0.01875
13 0.551172 0.423438 0.0414062 0.0234375
13 0.757422 0.410156 0.0367188 0.0203125
13 0.954297 0.4375 0.0195312 0.01875
13 0.408594 0.235156 0.034375 0.0171875
13 0.459375 0.0773438 0.028125 0.0234375
13 0.639844 0.120703 0.0359375 0.0195312
14 0.813281 0.0480469 0.120313 0.0960938
