0 0.538281 0.449219 0.579688 0.509375
1 0.542969 0.342969 0.56875 0.296875
2 0.537891 0.546484 0.578906 0.314844
3 0.768359 0.592969 0.0789062 0.1
4 0.353125 0.512891 0.128125 0.122656
5 0.737109 0.227344 0.255469 0.326562
6 0.746094 0.188281 0.2375 0.248438
7 0.486719 0.818359 0.973437 0.324219
8 0.771484 0.819141 0.314844 0.307031
9 0.178125 0.272266 0.273438 0.271094
10 0.783203 0.116797 0.433594 0.233594
11 0.909375 0.457813 0.175 0.353125
12 0.139063 0.570312 0.115625 0.190625
13 0.25625 0.705078 0.146875 0.107031
13 0.387891 0.712109 0.146094 0.121094
13 0.559766 0.724609 0.152344 0.108594
14 0.428516 0.0988281 0.327344 0.197656
