0 0.368359 0.438672 0.347656 0.635156
1 0.364844 0.242578 0.303125 0.203906
2 0.36875 0.541406 0.345313 0.429688
3 0.375 0.664453 0.120313 0.175781
4 0.334375 0.489063 0.114062 0.115625
5 0.533984 0.154688 0.213281 0.228125
6 0.540625 0.0871094 0.2 0.0929688
7 0.157812 0.773828 0.1625 0.196094
7 0.553516 0.732031 0.344531 0.2125
8 0.291797 0.873047 0.292969 0.252344
9 0.775391 0.887891 0.244531 0.144531
10 0.773438 0.278906 0.45 0.314063
11 0.783594 0.529297 0.185938 0.249219
11 0.893359 0.535547 0.182031 0.244531
12 0.80625 0.734766 0.071875 0.0664062
12 0.883203 0.764844 0.0632812 0.0546875
12 0.819531 0.778516 0.059375 0.0617188
13 0.905859 0.676562 0.103906 0.05625
14 0.803906 0.141016 0.217188 0.174219
