0 0.445703 0.394141 0.352344 0.467969
1 0.453516 0.239063 0.311719 0.15625
2 0.446484 0.466797 0.352344 0.322656
3 0.551953 0.549609 0.108594 0.155469
4 0.386719 0.428125 0.0875 0.115625
4 0.485938 0.426563 0.065625 0.109375
5 0.316406 0.181641 0.170313 0.121094
6 0.278906 0.151562 0.0953125 0.059375
7 0.792578 0.758984 0.414844 0.442969
8 0.316016 0.925391 0.632031 0.149219
9 0.840234 0.294141 0.311719 0.414844
10 0.569531 0.0886719 0.376563 0.157031
11 0.178516 0.347656 0.291406 0.551562
12 0.5375 0.71875 0.075 0.121875
13 0.325781 0.844141 0.651563 0.0992187
14 0.3125 0.0679687 0.160938 0.135937
