0 0.421094 0.243359 0.164062 0.303906
1 0.419141 0.176172 0.160156 0.114844
2 0.421094 0.308984 0.164062 0.172656
3 0.446094 0.34375 0.0609375 0.1
4 0.405469 0.255859 0.0375 0.0367188
5 0.451562 0.0933594 0.0609375 0.178906
6 0.451953 0.0519531 0.0617188 0.0960938
7 0.384766 0.353906 0.405469 0.229687
8 0.234375 0.410938 0.210938 0.195312
9 0.388281 0.471875 0.135937 0.142187
10 0.244531 0.101953 0.348438 0.124219
10 0.623047 0.125391 0.300781 0.146094
11 0.224219 0.234375 0.0609375 0.1375
12 0.239844 0.323828 0.0203125 0.0273438
12 0.360547 0.383594 0.0226562 0.028125
13 0.289453 0.293359 0.0570312 0.0242188
13 0.519141 0.329688 0.0367188 0.0359375
13 0.469922 0.4125 0.0367188 0.040625
13 0.0632812 0.3375 0.0734375 0.0453125
13 0.582031 0.200391 0.08125 0.0523438
13 0.593359 0.323047 0.0710937 0.0414062
14 0.296094 0.154297 0.0984375 0.103906
