0 0.501172 0.346484 0.446094 0.446094
1 0.501563 0.232813 0.445312 0.21875
2 0.506641 0.43125 0.386719 0.276562
3 0.596875 0.48125 0.0765625 0.167187
4 0.440234 0.412109 0.149219 0.103906
5 0.571484 0.130469 0.414844 0.214062
6 0.579297 0.0816406 0.399219 0.114844
7 0.175391 0.451172 0.280469 0.135156
8 0.735938 0.66875 0.467187 0.284375
9 0.203516 0.748437 0.200781 0.19375
10 0.180078 0.270313 0.303906 0.210938
11 0.247266 0.161719 0.0867187 0.096875
12 0.197266 0.341016 0.0429688 0.0460938
13 0.253125 0.364453 0.0296875 0.0195312
13 0.251563 0.258203 0.0265625 0.0257812
13 0.294141 0.214453 0.0242188 0.0210938
14 0.863281 0.136328 0.173437 0.191406
