0 0.415625 0.670703 0.417187 0.658594
1 0.422656 0.511719 0.396875 0.203125
2 0.413281 0.777734 0.4125 0.444531
3 0.525 0.929297 0.0921875 0.141406
4 0.282813 0.657031 0.0703125 0.053125
4 0.478516 0.632422 0.0617188 0.0460938
4 0.287109 0.847266 0.0617188 0.0460938
4 0.446484 0.900391 0.0554687 0.0476562
4 0.503516 0.804297 0.0492187 0.0414062
5 0.229687 0.300781 0.24375 0.28125
6 0.200391 0.274609 0.194531 0.230469
7 0.107813 0.936328 0.215625 0.127344
8 0.717578 0.294922 0.0664062 0.289844
8 0.682422 0.808594 0.0976562 0.382812
9 0.116406 0.699219 0.15 0.145313
10 0.120313 0.442578 0.240625 0.219531
11 0.7875 0.696484 0.320312 0.607031
12 0.0226562 0.830078 0.034375 0.0460938
12 0.0839844 0.835547 0.0382813 0.0382813
12 0.153125 0.838281 0.040625 0.046875
12 0.183984 0.767188 0.0351562 0.040625
13 0.117578 0.712891 0.235156 0.342969
14 0.425781 0.173047 0.398438 0.344531
