0 0.480859 0.450781 0.539844 0.817187
1 0.484375 0.316016 0.534375 0.503906
2 0.476953 0.676953 0.527344 0.366406
3 0.457031 0.759375 0.185938 0.134375
4 0.313281 0.615625 0.078125 0.071875
4 0.601172 0.609375 0.0742188 0.06875
5 0.684375 0.155469 0.285938 0.29375
6 0.733203 0.0457031 0.189844 0.0742188
7 0.126172 0.765625 0.210156 0.157812
8 0.339844 0.907813 0.10625 0.184375
9 0.763672 0.930859 0.189844 0.124219
10 0.863281 0.482422 0.273438 0.319531
11 0.894922 0.364063 0.0898438 0.164062
12 0.795312 0.437109 0.071875 0.121094
13 0.126953 0.877734 0.132031 0.0445313
14 0.914844 0.103125 0.170313 0.175
