0 0.5 0.414844 1 0.775
1 0.553906 0.139063 0.285938 0.210938
2 0.537891 0.471094 0.403906 0.571875
2 0.903125 0.472656 0.19375 0.504687
3 0.634766 0.601172 0.0820312 0.207031
4 0.905859 0.587891 0.0617188 0.103906
4 0.917969 0.333203 0.0890625 0.0960938
4 0.640234 0.355469 0.0804688 0.084375
4 0.467578 0.366406 0.117969 0.13125
5 0.691406 0.0839844 0.1875 0.146094
6 0.696484 0.021875 0.175781 0.0234375
7 0.552344 0.857031 0.782813 0.267188
8 0.525781 0.867578 0.128125 0.264844
9 0.88125 0.704297 0.15625 0.0695313
10 0.240234 0.152734 0.480469 0.305469
11 0.117578 0.573047 0.235156 0.853906
12 0.116016 0.2125 0.0679687 0.0578125
12 0.159375 0.333984 0.0609375 0.0710937
12 0.202734 0.703125 0.0539063 0.0546875
12 0.0878906 0.895703 0.0570312 0.191406
12 0.0992187 0.913281 0.06875 0.11875
12 0.142578 0.896094 0.0679687 0.140625
13 0.400781 0.80625 0.0859375 0.0421875
13 0.533984 0.782813 0.0617188 0.0484375
13 0.693359 0.809766 0.0773438 0.0445313
13 0.844531 0.779687 0.0578125 0.0375
14 0.873437 0.102344 0.198437 0.1875
