0 0.213672 0.1875 0.427344 0.375
1 0.213281 0.0839844 0.426563 0.167969
2 0.172656 0.253516 0.345313 0.242969
3 0.158203 0.296875 0.0757812 0.120313
4 0.0621094 0.203125 0.100781 0.0953125
4 0.265625 0.203516 0.0859375 0.110156
5 0.371094 0.05 0.06875 0.1
6 0.369922 0.015625 0.0664062 0.03125
7 0.236719 0.239453 0.473438 0.467969
8 0.343359 0.678906 0.447656 0.642188
9 0.783203 0.737891 0.433594 0.524219
10 0.716406 0.1625 0.567187 0.260937
11 0.121875 0.74375 0.24375 0.475
12 0.474219 0.751953 0.05 0.0523438
12 0.670703 0.64375 0.0523438 0.05
12 0.619922 0.434766 0.0585938 0.0570312
12 0.365234 0.508594 0.0445313 0.0546875
12 0.917969 0.376172 0.0546875 0.0617188
13 0.580469 0.800391 0.0453125 0.0398437
13 0.501563 0.581641 0.05625 0.0304687
13 0.810937 0.45625 0.075 0.0328125
13 0.549219 0.317969 0.053125 0.0296875
14 0.940625 0.0640625 0.11875 0.128125
