0 0.467969 0.486328 0.129688 0.199219
1 0.467578 0.433984 0.128906 0.0851563
2 0.466406 0.522266 0.128125 0.127344
3 0.483594 0.549219 0.0453125 0.0546875
4 0.437891 0.503516 0.0398437 0.0445313
5 0.455078 0.390625 0.0492187 0.104688
6 0.461328 0.360547 0.0367188 0.0460938
7 0.676562 0.751953 0.210938 0.0867187
8 0.514062 0.787891 0.207813 0.416406
9 0.385937 0.733594 0.285938 0.151562
10 0.5 0.272266 1 0.338281
11 0.198047 0.634766 0.180469 0.249219
12 0.796484 0.858594 0.0507812 0.0921875
13 0.903906 0.7625 0.0484375 0.034375
13 0.710547 0.573828 0.0632812 0.0367188
13 0.130469 0.761328 0.053125 0.0382813
14 0.114844 0.107031 0.229687 0.214062
