0 0.250781 0.417187 0.310937 0.670312
1 0.248828 0.233203 0.299219 0.288281
2 0.235547 0.54375 0.257031 0.403125
3 0.237109 0.645312 0.133594 0.184375
4 0.292187 0.433203 0.06875 0.0820312
4 0.180859 0.442188 0.0585938 0.08125
5 0.251172 0.148828 0.286719 0.297656
6 0.25 0.0566406 0.2875 0.111719
7 0.44375 0.559766 0.179688 0.141406
8 0.556641 0.852344 0.819531 0.228125
9 0.804297 0.697266 0.299219 0.222656
10 0.692969 0.209375 0.520312 0.225
11 0.584766 0.504297 0.177344 0.361719
12 0.492578 0.688672 0.0617188 0.102344
12 0.412891 0.682422 0.0664062 0.103906
13 0.628125 0.810547 0.09375 0.0242188
13 0.462109 0.808594 0.136719 0.0265625
14 0.880469 0.0570312 0.134375 0.1
