0 0.317969 0.439844 0.617188 0.725
1 0.317188 0.301563 0.61875 0.296875
2 0.315234 0.614453 0.567969 0.364844
3 0.473047 0.636328 0.180469 0.321094
4 0.226172 0.58125 0.199219 0.18125
4 0.480078 0.577734 0.141406 0.141406
5 0.53125 0.169141 0.254688 0.338281
6 0.542969 0.0441406 0.226562 0.0882813
7 0.802344 0.728516 0.395313 0.171094
8 0.324219 0.890234 0.498437 0.219531
9 0.8 0.605469 0.4 0.159375
10 0.758203 0.217969 0.483594 0.20625
11 0.154297 0.18125 0.308594 0.315625
12 0.178906 0.853125 0.05625 0.090625
12 0.660547 0.897656 0.0507812 0.0828125
12 0.755078 0.869141 0.0539063 0.102344
13 0.648438 0.851172 0.0453125 0.0304687
13 0.601172 0.823047 0.0757812 0.0320312
13 0.838281 0.912109 0.034375 0.0304687
13 0.90625 0.877734 0.046875 0.0320312
13 0.0671875 0.896875 0.0484375 0.03125
13 0.135547 0.824609 0.0492187 0.0351562
13 0.0484375 0.81875 0.04375 0.0328125
14 0.875391 0.0929688 0.210156 0.185938
