0 0.414062 0.452734 0.453125 0.475781
1 0.414844 0.357812 0.454688 0.178125
2 0.426563 0.539844 0.334375 0.295312
3 0.35 0.602344 0.078125 0.135937
4 0.496094 0.51875 0.0765625 0.09375
5 0.549219 0.197266 0.146875 0.213281
6 0.553125 0.148438 0.139063 0.11875
7 0.303125 0.784375 0.325 0.123438
8 0.753906 0.592969 0.242188 0.703125
9 0.142969 0.536328 0.128125 0.169531
10 0.227344 0.21875 0.364063 0.275
11 0.646094 0.578125 0.0890625 0.220312
12 0.51875 0.810937 0.05625 0.0953125
12 0.242188 0.93125 0.065625 0.1125
13 0.104688 0.714844 0.0640625 0.053125
13 0.0820312 0.920703 0.05 0.0679687
14 0.848437 0.0921875 0.179688 0.153125
