0 0.166406 0.332422 0.3 0.425781
1 0.163672 0.244922 0.291406 0.249219
2 0.189453 0.428516 0.253906 0.232031
3 0.269922 0.469141 0.0929688 0.127344
4 0.165234 0.401953 0.0882813 0.0992187
5 0.09375 0.210156 0.084375 0.18125
6 0.0789062 0.166016 0.0546875 0.0945312
7 0.248438 0.55 0.432812 0.4125
8 0.642188 0.392969 0.675 0.245312
9 0.733984 0.650781 0.436719 0.320312
10 0.484375 0.126172 0.96875 0.166406
11 0.469922 0.646484 0.0992187 0.275781
12 0.256641 0.824609 0.157031 0.169531
13 0.135547 0.596094 0.0351562 0.0625
13 0.626953 0.446484 0.0601563 0.0726563
13 0.962109 0.5375 0.0367188 0.0421875
13 0.941797 0.835938 0.0835937 0.0578125
13 0.707422 0.841406 0.0539063 0.065625
13 0.602734 0.932813 0.0523438 0.0484375
13 0.453125 0.821875 0.0453125 0.0578125
14 0.88125 0.0761719 0.192188 0.147656
