0 0.216406 0.361719 0.314063 0.440625
1 0.213281 0.251172 0.301563 0.210156
2 0.215625 0.446484 0.30625 0.264844
3 0.277734 0.473438 0.0882813 0.145313
4 0.125 0.4125 0.0765625 0.0890625
5 0.241406 0.128516 0.21875 0.207031
6 0.241797 0.116797 0.216406 0.182031
7 0.232031 0.591406 0.423438 0.228125
8 0.762891 0.690625 0.474219 0.615625
9 0.487891 0.764453 0.189844 0.146094
10 0.709766 0.290625 0.449219 0.398438
11 0.435156 0.266406 0.223438 0.425
12 0.498828 0.555078 0.0664062 0.0976562
13 0.494531 0.733594 0.959375 0.507812
14 0.0910156 0.119922 0.182031 0.239844
