0 0.49375 0.555469 0.1875 0.204687
1 0.493359 0.503125 0.186719 0.1
2 0.500391 0.595703 0.152344 0.124219
3 0.535937 0.6125 0.0484375 0.059375
4 0.477734 0.585547 0.0492187 0.0445313
5 0.446484 0.366406 0.0695313 0.275
6 0.443359 0.335547 0.0632812 0.213281
7 0.292578 0.722266 0.249219 0.0835937
8 0.532813 0.814844 0.129688 0.365625
9 0.733203 0.878125 0.402344 0.11875
10 0.503125 0.325391 0.99375 0.311719
11 0.146094 0.590625 0.117188 0.1625
11 0.798047 0.632422 0.178906 0.207031
12 0.0695313 0.771094 0.0765625 0.1375
13 0.1625 0.905469 0.04375 0.03125
13 0.289844 0.816406 0.0515625 0.034375
13 0.416797 0.785156 0.0382813 0.0296875
13 0.424609 0.908203 0.0460938 0.0335937
14 0.600391 0.310156 0.163281 0.173437
