0 0.452734 0.466797 0.496094 0.502344
1 0.461328 0.330078 0.472656 0.228906
2 0.453906 0.566406 0.495312 0.301563
3 0.449219 0.604688 0.126562 0.195312
4 0.319531 0.507812 0.0859375 0.0859375
4 0.604297 0.517969 0.0820312 0.078125
5 0.638672 0.221875 0.191406 0.285938
6 0.640234 0.14375 0.189844 0.129688
7 0.766016 0.939844 0.447656 0.1
7 0.226562 0.944922 0.45 0.110156
8 0.480469 0.832031 0.128125 0.273438
9 0.234375 0.846484 0.284375 0.138281
10 0.276172 0.266797 0.538281 0.394531
11 0.832422 0.434375 0.205469 0.323437
11 0.114453 0.591406 0.147656 0.298438
12 0.661328 0.828906 0.0757812 0.121875
12 0.783984 0.722656 0.0773438 0.11875
13 0.0613281 0.8125 0.0414062 0.0203125
13 0.222266 0.733203 0.0414062 0.0210938
13 0.610547 0.760938 0.0445313 0.028125
13 0.916016 0.785156 0.0539063 0.0296875
13 0.903906 0.625781 0.053125 0.028125
14 0.860547 0.103516 0.208594 0.186719
