0 0.470703 0.304297 0.544531 0.457031
1 0.470703 0.232422 0.544531 0.319531
2 0.475781 0.444141 0.510938 0.177344
3 0.370312 0.435547 0.1 0.186719
3 0.583984 0.441406 0.0867187 0.15
4 0.479297 0.261719 0.121094 0.1
4 0.476562 0.421484 0.10625 0.0742188
5 0.632812 0.119141 0.096875 0.196094
6 0.634766 0.0542969 0.0929688 0.0617188
7 0.114062 0.472656 0.228125 0.140625
7 0.857812 0.464844 0.235937 0.189062
8 0.335938 0.730469 0.145313 0.375
8 0.560937 0.717187 0.0828125 0.342187
9 0.117969 0.567187 0.151562 0.103125
10 0.146094 0.176172 0.292187 0.191406
11 0.115234 0.349219 0.157031 0.184375
12 0.180078 0.659375 0.111719 0.114062
12 0.124609 0.814844 0.125781 0.115625
12 0.710938 0.864844 0.128125 0.114062
12 0.784766 0.673828 0.119531 0.0992187
13 0.766797 0.770703 0.132031 0.0492187
13 0.855859 0.919922 0.121094 0.0414062
13 0.132422 0.725781 0.0867187 0.03125
13 0.196484 0.877734 0.0742188 0.0539063
14 0.882812 0.122266 0.234375 0.244531
