0 0.407031 0.3125 0.110937 0.210938
1 0.408203 0.256641 0.0960938 0.0773438
2 0.403125 0.346875 0.101562 0.140625
3 0.386719 0.384766 0.0671875 0.0648438
4 0.401172 0.25625 0.0367188 0.028125
5 0.430859 0.221875 0.0679687 0.090625
6 0.430859 0.203516 0.0695313 0.0539063
7 0.300391 0.66875 0.333594 0.154688
8 0.483984 0.457813 0.899219 0.096875
9 0.791797 0.254297 0.216406 0.150781
10 0.194922 0.147656 0.389844 0.282813
11 0.598828 0.250391 0.142969 0.264844
12 0.742969 0.108594 0.0796875 0.101562
13 0.906641 0.403516 0.0695313 0.0351562
13 0.525781 0.390234 0.053125 0.0445313
13 0.194531 0.368359 0.0703125 0.0539063
14 0.885547 0.0707031 0.146094 0.133594
