0 0.504297 0.844531 0.580469 0.310937
1 0.501172 0.789844 0.572656 0.16875
2 0.510547 0.9125 0.553906 0.175
3 0.702734 0.955078 0.0523438 0.0789062
4 0.620313 0.900391 0.075 0.0679687
4 0.531641 0.90625 0.0585938 0.0578125
4 0.417187 0.912891 0.0734375 0.0539063
4 0.296875 0.917188 0.065625 0.0578125
5 0.660156 0.694922 0.110937 0.107031
6 0.673047 0.671875 0.0835937 0.059375
7 0.5 0.600391 1 0.286719
8 0.5 0.416797 1 0.464844
9 0.535937 0.0667969 0.2375 0.133594
10 0.766016 0.148047 0.302344 0.194531
11 0.275 0.293359 0.370312 0.377344
12 0.539062 0.293359 0.09375 0.122656
13 0.0847656 0.751172 0.0679687 0.0539063
13 0.177344 0.702734 0.0609375 0.0414062
13 0.263672 0.660156 0.0523438 0.0515625
13 0.3375 0.628906 0.05625 0.0515625
13 0.421484 0.611328 0.0679687 0.0523438
13 0.495703 0.593359 0.0617188 0.0539063
13 0.573828 0.591016 0.0570312 0.0507812
13 0.648438 0.595703 0.0609375 0.0492187
13 0.730078 0.597656 0.0585938 0.046875
13 0.803516 0.626172 0.0664062 0.0554687
13 0.885547 0.655859 0.0679687 0.0476562
14 0.0960938 0.0839844 0.176563 0.150781
