0 0.75 0.5 0.376563 0.49375
1 0.75 0.38125 0.378125 0.25625
2 0.749219 0.620313 0.335938 0.254688
3 0.691016 0.674609 0.0773438 0.136719
4 0.812109 0.604297 0.108594 0.100781
4 0.748047 0.396875 0.146094 0.120313
5 0.910156 0.211719 0.176563 0.39375
6 0.911328 0.125781 0.174219 0.221875
7 0.897266 0.585156 0.205469 0.554688
7 0.521094 0.595313 0.303125 0.521875
8 0.65 0.880078 0.375 0.239844
9 0.169922 0.833594 0.232031 0.204687
10 0.501172 0.166016 0.997656 0.278906
11 0.299219 0.427734 0.304688 0.472656
12 0.508203 0.657031 0.0632812 0.090625
13 0.214062 0.682422 0.0265625 0.0195312
13 0.282031 0.725781 0.0359375 0.028125
13 0.375781 0.751172 0.046875 0.0195312
13 0.401562 0.801172 0.0421875 0.0335937
13 0.318359 0.806641 0.0382813 0.0257812
13 0.380078 0.855469 0.0523438 0.0265625
13 0.289844 0.896094 0.040625 0.034375
14 0.0863281 0.0785156 0.163281 0.147656
