0 0.463281 0.390234 0.475 0.457031
1 0.463281 0.280469 0.475 0.239063
2 0.474219 0.482422 0.375 0.271094
3 0.482422 0.534766 0.119531 0.125781
4 0.347266 0.441406 0.0757812 0.0734375
4 0.573438 0.413281 0.065625 0.06875
5 0.594141 0.171875 0.0820312 0.234375
6 0.595313 0.103906 0.078125 0.0984375
7 0.246094 0.689844 0.326562 0.145313
8 0.537109 0.716016 0.166406 0.221094
9 0.821484 0.563672 0.274219 0.447656
10 0.837891 0.110547 0.324219 0.221094
11 0.128906 0.405469 0.190625 0.25
12 0.690234 0.457422 0.0460938 0.0820312
13 0.44375 0.911328 0.0765625 0.0335937
13 0.7625 0.877344 0.0703125 0.03125
13 0.212109 0.891797 0.0726563 0.0304687
14 0.190625 0.119141 0.276562 0.238281
