0 0.439063 0.582812 0.6875 0.834375
1 0.4375 0.316016 0.66875 0.300781
2 0.439063 0.720313 0.6875 0.559375
3 0.520703 0.908984 0.107031 0.171094
4 0.251953 0.791797 0.0851563 0.0945312
5 0.635938 0.255469 0.084375 0.24375
6 0.634375 0.170313 0.053125 0.0734375
7 0.875 0.664844 0.25 0.153125
8 0.875391 0.842578 0.249219 0.314844
9 0.861328 0.210938 0.277344 0.342187
10 0.486328 0.0886719 0.308594 0.157031
11 0.0652344 0.546094 0.125781 0.232813
12 0.0585938 0.698828 0.028125 0.0460938
12 0.844531 0.880859 0.028125 0.0351562
13 0.866797 0.916797 0.0601563 0.0304687
13 0.0488281 0.794922 0.0632812 0.0414062
13 0.0679687 0.915625 0.0375 0.0203125
14 0.179297 0.167187 0.278906 0.2875
