0 0.544922 0.455078 0.692969 0.686719
1 0.545312 0.330859 0.69375 0.296094
2 0.544141 0.614844 0.510156 0.365625
3 0.520703 0.703516 0.108594 0.157031
4 0.372266 0.581641 0.0539063 0.0554687
4 0.676953 0.637891 0.0617188 0.0867187
5 0.680469 0.104688 0.16875 0.18125
6 0.699219 0.0617188 0.132812 0.0984375
7 0.15625 0.754297 0.276562 0.160156
8 0.50625 0.8875 0.95625 0.223438
9 0.125781 0.508594 0.153125 0.159375
10 0.160156 0.331641 0.303125 0.163281
11 0.885156 0.688281 0.164062 0.33125
12 0.787891 0.828125 0.0617188 0.0921875
13 0.215625 0.8625 0.365625 0.096875
14 0.915625 0.108594 0.16875 0.217188
