0 0.510938 0.595703 0.43125 0.808594
1 0.511328 0.367188 0.419531 0.346875
2 0.511328 0.758203 0.425781 0.483594
3 0.501172 0.926562 0.107031 0.146875
4 0.385156 0.805859 0.06875 0.0695313
4 0.625781 0.836328 0.075 0.0695313
4 0.640234 0.642188 0.0664062 0.059375
4 0.404297 0.626563 0.0617188 0.059375
5 0.674609 0.219922 0.0914062 0.439844
6 0.681641 0.139063 0.0757812 0.278125
7 0.121484 0.782422 0.242969 0.360156
8 0.8875 0.5 0.225 1
9 0.121875 0.781641 0.24375 0.363281
10 0.225781 0.197656 0.3875 0.307812
11 0.173437 0.514453 0.123438 0.202344
12 0.772266 0.125391 0.0242188 0.0414062
13 0.752734 0.555469 0.0445313 0.05625
13 0.754297 0.699219 0.0445313 0.0421875
13 0.759375 0.819922 0.0421875 0.0460938
13 0.754297 0.915625 0.0445313 0.0515625
14 0.0574219 0.0570312 0.114844 0.114062
