0 0.28125 0.585547 0.284375 0.342969
1 0.281641 0.533203 0.283594 0.141406
2 0.283203 0.673438 0.242969 0.16875
3 0.332031 0.689844 0.0765625 0.120313
4 0.219141 0.646484 0.0445313 0.0648438
5 0.390234 0.407813 0.171094 0.125
6 0.401172 0.375 0.149219 0.0578125
7 0.136328 0.736719 0.133594 0.23125
7 0.431641 0.732422 0.175781 0.246094
8 0.587109 0.862109 0.786719 0.150781
9 0.830469 0.469141 0.2375 0.216406
10 0.528516 0.195703 0.933594 0.219531
11 0.100781 0.516797 0.171875 0.342969
12 0.432812 0.741016 0.0421875 0.0898438
13 0.135937 0.761719 0.028125 0.0109375
13 0.361719 0.790625 0.028125 0.0109375
13 0.538281 0.776563 0.0375 0.0125
13 0.451172 0.701953 0.0335937 0.0148437
14 0.541797 0.0824219 0.155469 0.160156
