0 0.497266 0.444922 0.388281 0.417969
1 0.497266 0.347266 0.388281 0.221094
2 0.504297 0.526563 0.316406 0.253125
3 0.601172 0.608594 0.0414062 0.075
4 0.405859 0.498828 0.0429688 0.0320312
4 0.595313 0.498828 0.053125 0.0382813
4 0.494922 0.341406 0.0554687 0.0546875
5 0.403516 0.249609 0.0585938 0.208594
6 0.411328 0.189844 0.0429688 0.0875
7 0.177734 0.599609 0.355469 0.139844
7 0.826562 0.589453 0.346875 0.114844
8 0.496094 0.826562 0.134375 0.346875
9 0.206641 0.783203 0.202344 0.132031
10 0.176953 0.572266 0.353906 0.189844
11 0.802344 0.325781 0.395313 0.629687
12 0.683594 0.786719 0.0828125 0.117188
12 0.867578 0.889453 0.0820312 0.114844
13 0.323828 0.921875 0.0679687 0.0625
13 0.715234 0.931641 0.0632812 0.0507812
13 0.903516 0.719141 0.0664062 0.0679687
13 0.0464844 0.789844 0.0679687 0.05625
14 0.117578 0.108203 0.163281 0.177344
