0 0.401562 0.552344 0.184375 0.389062
1 0.405859 0.451172 0.175781 0.186719
2 0.401562 0.6375 0.184375 0.21875
3 0.403516 0.69375 0.0554687 0.09375
4 0.408984 0.473047 0.0773438 0.0789062
5 0.532422 0.367578 0.196094 0.178906
6 0.547266 0.325781 0.167969 0.0953125
7 0.748828 0.685547 0.499219 0.0664062
8 0.164062 0.585547 0.301563 0.233594
9 0.859375 0.342578 0.23125 0.267969
10 0.489844 0.193359 0.935937 0.386719
11 0.775781 0.601562 0.104688 0.21875
12 0.883594 0.652734 0.065625 0.0914062
13 0.637891 0.849609 0.724219 0.124219
13 0.136719 0.852344 0.151562 0.0984375
14 0.0597656 0.0902344 0.0929688 0.149219
