0 0.271094 0.519531 0.348438 0.7125
1 0.271094 0.322656 0.298438 0.29375
2 0.273828 0.644922 0.346094 0.461719
3 0.272266 0.751953 0.133594 0.236719
4 0.353516 0.540625 0.102344 0.142187
5 0.433984 0.25625 0.203906 0.229687
6 0.440625 0.170703 0.190625 0.0601563
7 0.704688 0.772266 0.475 0.238281
8 0.5 0.921094 1 0.146875
9 0.880078 0.522656 0.146094 0.146875
10 0.739844 0.178125 0.520312 0.267188
11 0.671094 0.425781 0.182812 0.29375
12 0.0496094 0.757031 0.0789062 0.209375
13 0.598828 0.610547 0.188281 0.107031
14 0.0707031 0.0835937 0.139844 0.165625
