0 0.686719 0.332422 0.473438 0.385156
1 0.680859 0.248438 0.416406 0.210938
2 0.6875 0.407031 0.473438 0.234375
3 0.552734 0.392188 0.0960938 0.167187
4 0.658984 0.371875 0.0757812 0.078125
4 0.791797 0.377734 0.0679687 0.0820312
5 0.616016 0.16875 0.277344 0.259375
6 0.636328 0.101562 0.236719 0.123438
7 0.150391 0.316406 0.235156 0.167187
8 0.501563 0.683203 0.957812 0.189844
8 0.494141 0.866406 0.969531 0.253125
9 0.217969 0.0902344 0.15 0.107031
10 0.861719 0.201953 0.276562 0.332031
11 0.365234 0.171875 0.133594 0.198437
11 0.348828 0.401562 0.105469 0.182812
12 0.200391 0.465625 0.0445313 0.0515625
12 0.441797 0.458203 0.0382813 0.0664062
12 0.426953 0.430078 0.0367188 0.0804688
13 0.186719 0.44375 0.260937 0.120313
14 0.0734375 0.148438 0.146875 0.157812
