0 0.41875 0.573438 0.484375 0.632812
1 0.420312 0.405859 0.482812 0.157031
2 0.421484 0.666797 0.450781 0.444531
3 0.597656 0.771094 0.0953125 0.229687
4 0.430078 0.696484 0.147656 0.110156
4 0.412109 0.527344 0.133594 0.107813
5 0.503516 0.227734 0.0742188 0.225781
6 0.505859 0.180859 0.0695313 0.133594
7 0.689844 0.748437 0.0609375 0.34375
7 0.197656 0.775 0.171875 0.321875
8 0.757812 0.932422 0.484375 0.107031
9 0.864062 0.592969 0.232813 0.170313
10 0.914844 0.178125 0.170313 0.175
10 0.684766 0.123828 0.139844 0.121094
10 0.827344 0.126172 0.125 0.103906
10 0.29375 0.136328 0.14375 0.161719
10 0.138672 0.137109 0.208594 0.197656
11 0.772266 0.313281 0.235156 0.273438
12 0.707031 0.471484 0.04375 0.0804688
12 0.148828 0.359766 0.0445313 0.105469
12 0.826172 0.804688 0.0414062 0.096875
13 0.686719 0.759766 0.0515625 0.0242188
13 0.685156 0.725 0.0421875 0.0234375
13 0.682031 0.690234 0.0515625 0.0273438
13 0.453906 0.898047 0.0375 0.0226562
13 0.383594 0.909766 0.05 0.0273438
13 0.197656 0.857031 0.0265625 0.0265625
13 0.181641 0.779297 0.0695313 0.0242188
13 0.156641 0.709766 0.0382813 0.0179687
13 0.181641 0.659766 0.0460938 0.0335937
13 0.671484 0.635938 0.0273438 0.021875
14 0.916016 0.065625 0.167969 0.13125
