0 0.585547 0.641406 0.428906 0.717187
1 0.586719 0.419922 0.40625 0.272656
2 0.585547 0.765234 0.428906 0.469531
3 0.406641 0.931641 0.0679687 0.136719
4 0.481641 0.633594 0.0585938 0.0625
4 0.667188 0.602344 0.0515625 0.0703125
5 0.775 0.296875 0.214062 0.189062
6 0.807813 0.247266 0.148438 0.0898438
7 0.178906 0.806641 0.28125 0.171094
8 0.198047 0.565625 0.396094 0.33125
9 0.860547 0.396484 0.271094 0.321094
10 0.18125 0.269141 0.3625 0.314844
10 0.564453 0.189453 0.278906 0.257031
11 0.896094 0.832812 0.146875 0.334375
12 0.148438 0.946875 0.0734375 0.10625
12 0.309766 0.946484 0.0679687 0.0960938
13 0.065625 0.974609 0.05625 0.0289063
13 0.219531 0.975 0.053125 0.0203125
14 0.391406 0.126953 0.226562 0.253906
