0 0.496875 0.506641 0.7375 0.625781
1 0.482422 0.346094 0.463281 0.220312
2 0.497656 0.60625 0.735938 0.428125
3 0.46875 0.762109 0.120313 0.103906
4 0.698438 0.525781 0.104688 0.0546875
4 0.267188 0.554297 0.0828125 0.0585938
5 0.283594 0.219531 0.065625 0.29375
6 0.280859 0.127734 0.0585938 0.110156
7 0.0859375 0.730078 0.171875 0.113281
7 0.917578 0.739062 0.164844 0.132812
8 0.403516 0.904687 0.260156 0.190625
9 0.691406 0.894922 0.14375 0.135156
10 0.667578 0.223047 0.664844 0.446094
11 0.0808594 0.550391 0.0898438 0.264844
11 0.0328125 0.569922 0.065625 0.236719
12 0.522266 0.892188 0.0320312 0.0515625
12 0.514062 0.940625 0.0390625 0.0671875
13 0.537109 0.857812 0.0632812 0.0234375
13 0.5375 0.895703 0.021875 0.0210938
13 0.517188 0.909766 0.034375 0.0210938
13 0.505078 0.898438 0.0226562 0.015625
13 0.520312 0.971484 0.0484375 0.0242188
14 0.748437 0.122266 0.146875 0.211719
