0 0.471875 0.717187 0.303125 0.565625
1 0.461719 0.530859 0.276562 0.194531
2 0.467969 0.807813 0.295312 0.384375
3 0.475 0.913672 0.121875 0.172656
4 0.388281 0.716797 0.08125 0.116406
4 0.511719 0.720313 0.09375 0.121875
4 0.448437 0.546875 0.109375 0.071875
5 0.512891 0.461328 0.0617188 0.163281
6 0.512891 0.419922 0.0617188 0.0804688
7 0.5 0.911328 1 0.177344
8 0.169531 0.592187 0.339062 0.276562
8 0.754687 0.819141 0.320312 0.260156
9 0.111719 0.748047 0.204687 0.147656
10 0.396094 0.160938 0.792188 0.289062
10 0.966797 0.117969 0.0664062 0.15
11 0.292969 0.408594 0.154688 0.2
11 0.671875 0.426563 0.15 0.185938
11 0.859375 0.330859 0.16875 0.196094
12 0.266406 0.801562 0.04375 0.065625
12 0.437109 0.339453 0.0507812 0.0945312
12 0.830859 0.549609 0.0601563 0.107031
12 0.924609 0.638281 0.0570312 0.09375
13 0.096875 0.409766 0.084375 0.0492187
13 0.028125 0.733984 0.0359375 0.0695313
13 0.118359 0.691016 0.0664062 0.0351562
13 0.728125 0.632812 0.0875 0.0453125
13 0.915625 0.774219 0.084375 0.053125
14 0.867969 0.117578 0.165625 0.157031
