0 0.5 0.337109 1 0.674219
1 0.5 0.0921875 1 0.184375
2 0.5 0.417578 1 0.524219
3 0.108984 0.529297 0.217969 0.286719
4 0.123438 0.270313 0.135937 0.0734375
4 0.28125 0.282422 0.1 0.0648438
4 0.736719 0.389844 0.526563 0.303125
5 0.514453 0.0808594 0.214844 0.139844
6 0.514453 0.0515625 0.213281 0.08125
7 0.457031 0.700391 0.907813 0.0757812
8 0.851562 0.817969 0.296875 0.364063
9 0.674609 0.891797 0.277344 0.213281
10 0.771875 0.0523438 0.29375 0.104688
11 0.0484375 0.853516 0.096875 0.283594
11 0.787891 0.0429688 0.0664062 0.06875
12 0.5875 0.129297 0.0546875 0.0695313
13 0.447656 0.795312 0.034375 0.034375
13 0.503125 0.662891 0.0421875 0.0304687
13 0.652344 0.658594 0.0203125 0.009375
13 0.8875 0.644141 0.09375 0.0273438
13 0.461719 0.876172 0.0171875 0.0164063
13 0.269531 0.903125 0.0484375 0.0609375
13 0.0644531 0.658984 0.0929688 0.0710937
13 0.332031 0.649609 0.0765625 0.0507812
14 0.926562 0.0617188 0.146875 0.123438
