0 0.411328 0.420312 0.399219 0.428125
1 0.411328 0.380078 0.397656 0.311719
2 0.408984 0.518359 0.377344 0.228906
3 0.532422 0.564844 0.0492187 0.126562
4 0.295703 0.489844 0.0757812 0.084375
5 0.548828 0.161719 0.214844 0.323437
6 0.565234 0.114062 0.182031 0.228125
7 0.132422 0.572656 0.222656 0.226562
7 0.592969 0.520703 0.028125 0.0335937
7 0.873047 0.675781 0.250781 0.229687
8 0.629687 0.803906 0.246875 0.371875
9 0.2375 0.782813 0.35 0.367188
10 0.496875 0.282422 0.99375 0.491406
11 0.695703 0.598437 0.196094 0.335938
12 0.780078 0.753906 0.0601563 0.107813
13 0.487109 0.766016 0.0320312 0.0257812
13 0.789844 0.854297 0.0296875 0.0257812
14 0.874609 0.133594 0.235156 0.267188
