0 0.506641 0.375 0.721094 0.601562
1 0.506641 0.203516 0.719531 0.257031
2 0.486719 0.477344 0.603125 0.398438
3 0.462891 0.562109 0.160156 0.210156
4 0.311719 0.409375 0.142187 0.148438
4 0.633594 0.411328 0.146875 0.149219
5 0.864844 0.1375 0.217188 0.117188
6 0.903906 0.106641 0.140625 0.0554687
7 0.0984375 0.491797 0.16875 0.189844
7 0.893359 0.504297 0.213281 0.166406
8 0.417187 0.815625 0.367188 0.3125
9 0.789062 0.798438 0.271875 0.239063
10 0.123047 0.1625 0.185156 0.132812
11 0.921484 0.285547 0.127344 0.213281
12 0.117188 0.759766 0.0890625 0.153906
12 0.211719 0.753516 0.0703125 0.150781
13 0.1 0.898828 0.03125 0.0398437
13 0.847656 0.630078 0.0421875 0.0367188
13 0.909375 0.924219 0.0421875 0.0328125
14 0.0527344 0.0511719 0.105469 0.102344
