0 0.490234 0.277344 0.357031 0.470313
1 0.480078 0.127734 0.325781 0.167969
2 0.490625 0.355469 0.35625 0.31875
3 0.492578 0.460938 0.107031 0.101562
4 0.369922 0.280469 0.0570312 0.0640625
4 0.527734 0.266406 0.0679687 0.0640625
5 0.346094 0.107031 0.0953125 0.148438
6 0.342969 0.0550781 0.0921875 0.0414062
7 0.500781 0.669141 0.934375 0.592969
8 0.639844 0.742578 0.628125 0.514844
9 0.267969 0.676172 0.234375 0.210156
10 0.162891 0.194531 0.325781 0.175
11 0.826172 0.223828 0.188281 0.202344
12 0.177734 0.299219 0.0507812 0.10625
13 0.159766 0.336719 0.319531 0.0625
13 0.822266 0.310156 0.350781 0.06875
14 0.916406 0.0738281 0.117188 0.110156
