0 0.303906 0.176563 0.160938 0.21875
1 0.298438 0.120703 0.0859375 0.108594
2 0.304297 0.216797 0.161719 0.136719
3 0.292187 0.243359 0.0671875 0.0710937
4 0.330469 0.193359 0.05 0.0492187
5 0.390625 0.0804688 0.135937 0.160938
6 0.391016 0.0402344 0.136719 0.0804688
7 0.352734 0.371484 0.353906 0.108594
8 0.639453 0.331641 0.166406 0.285156
9 0.835547 0.200391 0.185156 0.157031
10 0.616797 0.0855469 0.330469 0.139844
11 0.367969 0.5625 0.259375 0.260937
12 0.648438 0.585156 0.14375 0.225
13 0.836719 0.662109 0.235937 0.108594
14 0.110547 0.603516 0.199219 0.271094
