0 0.184375 0.618359 0.3375 0.503906
1 0.183984 0.461328 0.336719 0.189844
2 0.188281 0.70625 0.3125 0.326562
3 0.118359 0.764844 0.110156 0.198437
4 0.248438 0.636719 0.142187 0.10625
5 0.334766 0.441797 0.103906 0.158594
6 0.345703 0.394141 0.0820312 0.0632812
7 0.187109 0.925 0.0304687 0.148438
7 0.278906 0.919531 0.0421875 0.146875
8 0.233984 0.920703 0.103906 0.158594
9 0.471484 0.860938 0.294531 0.278125
10 0.491016 0.157812 0.982031 0.295312
11 0.871875 0.684375 0.25625 0.623437
11 0.645312 0.115234 0.1375 0.167969
12 0.669531 0.91875 0.0859375 0.135937
12 0.768359 0.921875 0.117969 0.14375
13 0.0414062 0.941797 0.06875 0.0398437
13 0.133984 0.894141 0.0648438 0.0367188
13 0.308984 0.877734 0.0460938 0.0335937
13 0.367578 0.704297 0.0460938 0.0242188
13 0.6 0.969531 0.05 0.03125
13 0.830078 0.963672 0.0382813 0.0289063
13 0.716406 0.798828 0.0703125 0.0367188
13 0.810937 0.807031 0.046875 0.034375
14 0.0863281 0.0828125 0.166406 0.165625
