0 0.397266 0.43125 0.402344 0.365625
1 0.397266 0.3625 0.402344 0.228125
2 0.399609 0.533594 0.366406 0.160938
3 0.496484 0.563672 0.0632812 0.0851563
4 0.286328 0.528906 0.0476562 0.0421875
4 0.375781 0.526953 0.053125 0.0476562
5 0.547266 0.209375 0.213281 0.2875
6 0.551562 0.164844 0.204687 0.198437
7 0.257031 0.654297 0.417187 0.192969
7 0.634375 0.657813 0.148438 0.217188
8 0.467187 0.802734 0.148438 0.394531
9 0.186719 0.828906 0.229687 0.19375
10 0.813672 0.35625 0.372656 0.379688
11 0.108984 0.382812 0.217969 0.45
12 0.644922 0.896094 0.0460938 0.0609375
12 0.774609 0.798438 0.0476562 0.0765625
13 0.515234 0.882422 0.485156 0.210156
14 0.0949219 0.065625 0.189844 0.13125
