0 0.441016 0.446094 0.574219 0.614062
1 0.4375 0.298438 0.542188 0.317188
2 0.441406 0.591797 0.571875 0.321094
3 0.574219 0.634375 0.15 0.220312
4 0.295312 0.517969 0.15 0.117188
5 0.361328 0.191406 0.199219 0.373437
6 0.361328 0.0929688 0.199219 0.176563
7 0.248828 0.898828 0.222656 0.200781
8 0.755859 0.836328 0.467969 0.327344
9 0.786719 0.28125 0.123438 0.132812
10 0.792969 0.105469 0.414062 0.210938
11 0.122656 0.304688 0.15 0.35
12 0.808203 0.561328 0.0867187 0.196094
13 0.499609 0.811719 0.0898438 0.06875
13 0.920703 0.375781 0.0992187 0.05625
13 0.526172 0.0734375 0.0710937 0.046875
14 0.0855469 0.0542969 0.116406 0.102344
