0 0.804688 0.673438 0.317188 0.4125
1 0.806641 0.533203 0.300781 0.133594
2 0.804297 0.728516 0.317969 0.308594
3 0.807813 0.838672 0.10625 0.0757812
4 0.709766 0.657813 0.0570312 0.059375
4 0.878516 0.660547 0.0757812 0.0695313
5 0.878516 0.472656 0.0804688 0.146875
6 0.875781 0.432031 0.075 0.0640625
7 0.498437 0.214062 0.996875 0.129688
8 0.7625 0.931641 0.35625 0.136719
9 0.432422 0.712109 0.261719 0.233594
10 0.774609 0.1125 0.446094 0.128125
11 0.158203 0.449219 0.222656 0.273438
12 0.432031 0.464062 0.084375 0.178125
12 0.570703 0.464062 0.0570312 0.14375
13 0.358984 0.544922 0.717969 0.107031
13 0.332031 0.903906 0.6625 0.0796875
13 0.971094 0.565625 0.0578125 0.0296875
13 0.964063 0.869922 0.0703125 0.0414062
14 0.0992187 0.0933594 0.11875 0.132031
