0 0.690625 0.481641 0.61875 0.692969
1 0.689063 0.378125 0.61875 0.385937
2 0.715625 0.631641 0.565625 0.397656
3 0.546094 0.697266 0.084375 0.189844
4 0.882422 0.605859 0.188281 0.174219
5 0.888281 0.163672 0.15 0.228906
6 0.907422 0.0910156 0.108594 0.0820312
7 0.202734 0.567187 0.405469 0.50625
8 0.431641 0.880859 0.319531 0.238281
9 0.197266 0.567969 0.394531 0.389062
10 0.445312 0.235156 0.0734375 0.078125
10 0.533594 0.140234 0.0875 0.110156
10 0.459766 0.0582031 0.0601563 0.0757812
10 0.348047 0.109766 0.138281 0.213281
10 0.158984 0.15625 0.219531 0.265625
11 0.156641 0.216797 0.132031 0.188281
12 0.857812 0.883203 0.132812 0.202344
13 0.726562 0.863672 0.0703125 0.0601563
13 0.608203 0.959766 0.0914062 0.0601563
13 0.608203 0.881641 0.0710937 0.0492187
13 0.415625 0.776563 0.078125 0.0609375
13 0.317578 0.828906 0.0789062 0.0421875
13 0.311328 0.905469 0.0867187 0.06875
13 0.225391 0.914844 0.0632812 0.065625
14 0.702734 0.0953125 0.197656 0.190625
