0 0.333594 0.367969 0.353125 0.41875
1 0.334375 0.263281 0.353125 0.210938
2 0.3375 0.453125 0.317188 0.248438
3 0.348438 0.519141 0.078125 0.107031
4 0.254688 0.419141 0.0703125 0.0757812
4 0.426563 0.397656 0.0671875 0.0796875
5 0.501563 0.236719 0.220312 0.096875
6 0.560156 0.217969 0.104688 0.059375
7 0.324609 0.56875 0.497656 0.259375
8 0.323437 0.783203 0.18125 0.433594
9 0.799219 0.607812 0.190625 0.165625
10 0.839063 0.194531 0.321875 0.15625
11 0.667578 0.437891 0.0867187 0.158594
12 0.889062 0.460156 0.0609375 0.11875
13 0.664062 0.760938 0.0359375 0.034375
13 0.598047 0.766016 0.0289063 0.0304687
14 0.138672 0.128516 0.197656 0.241406
