0 0.398438 0.288281 0.351562 0.453125
1 0.386328 0.182031 0.324219 0.239063
2 0.398047 0.400391 0.352344 0.230469
3 0.38125 0.444141 0.0421875 0.0929688
4 0.487109 0.438281 0.0289063 0.028125
4 0.482031 0.360547 0.0359375 0.0460938
4 0.360156 0.364453 0.0328125 0.0382813
4 0.282031 0.384375 0.0359375 0.0359375
4 0.29375 0.457031 0.0328125 0.0390625
5 0.491016 0.105859 0.117969 0.210156
6 0.491016 0.0375 0.117969 0.075
7 0.227734 0.637109 0.385156 0.119531
7 0.878125 0.617188 0.175 0.0859375
8 0.532813 0.75 0.364063 0.5
9 0.688672 0.492188 0.138281 0.1125
10 0.711328 0.123047 0.380469 0.225781
11 0.123047 0.301172 0.199219 0.439844
12 0.117969 0.560547 0.0484375 0.0898438
12 0.221094 0.560937 0.05 0.0921875
13 0.519141 0.546875 0.914844 0.157812
13 0.549609 0.585156 0.0757812 0.0328125
13 0.692969 0.577734 0.0875 0.0398437
13 0.854297 0.566016 0.0695313 0.0382813
14 0.921875 0.0792969 0.15625 0.158594
