0 0.490234 0.344141 0.342969 0.496094
1 0.487891 0.219531 0.341406 0.24375
2 0.484766 0.447266 0.338281 0.286719
3 0.577344 0.515625 0.084375 0.125
4 0.405469 0.433203 0.0890625 0.0835937
5 0.58125 0.140625 0.0953125 0.195312
6 0.592969 0.096875 0.065625 0.101562
7 0.489063 0.550781 0.484375 0.185938
8 0.583594 0.782813 0.129688 0.434375
9 0.228906 0.763281 0.271875 0.228125
10 0.173437 0.414062 0.2875 0.264062
10 0.822656 0.425781 0.35 0.271875
11 0.819531 0.6625 0.09375 0.204687
11 0.928906 0.65625 0.0875 0.232813
12 0.170313 0.613672 0.0359375 0.0851563
12 0.203906 0.616406 0.03125 0.075
12 0.232813 0.616406 0.0265625 0.075
13 0.467969 0.547266 0.55 0.192969
14 0.263281 0.0949219 0.165625 0.158594
