0 0.409375 0.410156 0.465625 0.557813
1 0.411328 0.264062 0.460156 0.2625
2 0.405469 0.521875 0.45625 0.334375
3 0.530469 0.476562 0.104688 0.148438
4 0.226172 0.445703 0.0445313 0.0820312
4 0.364844 0.213281 0.05625 0.0640625
5 0.634766 0.15 0.297656 0.257812
6 0.639062 0.0695313 0.289062 0.096875
7 0.09375 0.61875 0.13125 0.0953125
8 0.411719 0.829297 0.232813 0.322656
9 0.729688 0.76875 0.271875 0.2625
10 0.116016 0.338672 0.178906 0.103906
10 0.869922 0.357031 0.199219 0.110937
11 0.754687 0.335938 0.223438 0.528125
12 0.233594 0.84375 0.0734375 0.215625
12 0.176953 0.835547 0.0726563 0.216406
12 0.119141 0.823828 0.0726563 0.230469
13 0.126172 0.513281 0.103906 0.0953125
13 0.869922 0.557813 0.160156 0.096875
14 0.168359 0.115234 0.216406 0.213281
