0 0.230859 0.723437 0.246094 0.214062
1 0.232422 0.678125 0.244531 0.121875
2 0.23125 0.778125 0.245312 0.104688
3 0.25625 0.798438 0.0359375 0.0609375
4 0.130859 0.760938 0.0367188 0.0375
5 0.365625 0.638672 0.11875 0.0789062
6 0.380078 0.629687 0.0898438 0.0609375
7 0.242969 0.938672 0.473438 0.121094
8 0.882812 0.673047 0.234375 0.625781
9 0.496484 0.0484375 0.421094 0.096875
10 0.825781 0.264453 0.348438 0.191406
11 0.516406 0.446484 0.234375 0.289844
12 0.639844 0.876953 0.14375 0.246094
13 0.246094 0.844922 0.471875 0.128906
14 0.0898438 0.0769531 0.125 0.122656
