0 0.321094 0.349219 0.284375 0.33125
1 0.321484 0.319922 0.283594 0.200781
2 0.327734 0.445703 0.233594 0.136719
3 0.321484 0.422266 0.144531 0.139844
4 0.316797 0.301172 0.0960938 0.0617188
5 0.433203 0.161328 0.172656 0.238281
6 0.434375 0.108984 0.173437 0.133594
7 0.343359 0.905859 0.663281 0.188281
8 0.589453 0.763672 0.642969 0.419531
9 0.734766 0.637109 0.341406 0.317969
10 0.762109 0.219141 0.413281 0.149219
11 0.0890625 0.384375 0.114062 0.248438
12 0.796875 0.421484 0.084375 0.0945312
12 0.918359 0.747266 0.0570312 0.0976562
13 0.269141 0.722266 0.0570312 0.0601563
13 0.116797 0.650781 0.0773438 0.05
13 0.580859 0.441797 0.0476562 0.0554687
14 0.790625 0.0890625 0.121875 0.134375
