0 0.470313 0.224219 0.229687 0.273438
1 0.469922 0.169922 0.228906 0.164844
2 0.458203 0.286719 0.157031 0.151562
3 0.463672 0.308203 0.0367188 0.0867187
4 0.426953 0.233594 0.0335937 0.0421875
4 0.500391 0.230859 0.0289063 0.0351562
5 0.386719 0.111719 0.0796875 0.13125
6 0.383594 0.0804688 0.0734375 0.06875
7 0.467969 0.522266 0.859375 0.583594
8 0.435547 0.528516 0.133594 0.357031
9 0.236719 0.481641 0.125 0.130469
10 0.211328 0.171875 0.288281 0.215625
11 0.742188 0.187109 0.145313 0.224219
12 0.607422 0.477734 0.0726563 0.0992187
12 0.708203 0.485156 0.0523438 0.06875
13 0.276562 0.587891 0.08125 0.0476562
14 0.612109 0.0675781 0.125781 0.135156
