0 0.444531 0.51875 0.484375 0.657813
1 0.442969 0.338281 0.4875 0.26875
2 0.425 0.64375 0.339062 0.407813
3 0.436719 0.739062 0.13125 0.176563
4 0.340625 0.551172 0.103125 0.147656
5 0.554688 0.222266 0.1625 0.335156
6 0.555469 0.128516 0.160938 0.146094
7 0.80625 0.371875 0.3875 0.189062
7 0.126953 0.422266 0.253906 0.157031
8 0.461328 0.910156 0.155469 0.179688
9 0.777344 0.700391 0.18125 0.253906
10 0.5 0.207813 1 0.415625
11 0.121875 0.710156 0.209375 0.392188
12 0.897656 0.689453 0.0765625 0.128906
13 0.848828 0.493359 0.105469 0.0523438
13 0.0585938 0.689844 0.075 0.053125
13 0.281641 0.913281 0.110156 0.0734375
13 0.695312 0.917188 0.0734375 0.05
14 0.090625 0.084375 0.148438 0.16875
