0 0.30625 0.223438 0.29375 0.235937
1 0.303125 0.164453 0.290625 0.111719
2 0.304297 0.253516 0.291406 0.182031
3 0.23125 0.316797 0.0421875 0.0507812
4 0.195312 0.254297 0.028125 0.0257812
4 0.271094 0.24375 0.0265625 0.025
4 0.411328 0.203906 0.0257812 0.01875
4 0.338672 0.223438 0.0273438 0.025
4 0.417578 0.246484 0.0210938 0.0226562
4 0.348828 0.269922 0.0226562 0.0226562
5 0.388281 0.0917969 0.1375 0.171094
6 0.392188 0.0738281 0.129688 0.132031
7 0.163672 0.346875 0.0914062 0.0875
7 0.379297 0.313672 0.250781 0.127344
8 0.224219 0.476953 0.0703125 0.166406
9 0.680469 0.325 0.139063 0.0765625
10 0.591797 0.0707031 0.174219 0.107031
11 0.766797 0.182422 0.113281 0.144531
12 0.569531 0.221094 0.0453125 0.0546875
13 0.346875 0.420703 0.0421875 0.0257812
13 0.452344 0.455469 0.03125 0.0265625
13 0.601172 0.409766 0.0382813 0.0195312
13 0.392578 0.610547 0.0351562 0.0335937
13 0.682813 0.508203 0.0421875 0.0257812
13 0.844922 0.327734 0.0429688 0.0195312
14 0.814063 0.0503906 0.10625 0.0992187
