0 0.416406 0.521484 0.803125 0.686719
1 0.432422 0.315625 0.767969 0.117188
2 0.417578 0.596094 0.802344 0.535937
3 0.682031 0.722656 0.25625 0.278125
4 0.636328 0.473438 0.328906 0.192188
5 0.755859 0.189844 0.128906 0.325
6 0.764844 0.101562 0.109375 0.146875
7 0.895312 0.664062 0.209375 0.289062
8 0.677344 0.929297 0.228125 0.141406
9 0.302344 0.916016 0.478125 0.167969
10 0.901172 0.216016 0.197656 0.167969
11 0.546094 0.105859 0.117188 0.177344
11 0.646484 0.144922 0.103906 0.160156
12 0.403516 0.127344 0.0601563 0.10625
12 0.280859 0.135937 0.0648438 0.0859375
12 0.0953125 0.26875 0.0703125 0.084375
13 0.226172 0.226172 0.0632812 0.0304687
13 0.380469 0.225781 0.103125 0.05
13 0.558594 0.215625 0.096875 0.0421875
14 0.906641 0.0710937 0.186719 0.142187
