0 0.679688 0.480859 0.2 0.208594
1 0.680859 0.435156 0.199219 0.0828125
2 0.683203 0.517578 0.141406 0.132031
3 0.708203 0.550781 0.0414062 0.0625
4 0.653516 0.512109 0.0382813 0.0382813
5 0.739844 0.366016 0.109375 0.122656
6 0.758203 0.334766 0.0710937 0.0601563
7 0.257031 0.602734 0.403125 0.189844
8 0.382422 0.70625 0.703906 0.246875
9 0.674609 0.830469 0.380469 0.171875
10 0.492969 0.294141 0.953125 0.405469
11 0.487109 0.44375 0.163281 0.239063
12 0.822656 0.589063 0.0859375 0.114062
13 0.891797 0.685156 0.0398437 0.01875
13 0.768359 0.692187 0.0398437 0.0171875
14 0.0855469 0.128125 0.171094 0.25625
