0 0.366016 0.35 0.432031 0.571875
1 0.344141 0.203516 0.388281 0.278906
2 0.368359 0.445312 0.427344 0.38125
3 0.365625 0.538281 0.096875 0.165625
4 0.442969 0.367188 0.0625 0.0671875
5 0.471875 0.110547 0.0875 0.199219
6 0.465625 0.0554687 0.0703125 0.0890625
7 0.283984 0.594922 0.124219 0.0523438
7 0.481641 0.557422 0.150781 0.0632812
8 0.390234 0.808203 0.0867187 0.382031
9 0.717578 0.692187 0.188281 0.18125
10 0.759375 0.388672 0.364063 0.280469
11 0.0714844 0.490234 0.142969 0.325781
12 0.239844 0.689063 0.06875 0.121875
12 0.318359 0.695312 0.0757812 0.142187
12 0.460547 0.688281 0.0601563 0.115625
12 0.535547 0.667969 0.0804688 0.117188
12 0.242188 0.832422 0.059375 0.114844
12 0.325781 0.818359 0.05625 0.0898438
12 0.463672 0.815625 0.0742188 0.10625
12 0.537891 0.800391 0.0742188 0.133594
12 0.475781 0.941016 0.071875 0.116406
12 0.545703 0.916016 0.0804688 0.108594
12 0.244141 0.949609 0.0492187 0.0820312
12 0.330469 0.941406 0.0609375 0.090625
13 0.110937 0.828516 0.151562 0.103906
13 0.721094 0.852734 0.182812 0.0554687
14 0.0921875 0.116797 0.184375 0.233594
