0 0.508594 0.501172 0.725 0.657031
1 0.5125 0.340625 0.735938 0.248438
2 0.489844 0.614453 0.659375 0.427344
3 0.277344 0.680859 0.115625 0.200781
4 0.289062 0.464062 0.148438 0.173437
4 0.624219 0.603516 0.234375 0.217969
5 0.225781 0.170703 0.153125 0.341406
6 0.217969 0.108203 0.14375 0.216406
7 0.894922 0.791016 0.210156 0.314844
8 0.260547 0.798047 0.521094 0.403906
9 0.591406 0.903516 0.240625 0.192969
10 0.427344 0.283984 0.854688 0.424219
11 0.891797 0.514062 0.191406 0.367188
12 0.425 0.931641 0.0828125 0.124219
13 0.959766 0.657422 0.0632812 0.0742188
13 0.775781 0.917188 0.059375 0.0875
13 0.0726563 0.651563 0.0390625 0.065625
14 0.0875 0.121484 0.175 0.242969
