0 0.496094 0.434766 0.296875 0.649219
1 0.486719 0.280859 0.265625 0.258594
2 0.487891 0.547656 0.274219 0.41875
3 0.532422 0.685547 0.0492187 0.107031
4 0.457813 0.466016 0.065625 0.0664062
5 0.599609 0.1875 0.103906 0.334375
6 0.601172 0.0765625 0.100781 0.117188
7 0.728125 0.698438 0.276562 0.101562
8 0.925781 0.426172 0.148438 0.657031
9 0.946484 0.867578 0.107031 0.264844
10 0.219531 0.503516 0.248438 0.513281
11 0.0644531 0.660547 0.107031 0.228906
12 0.326953 0.839844 0.0570312 0.129688
13 0.2 0.824609 0.0328125 0.0257812
13 0.414062 0.853125 0.0421875 0.028125
13 0.671094 0.848828 0.040625 0.0273438
14 0.121094 0.0839844 0.154688 0.167969
