0 0.446484 0.372656 0.417969 0.53125
1 0.444922 0.255469 0.421094 0.253125
2 0.434766 0.501563 0.313281 0.273438
3 0.444141 0.570312 0.113281 0.132812
4 0.354687 0.540625 0.090625 0.0890625
4 0.544922 0.544141 0.0632812 0.0835937
5 0.619531 0.144531 0.248438 0.2875
6 0.625391 0.0621094 0.227344 0.110156
7 0.20625 0.81875 0.4125 0.120313
7 0.766016 0.817187 0.467969 0.104688
8 0.443359 0.809766 0.158594 0.380469
9 0.853125 0.535937 0.278125 0.303125
10 0.339844 0.19375 0.679688 0.3875
11 0.151953 0.503906 0.186719 0.292187
12 0.221484 0.626563 0.0492187 0.090625
12 0.671094 0.603906 0.0484375 0.084375
13 0.0886719 0.721094 0.0710937 0.078125
13 0.273828 0.721094 0.0695313 0.1
13 0.584766 0.720703 0.0570312 0.0773438
13 0.735547 0.723047 0.0789062 0.0757812
13 0.886328 0.731641 0.0742188 0.0742188
14 0.767969 0.200781 0.278125 0.271875
