0 0.538281 0.292187 0.69375 0.584375
1 0.530469 0.161328 0.678125 0.322656
2 0.549219 0.337891 0.6875 0.489844
3 0.376953 0.473438 0.111719 0.189062
4 0.638672 0.340625 0.0773438 0.0625
4 0.742969 0.311328 0.08125 0.0695313
5 0.737891 0.0847656 0.192969 0.169531
6 0.748828 0.0492187 0.167969 0.0984375
7 0.5 0.666797 1 0.127344
8 0.479687 0.778516 0.2875 0.442969
9 0.743359 0.780078 0.341406 0.282031
10 0.259766 0.125781 0.519531 0.251563
11 0.908594 0.30625 0.182812 0.410938
12 0.109375 0.458594 0.173437 0.226562
13 0.5 0.739062 1 0.521875
14 0.256641 0.122266 0.142969 0.214844
