0 0.710156 0.2125 0.398438 0.425
1 0.705078 0.0996094 0.386719 0.199219
2 0.708984 0.303516 0.302344 0.241406
3 0.705078 0.35625 0.0898438 0.126562
4 0.615234 0.316406 0.0710937 0.08125
4 0.794141 0.309375 0.0601563 0.0640625
5 0.819141 0.0578125 0.152344 0.115625
6 0.819141 0.0304687 0.152344 0.0609375
7 0.589844 0.528906 0.720313 0.210938
8 0.422656 0.707031 0.659375 0.585938
9 0.807813 0.791797 0.309375 0.263281
10 0.270313 0.207031 0.540625 0.278125
11 0.370312 0.351953 0.164062 0.260156
12 0.498828 0.403516 0.0757812 0.122656
12 0.899219 0.348828 0.096875 0.116406
13 0.50625 0.287891 0.071875 0.0523438
13 0.553516 0.726953 0.0820312 0.0460938
14 0.0597656 0.0855469 0.105469 0.169531
