0 0.171094 0.173828 0.24375 0.325781
1 0.169922 0.128516 0.241406 0.235156
2 0.180078 0.283984 0.225781 0.105469
3 0.132422 0.278516 0.0476562 0.0726563
4 0.2125 0.266797 0.0453125 0.0445313
5 0.271484 0.0941406 0.0960938 0.172656
6 0.277734 0.0585938 0.0835937 0.101562
7 0.207031 0.378125 0.246875 0.164062
8 0.410938 0.279297 0.24375 0.0867187
9 0.553125 0.133984 0.15 0.136719
10 0.767969 0.0492187 0.151562 0.0984375
11 0.696875 0.239844 0.117188 0.142187
12 0.819922 0.243359 0.0679687 0.107031
13 0.641016 0.378516 0.135156 0.0914062
14 0.941016 0.065625 0.110156 0.13125
