0 0.502344 0.260547 0.501563 0.477344
1 0.497266 0.127734 0.485156 0.210156
2 0.50625 0.327734 0.492188 0.342969
3 0.498828 0.417969 0.0929688 0.153125
4 0.385937 0.288281 0.09375 0.071875
5 0.340234 0.0730469 0.0585938 0.146094
6 0.339453 0.0289063 0.0585938 0.0578125
7 0.867188 0.321484 0.235937 0.0835937
8 0.421484 0.734766 0.324219 0.530469
9 0.132422 0.507422 0.246094 0.264844
10 0.215625 0.0921875 0.43125 0.184375
10 0.851172 0.0992187 0.297656 0.146875
11 0.889062 0.702734 0.221875 0.594531
12 0.646094 0.757812 0.0421875 0.0828125
12 0.834375 0.379297 0.0359375 0.0539063
12 0.101172 0.766406 0.0492187 0.09375
13 0.199609 0.683984 0.0398437 0.0210938
13 0.676562 0.620313 0.0328125 0.0140625
13 0.703125 0.930078 0.05 0.0195312
13 0.155078 0.917188 0.0476562 0.01875
14 0.86875 0.0382813 0.0953125 0.0765625
