0 0.514062 0.751563 0.510938 0.3
1 0.513672 0.700391 0.510156 0.138281
2 0.492188 0.819141 0.410938 0.163281
3 0.61875 0.848437 0.0796875 0.1
4 0.398438 0.809766 0.117188 0.0882813
5 0.681641 0.592969 0.0742188 0.101562
6 0.690234 0.562891 0.0570312 0.0414062
7 0.466016 0.919141 0.605469 0.130469
8 0.152344 0.626563 0.265625 0.482812
9 0.121484 0.812109 0.172656 0.130469
10 0.4875 0.321484 0.926562 0.202344
11 0.853516 0.739062 0.200781 0.44375
12 0.787109 0.873437 0.0632812 0.159375
13 0.861719 0.95625 0.264062 0.034375
14 0.542188 0.107813 0.289062 0.196875
