0 0.33125 0.25625 0.26875 0.398438
1 0.333594 0.201953 0.253125 0.144531
2 0.332422 0.353125 0.266406 0.203125
3 0.3875 0.415234 0.040625 0.0570312
4 0.388672 0.321484 0.0882813 0.0617188
5 0.296094 0.0808594 0.0578125 0.114844
6 0.295703 0.0492187 0.0585938 0.0515625
7 0.107813 0.382031 0.215625 0.129688
7 0.725781 0.414062 0.54375 0.140625
8 0.571094 0.717187 0.429688 0.565625
9 0.936719 0.273047 0.126562 0.216406
10 0.604688 0.167578 0.498437 0.266406
11 0.125391 0.216016 0.188281 0.272656
11 0.678906 0.126562 0.117188 0.128125
12 0.532422 0.308594 0.0617188 0.0734375
12 0.617969 0.308203 0.0625 0.0882813
12 0.707812 0.313281 0.0609375 0.08125
12 0.785156 0.307422 0.075 0.108594
13 0.03125 0.306641 0.0609375 0.0414062
13 0.173047 0.341797 0.0617188 0.0320312
13 0.169531 0.0542969 0.1125 0.0445313
13 0.519922 0.161719 0.0679687 0.03125
13 0.712109 0.245312 0.0742188 0.046875
13 0.874219 0.194141 0.0671875 0.0304687
13 0.865625 0.355859 0.078125 0.0367188
14 0.880078 0.0976562 0.238281 0.178125
