0 0.400781 0.372656 0.329688 0.4875
1 0.400781 0.269531 0.321875 0.171875
2 0.408594 0.469141 0.295312 0.288281
3 0.455078 0.532422 0.0648438 0.141406
4 0.351172 0.394531 0.0882813 0.0984375
5 0.546875 0.133984 0.20625 0.246094
6 0.557031 0.0660156 0.185938 0.113281
7 0.316797 0.701953 0.332031 0.111719
8 0.884766 0.432031 0.230469 0.4625
9 0.685156 0.735156 0.264062 0.198437
10 0.868359 0.0523438 0.232031 0.0953125
11 0.109375 0.203516 0.0953125 0.177344
12 0.227344 0.859375 0.04375 0.08125
12 0.351172 0.823828 0.0382813 0.0851563
12 0.448437 0.789453 0.046875 0.130469
12 0.538281 0.877344 0.0453125 0.103125
13 0.0988281 0.888672 0.0320312 0.0304687
13 0.278906 0.812109 0.0359375 0.0179687
13 0.377344 0.947656 0.028125 0.01875
13 0.626172 0.934375 0.0351562 0.025
14 0.287891 0.0894531 0.167969 0.157031
