0 0.554297 0.416406 0.410156 0.795312
1 0.550781 0.114844 0.375 0.189062
2 0.554688 0.489063 0.410938 0.646875
3 0.441016 0.750781 0.0773438 0.1125
4 0.451562 0.592187 0.10625 0.142187
4 0.641797 0.369141 0.113281 0.133594
5 0.434375 0.0632812 0.05 0.126562
6 0.434766 0.0285156 0.0507812 0.0570312
7 0.185156 0.746875 0.370312 0.148438
7 0.858594 0.754297 0.282813 0.119531
8 0.179297 0.43125 0.358594 0.264062
9 0.830078 0.469922 0.166406 0.158594
10 0.190625 0.201563 0.353125 0.307812
11 0.934766 0.701172 0.110156 0.267969
12 0.330078 0.773828 0.0648438 0.0882813
13 0.138672 0.795703 0.253906 0.0507812
13 0.852734 0.783594 0.267969 0.06875
14 0.889453 0.147266 0.213281 0.250781
