0 0.594922 0.397266 0.367969 0.367969
1 0.594922 0.336328 0.367969 0.197656
2 0.594531 0.495703 0.367188 0.172656
3 0.495703 0.515625 0.0757812 0.121875
4 0.628125 0.481641 0.0546875 0.0601563
4 0.7125 0.480469 0.0546875 0.0640625
5 0.617578 0.171094 0.236719 0.171875
6 0.616406 0.136719 0.234375 0.103125
7 0.653125 0.699609 0.457813 0.133594
8 0.289453 0.755469 0.410156 0.390625
9 0.535547 0.868359 0.180469 0.175781
10 0.516406 0.200781 0.9625 0.276562
11 0.201172 0.513672 0.267969 0.330469
12 0.597656 0.626172 0.053125 0.0898438
12 0.690234 0.626563 0.0570312 0.0859375
13 0.823438 0.565234 0.05 0.0304687
13 0.730078 0.870703 0.0539063 0.0320312
13 0.0988281 0.661719 0.0570312 0.0453125
14 0.391797 0.182031 0.139844 0.128125
