0 0.441406 0.276562 0.567187 0.501563
1 0.440625 0.179297 0.565625 0.296094
2 0.416406 0.367578 0.33125 0.316406
3 0.427734 0.460547 0.102344 0.122656
4 0.327344 0.275 0.0578125 0.0609375
4 0.499609 0.2625 0.0570312 0.05
5 0.521094 0.0578125 0.0484375 0.110937
6 0.521875 0.0136719 0.03125 0.0226562
7 0.738672 0.606641 0.405469 0.158594
7 0.20625 0.449609 0.240625 0.397656
8 0.3375 0.759766 0.2625 0.480469
9 0.850781 0.267969 0.207813 0.259375
10 0.199219 0.128125 0.375 0.248438
10 0.641406 0.0710937 0.421875 0.125
11 0.824219 0.513281 0.24375 0.24375
12 0.626563 0.456641 0.0359375 0.0585938
12 0.641016 0.339453 0.0367188 0.0585938
12 0.19375 0.509375 0.034375 0.0453125
12 0.174219 0.390234 0.028125 0.0539063
13 0.674219 0.511719 0.0171875 0.0203125
13 0.648438 0.509375 0.015625 0.0140625
13 0.631641 0.514844 0.0148437 0.015625
13 0.596094 0.514453 0.0203125 0.0164063
13 0.600781 0.486328 0.015625 0.0148437
13 0.621484 0.474609 0.00546875 0.0210938
13 0.657813 0.48125 0.0171875 0.0171875
13 0.677344 0.478125 0.015625 0.0171875
13 0.667188 0.454297 0.009375 0.0148437
13 0.597266 0.465625 0.0117188 0.0140625
13 0.594141 0.450391 0.0179687 0.0257812
13 0.700781 0.434375 0.0140625 0.01875
13 0.671094 0.412891 0.0140625 0.0164063
13 0.642969 0.401172 0.0125 0.0195312
13 0.630469 0.391797 0.015625 0.0148437
13 0.613672 0.40625 0.0195312 0.0203125
13 0.594922 0.394922 0.0164063 0.0226562
13 0.684375 0.390625 0.01875 0.0171875
13 0.708594 0.392188 0.015625 0.015625
13 0.713672 0.361719 0.0132812 0.015625
13 0.692578 0.362891 0.0164063 0.0195312
13 0.679688 0.360156 0.0109375 0.015625
13 0.664062 0.361719 0.015625 0.0171875
13 0.660937 0.344531 0.0171875 0.0140625
13 0.700391 0.327734 0.0179687 0.0179687
13 0.725781 0.326953 0.0125 0.0148437
13 0.614062 0.356641 0.015625 0.0132812
13 0.595313 0.366016 0.0140625 0.0148437
13 0.635156 0.358984 0.0078125 0.0117188
13 0.142187 0.514844 0.0140625 0.0328125
13 0.162891 0.488281 0.00859375 0.03125
13 0.230469 0.491797 0.0171875 0.0164063
13 0.246875 0.486719 0.0140625 0.015625
13 0.163281 0.444922 0.0125 0.0179687
13 0.224219 0.447266 0.0140625 0.0210938
13 0.195703 0.425 0.0101563 0.0171875
13 0.213672 0.410938 0.0117188 0.015625
13 0.241406 0.357031 0.0140625 0.0171875
13 0.225 0.342969 0.0171875 0.01875
13 0.194531 0.347656 0.0171875 0.015625
13 0.167969 0.363672 0.0125 0.0195312
13 0.695312 0.492188 0.0109375 0.0203125
14 0.917578 0.0578125 0.0882813 0.1
