0 0.557031 0.370703 0.796875 0.735156
1 0.558203 0.188281 0.792969 0.19375
2 0.548828 0.504687 0.735156 0.46875
3 0.764453 0.546094 0.200781 0.307812
4 0.498047 0.395313 0.232031 0.203125
5 0.450391 0.0617188 0.227344 0.110937
6 0.49375 0.0367188 0.1375 0.059375
7 0.565234 0.838281 0.824219 0.2
8 0.944141 0.473047 0.111719 0.172656
9 0.120313 0.137891 0.198437 0.200781
10 0.749609 0.065625 0.389844 0.13125
11 0.103516 0.529297 0.202344 0.632031
12 0.934375 0.646484 0.071875 0.141406
13 0.0882813 0.952734 0.084375 0.0523438
13 0.244922 0.959766 0.0914062 0.0539063
13 0.395313 0.961328 0.0890625 0.0523438
13 0.520312 0.957812 0.078125 0.0515625
14 0.0773438 0.0789062 0.154688 0.15625
