0 0.511719 0.406641 0.665625 0.627344
1 0.444141 0.262109 0.535156 0.310156
2 0.53125 0.526563 0.621875 0.385937
3 0.355859 0.6125 0.125781 0.203125
4 0.508984 0.508203 0.110156 0.102344
5 0.648438 0.130859 0.139063 0.221094
6 0.663672 0.0652344 0.113281 0.0898438
7 0.745313 0.635547 0.273438 0.216406
7 0.126172 0.710938 0.252344 0.342187
8 0.305469 0.854688 0.610938 0.290625
9 0.817187 0.858594 0.278125 0.2
10 0.460547 0.11875 0.332031 0.207813
11 0.817969 0.389453 0.364063 0.778906
12 0.191797 0.74375 0.0867187 0.13125
13 0.09375 0.854297 0.065625 0.0664062
13 0.147656 0.803516 0.0484375 0.0585938
13 0.548828 0.940625 0.0601563 0.09375
13 0.716797 0.771094 0.0523438 0.0796875
14 0.318359 0.0804688 0.186719 0.160938
