0 0.294141 0.334375 0.299219 0.517188
1 0.278125 0.216406 0.26875 0.282813
2 0.310547 0.460156 0.264844 0.267188
3 0.283594 0.516797 0.084375 0.142969
4 0.341016 0.386328 0.0820312 0.0789062
5 0.307031 0.103125 0.053125 0.196875
6 0.300391 0.0480469 0.0351562 0.0851563
7 0.1375 0.669141 0.196875 0.227344
7 0.528125 0.625781 0.175 0.234375
8 0.25625 0.792578 0.176563 0.330469
9 0.835156 0.753906 0.329688 0.492188
10 0.802734 0.102734 0.392969 0.147656
11 0.742969 0.416797 0.217188 0.344531
11 0.9125 0.391016 0.109375 0.277344
12 0.090625 0.844531 0.0578125 0.09375
12 0.472656 0.860938 0.0625 0.103125
12 0.552344 0.852344 0.065625 0.09375
13 0.0679687 0.879687 0.0546875 0.0375
13 0.157422 0.864844 0.0710937 0.05
13 0.371484 0.943359 0.0601563 0.0523438
13 0.497656 0.941016 0.0703125 0.0460938
13 0.616016 0.927344 0.0664062 0.0359375
13 0.654687 0.781641 0.0578125 0.0664062
14 0.0789062 0.133984 0.129688 0.189844
