0 0.480078 0.3875 0.207031 0.246875
1 0.480469 0.325391 0.20625 0.122656
2 0.484375 0.440625 0.171875 0.139063
3 0.506641 0.465234 0.0632812 0.0820312
4 0.4375 0.424609 0.0578125 0.0492187
5 0.562109 0.24375 0.113281 0.226562
6 0.562891 0.198047 0.111719 0.135156
7 0.429297 0.596875 0.119531 0.0640625
8 0.535937 0.569922 0.114062 0.138281
9 0.719531 0.508984 0.153125 0.135156
10 0.284375 0.379688 0.178125 0.114062
11 0.704297 0.307812 0.144531 0.217188
12 0.789844 0.607031 0.0546875 0.0671875
13 0.308594 0.554688 0.0359375 0.028125
14 0.26875 0.19375 0.126562 0.145313
