0 0.389844 0.395313 0.382812 0.385937
1 0.376563 0.283594 0.354687 0.159375
2 0.390234 0.439063 0.378906 0.29375
3 0.530859 0.427344 0.0414062 0.090625
4 0.446875 0.417578 0.0453125 0.0585938
4 0.327344 0.460938 0.09375 0.0703125
5 0.4875 0.19375 0.0640625 0.148438
6 0.487109 0.166016 0.0617188 0.0914062
7 0.224219 0.632031 0.434375 0.139063
7 0.8375 0.618359 0.325 0.119531
8 0.566016 0.717578 0.211719 0.542969
9 0.136719 0.853516 0.273438 0.292969
10 0.187109 0.203906 0.367969 0.175
11 0.873437 0.366016 0.234375 0.313281
12 0.135937 0.525 0.0421875 0.053125
12 0.381641 0.776563 0.0320312 0.0453125
12 0.809375 0.831641 0.0421875 0.0617188
13 0.316016 0.721484 0.0257812 0.0273438
13 0.299609 0.780469 0.0273438 0.0265625
13 0.251953 0.767188 0.0257812 0.03125
13 0.428125 0.780078 0.021875 0.0273438
13 0.476172 0.700391 0.0242188 0.0273438
13 0.707422 0.751172 0.0289063 0.0367188
13 0.755469 0.802344 0.0265625 0.0328125
13 0.815625 0.754687 0.0265625 0.040625
13 0.896484 0.802734 0.0257812 0.0351562
13 0.916016 0.846875 0.0242188 0.0359375
14 0.874219 0.0617188 0.157812 0.123438
