0 0.346484 0.546094 0.225781 0.329688
1 0.345703 0.474609 0.225781 0.144531
2 0.349219 0.617578 0.215625 0.186719
3 0.317578 0.662891 0.0757812 0.0882813
4 0.402734 0.65 0.0585938 0.0609375
5 0.439063 0.391016 0.10625 0.152344
6 0.44375 0.350781 0.096875 0.071875
7 0.147656 0.497656 0.195312 0.078125
7 0.608984 0.500391 0.302344 0.0945312
8 0.334375 0.857422 0.232813 0.249219
9 0.676172 0.742969 0.353906 0.273438
10 0.49375 0.339844 0.79375 0.264062
11 0.812891 0.441797 0.117969 0.211719
11 0.934766 0.427344 0.107031 0.20625
12 0.1375 0.646875 0.08125 0.142187
12 0.161328 0.803906 0.0929688 0.135937
13 0.536719 0.577734 0.0546875 0.0414062
13 0.740234 0.545312 0.0476562 0.04375
13 0.857422 0.598047 0.0710937 0.0492187
13 0.905078 0.788672 0.0382813 0.0382813
13 0.938672 0.797656 0.0273438 0.0328125
14 0.522266 0.144141 0.250781 0.242969
