0 0.675 0.480859 0.370312 0.541406
1 0.653125 0.352344 0.289062 0.2125
2 0.675781 0.578125 0.371875 0.346875
3 0.657813 0.666406 0.0875 0.140625
4 0.570703 0.525 0.0773438 0.0859375
4 0.609375 0.342969 0.0328125 0.0453125
5 0.783594 0.184375 0.192188 0.251563
6 0.802344 0.119141 0.154688 0.121094
7 0.253516 0.705469 0.486719 0.148438
8 0.678125 0.866797 0.1125 0.266406
9 0.230859 0.871094 0.244531 0.16875
10 0.276172 0.28125 0.528906 0.173437
11 0.932813 0.526563 0.0765625 0.170313
12 0.415234 0.845313 0.0492187 0.0734375
12 0.544531 0.85625 0.059375 0.0890625
12 0.861719 0.85 0.0640625 0.10625
13 0.053125 0.873828 0.025 0.0148437
13 0.0839844 0.951172 0.0351562 0.0210938
13 0.369922 0.779297 0.0460938 0.0148437
13 0.425 0.944141 0.0359375 0.0179687
13 0.773438 0.764453 0.0265625 0.0117188
13 0.902734 0.738281 0.0335937 0.021875
13 0.954688 0.850781 0.025 0.0171875
13 0.826953 0.94375 0.0414062 0.01875
13 0.949219 0.95 0.0421875 0.0234375
14 0.205078 0.0371094 0.0664062 0.0617188
