0 0.478125 0.407813 0.5 0.634375
1 0.478906 0.221094 0.496875 0.264062
2 0.481641 0.519141 0.483594 0.414844
3 0.507812 0.632812 0.103125 0.160938
4 0.330469 0.423438 0.09375 0.115625
4 0.633594 0.401953 0.0984375 0.116406
5 0.65625 0.125 0.226562 0.25
6 0.666797 0.05 0.203906 0.1
7 0.683594 0.775391 0.25 0.0898438
8 0.426172 0.845313 0.269531 0.29375
9 0.874219 0.58125 0.251563 0.210938
10 0.805078 0.163672 0.358594 0.177344
11 0.125781 0.523828 0.2375 0.417969
12 0.229687 0.813281 0.0578125 0.101562
13 0.101953 0.846875 0.0898438 0.040625
13 0.756641 0.904687 0.103906 0.0359375
13 0.923047 0.786719 0.125781 0.0546875
14 0.207422 0.169922 0.414844 0.339844
