0 0.639062 0.479687 0.559375 0.398438
1 0.640234 0.390625 0.555469 0.173437
2 0.632422 0.555469 0.547656 0.246875
3 0.464844 0.608203 0.0671875 0.130469
4 0.409766 0.547656 0.0460938 0.0671875
4 0.551172 0.526563 0.0445313 0.0453125
4 0.752734 0.507812 0.263281 0.053125
5 0.823047 0.236719 0.152344 0.195312
6 0.829688 0.196094 0.140625 0.114062
7 0.190625 0.662891 0.35625 0.102344
7 0.942578 0.662891 0.107031 0.0632812
8 0.499609 0.820703 0.999219 0.233594
9 0.286719 0.455859 0.171875 0.139844
10 0.505469 0.144922 0.9875 0.249219
11 0.141797 0.461719 0.283594 0.335938
12 0.225391 0.597266 0.0539063 0.0867187
12 0.297656 0.586328 0.0625 0.100781
13 0.130859 0.782031 0.0429688 0.046875
13 0.209375 0.742188 0.0671875 0.0828125
13 0.302734 0.73125 0.0648438 0.096875
13 0.407031 0.721094 0.053125 0.090625
13 0.490234 0.718359 0.0492187 0.0789062
13 0.576562 0.725 0.065625 0.0859375
14 0.812891 0.0433594 0.108594 0.0867187
