0 0.462109 0.299609 0.341406 0.367969
1 0.4625 0.202734 0.340625 0.174219
2 0.464844 0.376953 0.285938 0.211719
3 0.466797 0.415234 0.0898438 0.125781
4 0.382422 0.327344 0.0507812 0.0578125
4 0.547266 0.317969 0.0539063 0.053125
5 0.581641 0.125781 0.121094 0.204687
6 0.583984 0.0644531 0.116406 0.0820312
7 0.142969 0.696484 0.157812 0.130469
7 0.325 0.698047 0.15625 0.124219
8 0.553906 0.735938 0.317188 0.5125
9 0.850391 0.582422 0.230469 0.247656
10 0.794531 0.208594 0.382812 0.335938
11 0.146484 0.344141 0.249219 0.339844
12 0.667188 0.445312 0.0703125 0.11875
12 0.723437 0.467578 0.0734375 0.108594
12 0.624609 0.534375 0.0601563 0.1
12 0.676953 0.55 0.0632812 0.0921875
13 0.266797 0.544922 0.0492187 0.0273438
13 0.0992187 0.865234 0.05625 0.0382813
13 0.3125 0.915234 0.0453125 0.0273438
13 0.433594 0.801172 0.04375 0.0257812
13 0.786328 0.784375 0.0492187 0.0265625
13 0.915625 0.759375 0.03125 0.0296875
13 0.806641 0.892578 0.0414062 0.0226562
13 0.923438 0.924219 0.0375 0.034375
14 0.212891 0.0996094 0.221094 0.177344
