0 0.368359 0.398438 0.536719 0.642188
1 0.380078 0.252344 0.500781 0.3375
2 0.366016 0.5 0.528906 0.442188
3 0.432812 0.627734 0.078125 0.182031
4 0.325 0.534375 0.078125 0.075
4 0.552344 0.5125 0.0609375 0.078125
5 0.510156 0.202734 0.071875 0.182031
6 0.509375 0.163672 0.071875 0.103906
7 0.219141 0.752344 0.271094 0.170313
7 0.683984 0.719922 0.257031 0.152344
8 0.469531 0.851953 0.20625 0.294531
9 0.854688 0.429297 0.290625 0.332031
10 0.139453 0.166797 0.269531 0.172656
11 0.689844 0.185156 0.235937 0.360938
12 0.205078 0.894141 0.0476562 0.100781
12 0.915625 0.703906 0.0453125 0.107813
13 0.492188 0.752734 0.960938 0.442969
14 0.922656 0.0894531 0.153125 0.178906
