0 0.456641 0.385547 0.541406 0.611719
1 0.419141 0.223047 0.466406 0.285156
2 0.4625 0.489453 0.532813 0.392969
3 0.299219 0.537109 0.08125 0.136719
4 0.580078 0.407031 0.0835937 0.090625
5 0.546484 0.108203 0.0554687 0.208594
6 0.547266 0.0433594 0.0445313 0.0773438
7 0.967578 0.567578 0.0648438 0.180469
7 0.0582031 0.639453 0.0898438 0.116406
7 0.874219 0.565625 0.115625 0.176563
7 0.773438 0.580859 0.109375 0.139844
8 0.35 0.74375 0.445312 0.5125
8 0.884766 0.149609 0.0773438 0.282031
9 0.7625 0.783984 0.282813 0.182031
10 0.853906 0.154297 0.292187 0.308594
11 0.128125 0.254297 0.125 0.232031
11 0.630859 0.9375 0.117969 0.114062
12 0.850781 0.946484 0.0546875 0.0976562
12 0.112891 0.917188 0.0726563 0.104688
13 0.5 0.816797 0.99375 0.366406
14 0.233203 0.071875 0.197656 0.14375
