0 0.551953 0.502344 0.377344 0.585938
1 0.552734 0.321094 0.369531 0.223438
2 0.534375 0.596094 0.342187 0.398438
3 0.426172 0.731641 0.119531 0.0960938
4 0.554297 0.721875 0.0695313 0.0609375
4 0.622266 0.720703 0.0648438 0.0664062
4 0.452344 0.646875 0.05625 0.0453125
4 0.452734 0.598047 0.0757812 0.0507812
4 0.457031 0.528516 0.09375 0.0679687
4 0.441406 0.450391 0.075 0.0851563
4 0.551172 0.45625 0.0851563 0.09375
4 0.559766 0.526953 0.0710937 0.0460938
4 0.562891 0.576172 0.0648438 0.0617188
4 0.560156 0.639844 0.0703125 0.05
4 0.65 0.564453 0.05 0.0570312
4 0.654297 0.608984 0.0429688 0.0398437
4 0.653906 0.507812 0.05625 0.0453125
4 0.653906 0.442188 0.0625 0.0765625
5 0.491406 0.229297 0.096875 0.169531
6 0.491406 0.194141 0.096875 0.0992187
7 0.192578 0.610156 0.205469 0.159375
8 0.524219 0.8625 0.95 0.145313
9 0.850781 0.695703 0.210938 0.189844
10 0.526953 0.160547 0.946094 0.258594
11 0.761328 0.615625 0.202344 0.460938
12 0.201172 0.740234 0.0804688 0.114844
12 0.28125 0.724219 0.104688 0.115625
13 0.538281 0.798828 0.923438 0.0898438
14 0.146875 0.0765625 0.185938 0.153125
