0 0.4625 0.38125 0.534375 0.523438
1 0.461328 0.253516 0.535156 0.266406
2 0.463281 0.496484 0.321875 0.292969
3 0.465234 0.571875 0.0835937 0.140625
4 0.55 0.417969 0.0765625 0.0734375
4 0.391797 0.430469 0.0851563 0.1
5 0.633984 0.153906 0.100781 0.239063
6 0.644922 0.0816406 0.0773438 0.0945312
7 0.155469 0.578516 0.30625 0.114844
8 0.496875 0.803125 0.989062 0.204687
9 0.707031 0.607812 0.167187 0.179688
10 0.161328 0.260547 0.297656 0.502344
11 0.845313 0.391406 0.26875 0.673438
12 0.255469 0.924609 0.059375 0.108594
12 0.194922 0.939844 0.0539063 0.0953125
12 0.127344 0.928906 0.0546875 0.0921875
12 0.103125 0.671875 0.05 0.0984375
13 0.383984 0.688672 0.533594 0.0757812
13 0.616797 0.940234 0.610156 0.0867187
14 0.348438 0.118359 0.135937 0.144531
