0 0.440625 0.462109 0.382812 0.467969
1 0.444531 0.353516 0.375 0.142969
2 0.434375 0.548828 0.36875 0.294531
3 0.319531 0.576562 0.0828125 0.19375
4 0.497656 0.577734 0.142187 0.103906
5 0.462891 0.155469 0.189844 0.290625
6 0.461719 0.126953 0.190625 0.235156
7 0.399609 0.721875 0.633594 0.192188
8 0.633203 0.803125 0.441406 0.39375
9 0.785547 0.382422 0.274219 0.174219
10 0.739062 0.141016 0.521875 0.235156
10 0.175781 0.0808594 0.335938 0.157031
11 0.203516 0.258984 0.108594 0.205469
11 0.116016 0.253125 0.124219 0.228125
12 0.131641 0.496094 0.0429688 0.046875
12 0.191797 0.528125 0.0398437 0.0546875
12 0.286328 0.299609 0.0617188 0.100781
12 0.501953 0.259766 0.0585938 0.0726563
12 0.686328 0.275 0.0492187 0.065625
12 0.783984 0.548828 0.0507812 0.0804688
13 0.940234 0.814453 0.0585938 0.0460938
13 0.825781 0.623047 0.046875 0.0242188
13 0.914844 0.487109 0.0703125 0.0492187
13 0.692187 0.482422 0.0890625 0.0382813
13 0.891016 0.314063 0.0492187 0.03125
13 0.727734 0.308594 0.0617188 0.034375
13 0.0617188 0.48125 0.046875 0.040625
13 0.0882813 0.548438 0.0703125 0.0390625
14 0.902344 0.0605469 0.1375 0.121094
