0 0.503125 0.3875 0.434375 0.628125
1 0.502344 0.253125 0.429688 0.36875
2 0.504687 0.559375 0.434375 0.284375
3 0.594141 0.588672 0.142969 0.219531
4 0.382422 0.469922 0.0976562 0.0742188
5 0.675 0.201953 0.132812 0.361719
6 0.676172 0.0945312 0.124219 0.146875
7 0.496875 0.878125 0.9875 0.24375
8 0.767969 0.717187 0.464062 0.203125
9 0.162891 0.600781 0.255469 0.257812
10 0.201953 0.107813 0.400781 0.175
11 0.907422 0.483203 0.172656 0.385156
12 0.795703 0.582031 0.0992187 0.178125
13 0.748437 0.705078 0.0734375 0.0382813
13 0.855469 0.687891 0.090625 0.0367188
14 0.850781 0.0929688 0.192188 0.170313
