0 0.394922 0.205078 0.335156 0.388281
1 0.399609 0.0878906 0.327344 0.125781
2 0.392578 0.267969 0.332031 0.264062
3 0.344141 0.303906 0.108594 0.189062
4 0.495312 0.25625 0.10625 0.0890625
5 0.514062 0.0636719 0.0984375 0.127344
6 0.514453 0.0121094 0.0976562 0.0242188
7 0.73125 0.810937 0.5375 0.378125
8 0.5 0.135156 1 0.204687
9 0.821094 0.356641 0.3375 0.252344
10 0.232813 0.0339844 0.245312 0.0679687
11 0.192969 0.541406 0.271875 0.40625
12 0.107813 0.795703 0.0328125 0.0429688
12 0.182031 0.786719 0.0390625 0.046875
12 0.270313 0.748828 0.015625 0.0210938
12 0.346094 0.79375 0.0296875 0.0421875
13 0.0820312 0.703125 0.01875 0.0125
13 0.0996094 0.683203 0.0210938 0.0132812
13 0.1 0.712891 0.0171875 0.0117188
13 0.161328 0.729297 0.0195312 0.0132812
13 0.2 0.735547 0.021875 0.0164063
13 0.223828 0.733594 0.0210938 0.0125
13 0.25625 0.726172 0.0234375 0.0179687
13 0.296875 0.672266 0.0171875 0.0148437
13 0.305859 0.687109 0.0132812 0.0117188
13 0.332031 0.691406 0.0234375 0.021875
13 0.30625 0.710547 0.0203125 0.0132812
13 0.653125 0.513281 0.620313 0.217188
14 0.0652344 0.0511719 0.122656 0.102344
