0 0.417578 0.235937 0.189844 0.364063
1 0.409766 0.152734 0.171094 0.169531
2 0.419531 0.319922 0.190625 0.203906
3 0.424219 0.346094 0.053125 0.134375
4 0.369141 0.296094 0.0320312 0.040625
4 0.467187 0.285938 0.040625 0.053125
5 0.363672 0.0691406 0.0757812 0.138281
6 0.363281 0.0328125 0.0734375 0.065625
7 0.477734 0.458984 0.0648438 0.119531
7 0.390625 0.44375 0.05625 0.0890625
7 0.410547 0.607031 0.0382813 0.151562
7 0.503125 0.645312 0.0734375 0.207813
8 0.4 0.574609 0.351562 0.360156
9 0.626563 0.492188 0.157812 0.148438
10 0.175 0.229297 0.340625 0.458594
10 0.691797 0.168359 0.453906 0.336719
11 0.209375 0.375781 0.121875 0.315625
12 0.30625 0.748437 0.0515625 0.146875
12 0.561719 0.714453 0.0640625 0.122656
13 0.486719 0.794922 0.95625 0.372656
13 0.208594 0.523438 0.0953125 0.0953125
14 0.126562 0.0898438 0.146875 0.165625
