0 0.460938 0.443359 0.364063 0.446094
1 0.461328 0.335938 0.363281 0.232813
2 0.447266 0.550781 0.305469 0.239063
3 0.526563 0.553516 0.0375 0.0664062
4 0.329297 0.49375 0.0585938 0.065625
5 0.557031 0.259766 0.0578125 0.149219
6 0.567187 0.2125 0.0375 0.053125
7 0.152734 0.573438 0.297656 0.0953125
7 0.779687 0.544141 0.384375 0.142969
8 0.448437 0.802344 0.1875 0.395313
9 0.794141 0.771875 0.266406 0.31875
10 0.777734 0.283984 0.257031 0.416406
11 0.169922 0.341797 0.152344 0.378906
12 0.176172 0.889844 0.0726563 0.140625
13 0.175 0.974219 0.342187 0.05
14 0.671484 0.0894531 0.200781 0.178906
