0 0.525391 0.332813 0.133594 0.139063
1 0.525781 0.31875 0.132812 0.065625
2 0.530078 0.370312 0.110156 0.0625
3 0.513281 0.378906 0.0328125 0.0453125
4 0.507812 0.324219 0.0296875 0.0265625
5 0.601172 0.24375 0.113281 0.0984375
6 0.601953 0.222266 0.113281 0.0554687
7 0.417969 0.439844 0.221875 0.246875
7 0.663281 0.403906 0.185938 0.210938
8 0.599219 0.698828 0.14375 0.364844
9 0.432031 0.458984 0.053125 0.0554687
10 0.298047 0.1875 0.471094 0.125
10 0.798828 0.182812 0.402344 0.148438
11 0.195703 0.502734 0.217969 0.396094
12 0.275 0.676172 0.0515625 0.0648438
12 0.330078 0.672266 0.0507812 0.0664062
13 0.034375 0.732812 0.0453125 0.04375
13 0.0808594 0.714453 0.0476562 0.0460938
13 0.149219 0.7 0.0515625 0.0421875
14 0.801953 0.0785156 0.157031 0.155469
