0 0.410156 0.328516 0.545312 0.499219
1 0.410156 0.255469 0.545312 0.270313
2 0.405078 0.432422 0.505469 0.291406
3 0.296094 0.500391 0.148438 0.142969
4 0.554297 0.423047 0.136719 0.116406
5 0.425 0.113672 0.270313 0.164844
6 0.446094 0.0695313 0.228125 0.0765625
7 0.816016 0.382422 0.328906 0.107031
8 0.186328 0.779297 0.366406 0.413281
9 0.694141 0.598828 0.314844 0.217969
10 0.778516 0.204297 0.389844 0.249219
11 0.459375 0.780859 0.2 0.288281
12 0.746875 0.814063 0.129688 0.165625
13 0.0804688 0.616406 0.101562 0.059375
13 0.613281 0.859766 0.1 0.0507812
13 0.919922 0.687891 0.0992187 0.0476562
14 0.148047 0.151172 0.203906 0.192969
