0 0.4375 0.565625 0.740625 0.86875
1 0.440625 0.378516 0.734375 0.494531
2 0.431641 0.767578 0.728906 0.464844
3 0.350391 0.955859 0.141406 0.0882813
4 0.219531 0.740625 0.10625 0.09375
4 0.534766 0.733594 0.107031 0.107813
5 0.673828 0.241406 0.232031 0.157812
6 0.703125 0.201953 0.173437 0.0773438
7 0.0390625 0.973828 0.078125 0.0507812
7 0.860938 0.933594 0.278125 0.132812
8 0.0804688 0.400781 0.160938 0.309375
9 0.295312 0.175 0.123438 0.123438
10 0.772266 0.207813 0.455469 0.234375
11 0.875781 0.675391 0.15 0.291406
12 0.0289063 0.849609 0.0453125 0.0695313
13 0.0402344 0.926953 0.0804688 0.113281
13 0.860938 0.8625 0.278125 0.1375
14 0.0867187 0.109375 0.173437 0.21875
