0 0.450781 0.312109 0.34375 0.394531
1 0.432422 0.259766 0.302344 0.217969
2 0.466016 0.39375 0.311719 0.229687
3 0.378125 0.441016 0.0609375 0.119531
4 0.530078 0.377344 0.0710937 0.0703125
5 0.470703 0.130469 0.191406 0.260937
6 0.474219 0.0601563 0.184375 0.120313
7 0.207031 0.834375 0.36875 0.11875
8 0.248438 0.440234 0.332813 0.458594
9 0.592187 0.645312 0.284375 0.315625
10 0.719922 0.103516 0.324219 0.182031
11 0.726562 0.326953 0.235937 0.305469
12 0.0570312 0.317578 0.078125 0.0554687
13 0.0863281 0.368359 0.0429688 0.0851563
13 0.0738281 0.266016 0.0414062 0.0992187
14 0.930469 0.0851563 0.139063 0.164062
