0 0.427344 0.401562 0.29375 0.464062
1 0.433984 0.286328 0.267969 0.232031
2 0.425 0.508984 0.2875 0.250781
3 0.446094 0.594922 0.075 0.0695313
4 0.35 0.514453 0.0390625 0.0382813
4 0.530469 0.515234 0.0328125 0.0351562
5 0.497656 0.192969 0.104688 0.214062
6 0.497266 0.175781 0.103906 0.178125
7 0.791016 0.567969 0.377344 0.114062
8 0.583203 0.515625 0.0742188 0.215625
9 0.791016 0.228516 0.0945312 0.0835937
10 0.751172 0.124609 0.341406 0.200781
11 0.649609 0.282031 0.0773438 0.157812
11 0.947266 0.09375 0.0945312 0.184375
12 0.683203 0.503906 0.0335937 0.0359375
12 0.712109 0.507812 0.0289063 0.034375
12 0.735156 0.499609 0.028125 0.0398437
12 0.866016 0.484375 0.0304687 0.053125
12 0.904297 0.482812 0.0320312 0.04375
12 0.932813 0.483594 0.0296875 0.040625
13 0.660937 0.441406 0.0578125 0.0421875
13 0.762109 0.383203 0.0742188 0.0445313
13 0.863281 0.370312 0.0703125 0.04375
13 0.939063 0.335938 0.0796875 0.05
14 0.169141 0.179688 0.227344 0.25
