0 0.175 0.204687 0.14375 0.217188
1 0.171094 0.151172 0.126562 0.0929688
2 0.174219 0.247656 0.117188 0.125
3 0.175781 0.275391 0.04375 0.0507812
4 0.191406 0.219531 0.0453125 0.0390625
5 0.323828 0.103906 0.272656 0.132812
6 0.355469 0.104297 0.2125 0.132031
7 0.168359 0.426563 0.261719 0.104688
8 0.495312 0.452344 0.93125 0.759375
9 0.565625 0.153125 0.114062 0.10625
10 0.654297 0.0695313 0.253906 0.134375
11 0.442969 0.327734 0.146875 0.200781
12 0.714453 0.664453 0.105469 0.133594
13 0.319922 0.547656 0.150781 0.09375
13 0.619922 0.326953 0.0867187 0.0960938
13 0.908984 0.571875 0.0695313 0.140625
14 0.0738281 0.075 0.147656 0.1375
