0 0.3875 0.364844 0.284375 0.254688
1 0.433984 0.294922 0.191406 0.113281
1 0.304688 0.371094 0.117188 0.034375
1 0.483984 0.396484 0.0726563 0.0257812
2 0.438672 0.411328 0.167969 0.149219
2 0.314063 0.432422 0.104688 0.121094
3 0.491406 0.442188 0.0578125 0.08125
4 0.408984 0.410547 0.0789062 0.0695313
5 0.196875 0.235937 0.298438 0.275
6 0.194141 0.203906 0.294531 0.207813
7 0.210547 0.721484 0.375781 0.488281
8 0.471094 0.7375 0.4 0.525
8 0.596094 0.258984 0.807813 0.188281
9 0.768359 0.746484 0.403906 0.507031
10 0.804297 0.109375 0.211719 0.15625
10 0.555078 0.119531 0.192969 0.154688
11 0.117578 0.365625 0.235156 0.41875
12 0.243359 0.570312 0.0523438 0.078125
12 0.309375 0.616016 0.0765625 0.0835937
12 0.234766 0.698047 0.105469 0.0882813
12 0.2125 0.818359 0.0734375 0.0820312
12 0.116797 0.747266 0.113281 0.114844
13 0.937109 0.310937 0.0601563 0.0796875
13 0.791016 0.300781 0.0585938 0.0875
13 0.883984 0.24375 0.0507812 0.084375
13 0.819531 0.207031 0.0359375 0.0515625
13 0.723437 0.245703 0.0546875 0.0789062
13 0.635938 0.219922 0.04375 0.0570312
14 0.695312 0.0546875 0.0453125 0.0484375
