0 0.473438 0.307422 0.290625 0.391406
1 0.48125 0.238281 0.270313 0.167187
2 0.473438 0.400781 0.290625 0.204687
3 0.386328 0.457422 0.0460938 0.0789062
4 0.446875 0.370703 0.05625 0.0617188
4 0.558594 0.353906 0.0578125 0.0578125
5 0.470313 0.116406 0.071875 0.18125
6 0.470703 0.0707031 0.0710937 0.0898438
7 0.767969 0.448047 0.451562 0.136719
8 0.292969 0.727344 0.485938 0.545312
9 0.805859 0.326172 0.388281 0.228906
10 0.498437 0.150391 0.95 0.213281
11 0.230078 0.369531 0.189844 0.248438
12 0.513672 0.621875 0.0804688 0.114062
13 0.586719 0.662109 0.0625 0.0273438
13 0.515625 0.742969 0.06875 0.028125
13 0.676172 0.746875 0.0757812 0.0203125
13 0.726953 0.651563 0.0804688 0.034375
14 0.101953 0.111328 0.144531 0.180469
