0 0.483594 0.365234 0.473438 0.728906
1 0.473047 0.148828 0.428906 0.296094
2 0.483984 0.494531 0.472656 0.470313
3 0.38125 0.586328 0.0921875 0.252344
4 0.591406 0.467187 0.120313 0.0984375
5 0.654297 0.124219 0.0648438 0.246875
6 0.654297 0.0265625 0.0632812 0.0515625
7 0.829688 0.650781 0.215625 0.154688
7 0.116797 0.680469 0.228906 0.134375
8 0.4125 0.860938 0.146875 0.270313
9 0.847266 0.410156 0.171094 0.232813
10 0.876953 0.158203 0.224219 0.313281
10 0.1375 0.184766 0.251563 0.341406
11 0.104297 0.489063 0.142969 0.257812
12 0.0375 0.55625 0.0625 0.107813
12 0.204297 0.544141 0.0585938 0.0867187
13 0.501563 0.559375 0.992188 0.148438
14 0.938281 0.0683594 0.096875 0.124219
