0 0.204687 0.177734 0.23125 0.316406
1 0.194531 0.133984 0.209375 0.207031
2 0.199219 0.277734 0.1875 0.117969
3 0.246094 0.278125 0.0765625 0.110937
4 0.179688 0.237109 0.059375 0.0523438
5 0.376563 0.0679687 0.228125 0.121875
6 0.402344 0.0460938 0.179688 0.078125
7 0.5 0.716016 1 0.199219
8 0.217188 0.482812 0.0875 0.326562
9 0.716797 0.414844 0.324219 0.439063
10 0.675391 0.0960938 0.275781 0.154688
11 0.375781 0.162891 0.1375 0.172656
12 0.125 0.549219 0.1125 0.145313
12 0.511719 0.300781 0.151562 0.19375
13 0.482031 0.31875 0.964063 0.6375
14 0.902734 0.0898438 0.194531 0.179688
