0 0.439453 0.431641 0.502344 0.386719
1 0.432031 0.352734 0.485938 0.138281
2 0.440625 0.508594 0.498437 0.234375
3 0.283594 0.564844 0.078125 0.1125
4 0.287891 0.454688 0.121094 0.0515625
4 0.444531 0.458594 0.1 0.0546875
4 0.613672 0.453125 0.103906 0.0625
5 0.587109 0.232031 0.0460938 0.114062
6 0.590234 0.207422 0.0367188 0.0648438
7 0.336719 0.808984 0.0703125 0.382031
7 0.168359 0.789844 0.0898438 0.359375
8 0.255469 0.805469 0.167187 0.378125
9 0.536719 0.793359 0.229687 0.155469
10 0.398828 0.246484 0.797656 0.205469
11 0.832812 0.427344 0.165625 0.221875
12 0.0875 0.617578 0.08125 0.155469
12 0.800781 0.734766 0.0703125 0.105469
13 0.0613281 0.854688 0.0507812 0.028125
13 0.0730469 0.772266 0.0523438 0.0414062
13 0.479687 0.916016 0.078125 0.0492187
13 0.539453 0.953125 0.0554687 0.0328125
13 0.669531 0.905469 0.0609375 0.0265625
13 0.710938 0.939063 0.059375 0.0234375
13 0.738672 0.965625 0.0648438 0.0375
13 0.690234 0.688672 0.0445313 0.0398437
13 0.813672 0.5875 0.0789062 0.0296875
13 0.523828 0.653906 0.0835937 0.0453125
13 0.0742188 0.435547 0.0703125 0.0492187
14 0.894922 0.0519531 0.169531 0.103906
