0 0.464062 0.212891 0.3875 0.425781
1 0.453906 0.0941406 0.385937 0.188281
2 0.462891 0.290625 0.383594 0.259375
3 0.579297 0.327344 0.0773438 0.15
4 0.388672 0.269141 0.124219 0.127344
5 0.35625 0.0679687 0.0453125 0.135937
6 0.358203 0.0335937 0.0351562 0.0671875
7 0.5 0.601953 1 0.246094
8 0.5 0.833594 1 0.179688
9 0.851562 0.352344 0.2375 0.226562
10 0.861328 0.0855469 0.277344 0.171094
11 0.129297 0.303125 0.216406 0.301563
12 0.0449219 0.433594 0.0570312 0.071875
12 0.256641 0.429688 0.0507812 0.0703125
12 0.683984 0.389062 0.0554687 0.0953125
12 0.966797 0.410547 0.0476562 0.0664062
13 0.961719 0.235937 0.053125 0.040625
13 0.706641 0.303906 0.0539063 0.059375
13 0.734766 0.450391 0.0585938 0.0445313
13 0.916797 0.464062 0.0585938 0.046875
13 0.641016 0.4625 0.0445313 0.046875
13 0.447656 0.464453 0.06875 0.0601563
13 0.0886719 0.466016 0.0445313 0.0476562
13 0.216406 0.384766 0.0578125 0.0554687
13 0.204687 0.461328 0.0421875 0.0414062
13 0.327734 0.466016 0.0632812 0.0585938
14 0.0789062 0.0835937 0.157812 0.167187
