0 0.325781 0.692969 0.273438 0.275
1 0.325391 0.634766 0.274219 0.105469
2 0.342578 0.743359 0.230469 0.172656
3 0.351953 0.766016 0.0679687 0.0976562
4 0.403516 0.691406 0.0351562 0.034375
4 0.267188 0.703125 0.034375 0.034375
5 0.392969 0.541797 0.0796875 0.103906
6 0.398438 0.518359 0.06875 0.0585938
7 0.122266 0.7 0.233594 0.178125
7 0.711328 0.632812 0.577344 0.248438
8 0.464844 0.415234 0.871875 0.386719
9 0.639062 0.785547 0.134375 0.102344
10 0.475 0.194141 0.9 0.224219
11 0.817578 0.825781 0.125781 0.248438
12 0.696094 0.917969 0.046875 0.103125
12 0.750781 0.913281 0.0546875 0.110937
13 0.0921875 0.964844 0.0703125 0.0328125
13 0.139844 0.888281 0.0828125 0.0328125
13 0.352344 0.934375 0.120313 0.0390625
13 0.451953 0.877734 0.0992187 0.0429688
13 0.544922 0.966406 0.0882813 0.0328125
13 0.930469 0.845703 0.0484375 0.0289063
14 0.658594 0.0875 0.13125 0.129688
