0 0.707422 0.31875 0.561719 0.573438
1 0.707422 0.223047 0.560156 0.310156
2 0.703906 0.473828 0.489063 0.261719
3 0.604297 0.516016 0.142969 0.174219
4 0.784766 0.464453 0.200781 0.146094
4 0.713281 0.244922 0.184375 0.153906
5 0.510156 0.1 0.153125 0.2
6 0.502344 0.0242188 0.1375 0.0484375
7 0.231641 0.522656 0.397656 0.157812
8 0.393359 0.796484 0.553906 0.405469
9 0.820703 0.804297 0.358594 0.389844
10 0.263672 0.138281 0.517969 0.242188
11 0.2125 0.225 0.301563 0.398438
12 0.0636719 0.344922 0.107031 0.128906
12 0.331641 0.315625 0.0648438 0.0921875
12 0.387109 0.324219 0.0585938 0.0875
13 0.26875 0.594531 0.50625 0.75
14 0.923047 0.0855469 0.152344 0.171094
