0 0.532031 0.85625 0.275 0.2875
1 0.531641 0.823047 0.274219 0.0929688
2 0.527734 0.905859 0.230469 0.188281
3 0.536328 0.969922 0.0710937 0.0585938
4 0.441797 0.870703 0.0414062 0.0382813
5 0.459375 0.716406 0.053125 0.15
6 0.45625 0.673047 0.0328125 0.0632812
7 0.213281 0.956641 0.4 0.0867187
7 0.811719 0.953906 0.364063 0.0921875
8 0.814063 0.829297 0.371875 0.266406
9 0.341016 0.408984 0.175781 0.158594
10 0.285547 0.119922 0.391406 0.155469
11 0.817578 0.712891 0.163281 0.275781
12 0.596875 0.702734 0.101562 0.155469
13 0.928516 0.710156 0.0632812 0.05625
13 0.704297 0.855859 0.0617188 0.0617188
14 0.876172 0.110156 0.247656 0.220312
