0 0.174219 0.290625 0.246875 0.440625
1 0.178906 0.192188 0.221875 0.240625
2 0.174219 0.400781 0.245312 0.21875
3 0.162891 0.451562 0.0742188 0.103125
4 0.245703 0.363281 0.0320312 0.03125
4 0.0945312 0.354297 0.040625 0.0429688
5 0.243359 0.15 0.0460938 0.117188
6 0.242578 0.120703 0.0460938 0.0585938
7 0.0605469 0.401562 0.121094 0.357812
7 0.297656 0.371875 0.129688 0.35625
8 0.550391 0.745313 0.899219 0.507812
9 0.817187 0.391406 0.340625 0.271875
10 0.5 0.107813 1 0.159375
11 0.867969 0.194141 0.05 0.0742188
11 0.757031 0.133203 0.0359375 0.0507812
11 0.665234 0.203125 0.0351562 0.0640625
11 0.554297 0.1625 0.0429688 0.053125
11 0.484766 0.0996094 0.0351562 0.0429688
11 0.44375 0.174219 0.05 0.075
11 0.0535156 0.18125 0.0476562 0.0578125
12 0.571094 0.569922 0.0671875 0.0851563
12 0.808594 0.692578 0.05625 0.0632812
12 0.238672 0.747266 0.0601563 0.0679687
12 0.492578 0.833984 0.0523438 0.0585938
12 0.328906 0.91875 0.065625 0.0703125
13 0.325391 0.771094 0.649219 0.371875
14 0.942969 0.0398437 0.114062 0.0796875
