0 0.220703 0.405469 0.339844 0.385937
1 0.219531 0.303516 0.3375 0.117969
2 0.232031 0.465234 0.307812 0.267969
3 0.232422 0.524219 0.0992187 0.146875
4 0.114062 0.367969 0.0375 0.028125
4 0.35 0.382422 0.028125 0.0351562
5 0.351953 0.202734 0.169531 0.121094
6 0.354297 0.177344 0.164844 0.0703125
7 0.553906 0.526953 0.36875 0.466406
8 0.491016 0.273438 0.308594 0.104688
9 0.553125 0.485547 0.1625 0.186719
10 0.801172 0.141406 0.305469 0.282813
11 0.883203 0.110547 0.0585938 0.127344
12 0.551562 0.657422 0.05 0.0585938
13 0.221094 0.628125 0.285938 0.05625
14 0.571484 0.0929688 0.136719 0.151562
