0 0.356641 0.290234 0.669531 0.353906
1 0.356641 0.237891 0.669531 0.196094
2 0.176563 0.36875 0.240625 0.203125
2 0.476953 0.342578 0.402344 0.200781
3 0.582031 0.370703 0.0921875 0.0992187
4 0.480469 0.330469 0.104688 0.0875
4 0.360156 0.335156 0.101562 0.0859375
4 0.154297 0.226562 0.0929688 0.0546875
4 0.176563 0.344922 0.167187 0.114844
5 0.597266 0.100781 0.117969 0.15625
6 0.598047 0.0667969 0.117969 0.0882813
7 0.499609 0.879297 0.999219 0.239844
8 0.579297 0.61875 0.157031 0.392188
9 0.242578 0.6 0.252344 0.1875
10 0.219531 0.0980469 0.439063 0.196094
11 0.832812 0.419922 0.295312 0.527344
12 0.716797 0.58125 0.0851563 0.135937
12 0.945312 0.58125 0.0640625 0.140625
13 0.0335937 0.404297 0.034375 0.0289063
13 0.0648438 0.539844 0.0375 0.0296875
13 0.113281 0.725781 0.0453125 0.021875
13 0.45625 0.703516 0.0578125 0.0398437
13 0.705859 0.757812 0.0242188 0.0203125
13 0.765234 0.717969 0.0429688 0.025
13 0.932031 0.713672 0.03125 0.0226562
13 0.664453 0.495312 0.0382813 0.028125
13 0.422266 0.521484 0.0554687 0.0257812
13 0.472656 0.461719 0.0359375 0.0234375
14 0.864844 0.0828125 0.179688 0.154688
