0 0.703906 0.416797 0.395313 0.380469
1 0.7125 0.310547 0.376563 0.164844
2 0.701562 0.453906 0.384375 0.296875
3 0.594531 0.537109 0.053125 0.107031
4 0.786719 0.405469 0.0984375 0.120313
5 0.767969 0.160938 0.240625 0.292187
6 0.767188 0.128906 0.239063 0.232813
7 0.2125 0.509375 0.425 0.14375
8 0.5 0.823047 1 0.353906
9 0.798438 0.725391 0.215625 0.177344
10 0.499219 0.135547 0.998437 0.227344
11 0.928516 0.457813 0.142969 0.314063
12 0.193359 0.312109 0.0507812 0.0945312
13 0.230859 0.357812 0.332031 0.15
14 0.205469 0.0523438 0.090625 0.09375
