0 0.472656 0.595703 0.3125 0.808594
1 0.483594 0.391016 0.2875 0.397656
2 0.473438 0.776953 0.3125 0.446094
3 0.487109 0.909375 0.0695313 0.18125
4 0.387109 0.699609 0.0554687 0.0601563
4 0.541016 0.655469 0.0804688 0.06875
5 0.628125 0.21875 0.151562 0.214062
6 0.653125 0.166797 0.101562 0.110156
7 0.144531 0.905859 0.278125 0.188281
8 0.172266 0.660937 0.344531 0.179688
9 0.84375 0.899219 0.175 0.173437
10 0.798047 0.336328 0.403906 0.235156
11 0.682422 0.775391 0.138281 0.449219
12 0.812891 0.712891 0.100781 0.160156
13 0.927734 0.780859 0.0820312 0.0601563
14 0.177344 0.177734 0.260937 0.310156
