0 0.166797 0.571484 0.232031 0.428906
1 0.148047 0.439844 0.192969 0.1625
2 0.167969 0.642188 0.229687 0.290625
3 0.161719 0.746875 0.0390625 0.05625
4 0.160156 0.569922 0.0859375 0.0726563
4 0.166016 0.667969 0.0601563 0.0546875
5 0.238672 0.378516 0.121094 0.171094
6 0.254688 0.338672 0.0890625 0.0898438
7 0.578125 0.666016 0.557813 0.169531
8 0.503125 0.858594 0.99375 0.276562
9 0.414453 0.518359 0.207031 0.247656
10 0.246094 0.178906 0.304688 0.171875
11 0.586328 0.478125 0.119531 0.23125
12 0.746094 0.510156 0.0578125 0.090625
13 0.714063 0.558984 0.48125 0.149219
14 0.847266 0.161328 0.296094 0.271094
