0 0.389844 0.419531 0.392188 0.703125
1 0.407813 0.178125 0.353125 0.21875
2 0.390234 0.523047 0.389844 0.494531
3 0.378906 0.672266 0.0734375 0.194531
4 0.277734 0.329297 0.0679687 0.0789062
4 0.353125 0.447656 0.0671875 0.1
4 0.489453 0.430859 0.0804688 0.100781
4 0.273828 0.578125 0.0570312 0.071875
4 0.465234 0.555469 0.0507812 0.0734375
5 0.515625 0.0976562 0.10625 0.185938
6 0.516406 0.0386719 0.104688 0.0679687
7 0.382031 0.449219 0.634375 0.898438
8 0.631641 0.832031 0.602344 0.171875
9 0.83125 0.317188 0.170313 0.0859375
10 0.842969 0.0902344 0.314063 0.149219
11 0.7125 0.559766 0.1375 0.267969
12 0.634375 0.678906 0.059375 0.0734375
12 0.746484 0.685156 0.0617188 0.0859375
13 0.555469 0.824609 0.775 0.199219
14 0.075 0.0992187 0.15 0.192188
