0 0.510156 0.415234 0.473438 0.575781
1 0.508984 0.285938 0.471094 0.21875
2 0.519922 0.532031 0.452344 0.342187
3 0.663672 0.587109 0.121094 0.155469
4 0.392578 0.447656 0.102344 0.0953125
5 0.71875 0.153516 0.254688 0.274219
6 0.719141 0.0785156 0.253906 0.124219
7 0.382031 0.841406 0.248438 0.18125
8 0.573047 0.708594 0.817969 0.582812
9 0.858984 0.3875 0.175781 0.15625
10 0.860547 0.264844 0.194531 0.148438
11 0.210547 0.290234 0.311719 0.563281
12 0.140625 0.692187 0.0546875 0.140625
12 0.214844 0.700781 0.0515625 0.117188
13 0.510938 0.720313 0.084375 0.0390625
13 0.620703 0.737109 0.0757812 0.0492187
13 0.755859 0.678125 0.0679687 0.0515625
14 0.929297 0.0917969 0.133594 0.183594
