0 0.699609 0.359375 0.317969 0.395313
1 0.696094 0.310156 0.307812 0.2
2 0.699609 0.452734 0.314844 0.207031
3 0.776953 0.475391 0.0726563 0.122656
4 0.577734 0.466797 0.0398437 0.0554687
4 0.639062 0.464453 0.0453125 0.0476562
4 0.776172 0.340625 0.0476562 0.0734375
5 0.646094 0.129297 0.148438 0.192969
6 0.639844 0.0972656 0.135937 0.130469
7 0.740625 0.577734 0.3875 0.274219
8 0.563672 0.848047 0.752344 0.175781
9 0.368359 0.592578 0.252344 0.244531
10 0.2625 0.260937 0.326562 0.104688
11 0.119141 0.467578 0.186719 0.344531
12 0.261719 0.862109 0.0953125 0.114844
12 0.540234 0.877344 0.0804688 0.148438
12 0.787891 0.898047 0.0960938 0.116406
13 0.573047 0.598828 0.799219 0.400781
14 0.212891 0.0839844 0.180469 0.167969
