0 0.498437 0.341797 0.401562 0.546094
1 0.504297 0.208203 0.378906 0.194531
2 0.498437 0.431641 0.398438 0.360156
3 0.51875 0.515625 0.135937 0.1625
4 0.401953 0.369922 0.122656 0.102344
5 0.7125 0.121484 0.204687 0.213281
6 0.722656 0.0460938 0.182812 0.0578125
7 0.476172 0.646094 0.546094 0.264062
8 0.161719 0.202734 0.323437 0.405469
9 0.877734 0.667969 0.235156 0.251563
10 0.828125 0.244531 0.307812 0.253125
10 0.505078 0.114062 0.403906 0.189062
11 0.139453 0.521484 0.217969 0.311719
12 0.826562 0.459766 0.0796875 0.163281
13 0.151172 0.825391 0.121094 0.135156
13 0.370312 0.846484 0.09375 0.0976562
13 0.598828 0.845313 0.164844 0.0546875
13 0.834375 0.925391 0.134375 0.108594
13 0.287109 0.714844 0.132031 0.0609375
14 0.879297 0.141797 0.175781 0.246094
