0 0.456641 0.280859 0.138281 0.292969
1 0.454688 0.228906 0.1 0.132812
2 0.45625 0.354297 0.1375 0.147656
3 0.444922 0.390234 0.0382813 0.0617188
4 0.419531 0.328516 0.021875 0.0367188
4 0.5 0.324609 0.021875 0.0242188
5 0.546094 0.158594 0.139063 0.176563
6 0.547266 0.0882813 0.136719 0.034375
7 0.410156 0.480469 0.20625 0.084375
8 0.438281 0.683594 0.11875 0.29375
9 0.808594 0.563672 0.189062 0.102344
10 0.212891 0.108984 0.169531 0.192969
11 0.826953 0.283984 0.0929688 0.188281
12 0.166797 0.45 0.199219 0.340625
13 0.516406 0.904687 0.853125 0.103125
14 0.848437 0.0699219 0.185938 0.139844
