0 0.317188 0.255859 0.326562 0.333594
1 0.317188 0.226172 0.325 0.182031
2 0.316016 0.332422 0.275781 0.178906
3 0.266016 0.369922 0.0867187 0.0882813
4 0.398047 0.322266 0.0539063 0.0664062
5 0.33125 0.123438 0.270313 0.184375
6 0.352734 0.0703125 0.228906 0.078125
7 0.710938 0.271094 0.532813 0.0828125
8 0.380469 0.701562 0.454688 0.590625
9 0.530078 0.418359 0.150781 0.132031
10 0.683984 0.146094 0.474219 0.175
11 0.818359 0.594922 0.299219 0.542969
12 0.15 0.463672 0.0875 0.122656
13 0.432031 0.607031 0.096875 0.059375
13 0.61875 0.593359 0.1125 0.0507812
13 0.585547 0.734766 0.136719 0.0601563
14 0.113281 0.113281 0.1625 0.164062
