0 0.167187 0.643359 0.184375 0.275781
1 0.166797 0.564844 0.183594 0.117188
2 0.167578 0.696094 0.180469 0.170313
3 0.173047 0.723437 0.158594 0.1125
4 0.166797 0.638672 0.116406 0.0335937
5 0.257031 0.538672 0.129688 0.0726563
6 0.275 0.520703 0.09375 0.0367188
7 0.323828 0.652344 0.138281 0.126562
7 0.0453125 0.717187 0.090625 0.0796875
8 0.478906 0.605078 0.360938 0.360156
9 0.755859 0.413281 0.222656 0.196875
10 0.778906 0.140625 0.176563 0.09375
10 0.588672 0.191406 0.188281 0.103125
10 0.401562 0.257812 0.0953125 0.05
10 0.25625 0.308984 0.0875 0.0648438
11 0.910937 0.270313 0.146875 0.25625
12 0.826953 0.667969 0.0742188 0.160938
12 0.673047 0.796875 0.0679687 0.1625
12 0.455859 0.847266 0.0664062 0.152344
13 0.583594 0.877344 0.03125 0.025
13 0.396875 0.485547 0.040625 0.0335937
13 0.549219 0.370312 0.053125 0.0359375
13 0.15625 0.422266 0.0390625 0.0320312
14 0.117969 0.116797 0.2 0.214844
