0 0.556641 0.314453 0.596094 0.561719
1 0.55625 0.214062 0.595313 0.296875
2 0.553125 0.441406 0.425 0.30625
3 0.417187 0.530859 0.08125 0.121094
4 0.533984 0.415625 0.121094 0.084375
5 0.708203 0.06875 0.122656 0.1375
6 0.725 0.0265625 0.0890625 0.053125
7 0.55625 0.723047 0.4875 0.191406
8 0.288281 0.786719 0.3625 0.403125
9 0.796094 0.613281 0.339062 0.232813
10 0.243359 0.0742188 0.486719 0.148438
11 0.205078 0.399219 0.283594 0.51875
12 0.936719 0.741406 0.05 0.103125
13 0.836719 0.773828 0.0484375 0.0445313
13 0.542578 0.6125 0.0820312 0.0453125
13 0.169141 0.666016 0.0523438 0.0320312
13 0.225781 0.699219 0.0796875 0.06875
14 0.891016 0.122266 0.217969 0.244531
