0 0.319922 0.396875 0.449219 0.639062
1 0.321484 0.226953 0.442969 0.247656
2 0.318359 0.523438 0.449219 0.389062
3 0.497266 0.635156 0.0835937 0.15
4 0.175 0.527734 0.075 0.302344
4 0.280078 0.525391 0.0726563 0.307031
4 0.389844 0.524219 0.0578125 0.29375
5 0.255859 0.109766 0.119531 0.194531
6 0.25625 0.0457031 0.120313 0.0664062
7 0.222656 0.807813 0.371875 0.110937
7 0.735547 0.745313 0.325781 0.107813
8 0.580859 0.855078 0.235156 0.289844
9 0.314453 0.909766 0.186719 0.167969
10 0.123438 0.147266 0.210938 0.147656
10 0.608203 0.145703 0.267969 0.183594
11 0.664844 0.442188 0.276562 0.503125
11 0.901172 0.460938 0.197656 0.435937
11 0.0707031 0.463672 0.100781 0.466406
12 0.435156 0.846875 0.0390625 0.0359375
12 0.0703125 0.928125 0.090625 0.0921875
12 0.802344 0.910156 0.123438 0.179688
12 0.935156 0.846094 0.0515625 0.0484375
13 0.677344 0.803906 0.0421875 0.0109375
13 0.701172 0.894531 0.0304687 0.0109375
13 0.879687 0.810937 0.021875 0.0109375
13 0.906641 0.9 0.0242188 0.0125
13 0.43125 0.899609 0.0203125 0.0117188
13 0.419922 0.944531 0.0195312 0.0109375
13 0.146484 0.925781 0.0210938 0.015625
13 0.162109 0.873828 0.0273438 0.0132812
13 0.0972656 0.878906 0.0429688 0.0125
14 0.858203 0.103516 0.221094 0.207031
