0 0.283203 0.751953 0.319531 0.353906
1 0.289062 0.652344 0.30625 0.153125
2 0.282031 0.813281 0.317188 0.23125
3 0.250391 0.891016 0.0664062 0.0632812
4 0.178125 0.80625 0.0515625 0.040625
4 0.36875 0.805859 0.065625 0.0523438
5 0.413281 0.594141 0.114062 0.149219
6 0.417187 0.557422 0.10625 0.0742188
7 0.0671875 0.858984 0.134375 0.146094
7 0.495312 0.858594 0.1625 0.139063
8 0.0996094 0.721875 0.199219 0.15
8 0.535156 0.673438 0.271875 0.117188
8 0.266797 0.960156 0.0960938 0.0796875
9 0.723828 0.736328 0.157031 0.117969
10 0.486328 0.402734 0.972656 0.442969
11 0.936719 0.802344 0.126562 0.370312
12 0.645312 0.8625 0.0296875 0.05
12 0.679297 0.867578 0.0414062 0.0414062
12 0.753906 0.891016 0.0359375 0.0398437
12 0.794922 0.885156 0.0601563 0.0515625
13 0.480078 0.98125 0.921094 0.0359375
14 0.899609 0.130859 0.114844 0.119531
