0 0.482031 0.439063 0.30625 0.33125
1 0.482031 0.359375 0.304688 0.167187
2 0.471484 0.507812 0.180469 0.19375
3 0.471094 0.550781 0.0609375 0.0921875
4 0.476562 0.366016 0.05 0.0445313
5 0.587109 0.260547 0.160156 0.169531
6 0.587109 0.224219 0.160156 0.0984375
7 0.623828 0.533594 0.0835937 0.0640625
8 0.460547 0.795703 0.0851563 0.408594
9 0.663281 0.827344 0.195312 0.19375
10 0.201563 0.405859 0.364063 0.219531
11 0.791016 0.501953 0.124219 0.199219
12 0.330859 0.642188 0.0414062 0.075
13 0.759766 0.566406 0.371094 0.04375
14 0.738281 0.161719 0.134375 0.139063
