0 0.453125 0.276953 0.246875 0.402344
1 0.464453 0.181641 0.224219 0.210156
2 0.453906 0.367188 0.246875 0.2125
3 0.453906 0.404297 0.0828125 0.121094
4 0.534375 0.338672 0.0375 0.0429688
4 0.400781 0.326562 0.040625 0.040625
5 0.557031 0.142187 0.084375 0.220312
6 0.559766 0.0683594 0.0789062 0.0679687
7 0.782031 0.387109 0.429688 0.141406
7 0.169922 0.424219 0.339844 0.167187
8 0.446094 0.725781 0.109375 0.534375
9 0.766797 0.805078 0.235156 0.236719
10 0.861719 0.236719 0.271875 0.184375
11 0.0953125 0.251563 0.190625 0.296875
12 0.675781 0.571094 0.096875 0.129688
12 0.128906 0.652344 0.0734375 0.10625
13 0.311719 0.816406 0.08125 0.08125
13 0.935937 0.559766 0.071875 0.0898438
14 0.0652344 0.0523438 0.130469 0.104688
