0 0.581641 0.262109 0.427344 0.482031
1 0.578125 0.135937 0.415625 0.223438
2 0.582422 0.351953 0.425781 0.302344
3 0.583203 0.364063 0.0742188 0.134375
4 0.482031 0.299219 0.096875 0.09375
4 0.703125 0.284766 0.0796875 0.0757812
5 0.699219 0.0601563 0.11875 0.120313
6 0.703906 0.0152344 0.10625 0.0304687
7 0.567969 0.407422 0.45 0.175781
8 0.326172 0.555469 0.286719 0.567187
9 0.510547 0.833203 0.221094 0.138281
10 0.499219 0.146875 0.998437 0.292187
11 0.211719 0.235547 0.171875 0.357031
12 0.867969 0.585547 0.084375 0.135156
12 0.573438 0.614844 0.078125 0.120313
12 0.0839844 0.363281 0.0539063 0.0796875
13 0.694922 0.718359 0.0929688 0.0773438
13 0.842578 0.924219 0.125781 0.078125
13 0.135156 0.707031 0.145313 0.101562
14 0.935547 0.0789062 0.128906 0.15625
