0 0.523828 0.391016 0.488281 0.555469
1 0.523828 0.251172 0.488281 0.247656
2 0.523828 0.497266 0.486719 0.341406
3 0.410938 0.582031 0.114062 0.157812
4 0.617578 0.441016 0.105469 0.0867187
5 0.398438 0.141016 0.103125 0.266406
6 0.409375 0.0480469 0.0796875 0.0804688
7 0.215234 0.858203 0.263281 0.238281
8 0.515234 0.825391 0.160156 0.349219
9 0.1375 0.530469 0.267188 0.210938
10 0.813672 0.151172 0.372656 0.225781
11 0.157031 0.226562 0.285938 0.4
12 0.727734 0.703906 0.0851563 0.0921875
13 0.8625 0.663281 0.0875 0.028125
13 0.703125 0.796484 0.0390625 0.0242188
13 0.785937 0.775 0.0421875 0.025
14 0.539453 0.0761719 0.147656 0.121094
