0 0.483594 0.305469 0.4375 0.428125
1 0.482422 0.190625 0.422656 0.203125
2 0.485156 0.386328 0.429688 0.253906
3 0.485156 0.450391 0.0828125 0.122656
4 0.375391 0.375781 0.110156 0.110937
4 0.617188 0.375 0.0984375 0.0921875
5 0.339453 0.172656 0.0382813 0.114062
6 0.345313 0.139844 0.0234375 0.0484375
7 0.482422 0.905469 0.961719 0.189062
8 0.570312 0.698438 0.3 0.370312
9 0.897266 0.494922 0.197656 0.164844
10 0.424219 0.109766 0.835938 0.219531
11 0.134375 0.392969 0.225 0.33125
12 0.223828 0.66875 0.0492187 0.075
12 0.321875 0.671094 0.046875 0.0984375
12 0.655859 0.684766 0.0445313 0.0804688
12 0.841406 0.653125 0.04375 0.0859375
12 0.846094 0.445703 0.0203125 0.0414062
12 0.926172 0.408203 0.0226562 0.0320312
12 0.873437 0.563281 0.0234375 0.04375
12 0.922656 0.552344 0.0171875 0.046875
12 0.855859 0.527344 0.0210938 0.034375
13 0.0867187 0.717187 0.021875 0.0390625
13 0.151562 0.652734 0.025 0.0351562
13 0.25625 0.704688 0.025 0.0296875
13 0.255469 0.583984 0.021875 0.0242188
13 0.362891 0.630078 0.0242188 0.0289063
13 0.389453 0.746094 0.0242188 0.0375
13 0.741406 0.567969 0.015625 0.021875
13 0.752344 0.689453 0.015625 0.0289063
14 0.900391 0.121875 0.189844 0.24375
