0 0.563281 0.274219 0.396875 0.4625
1 0.542188 0.183594 0.351562 0.279687
2 0.560156 0.309375 0.4 0.39375
3 0.471875 0.455078 0.0578125 0.0882813
4 0.466016 0.247656 0.0460938 0.0640625
5 0.620313 0.0875 0.0484375 0.175
6 0.620703 0.0460938 0.0492187 0.0921875
7 0.410156 0.452344 0.0859375 0.10625
7 0.609766 0.435937 0.235156 0.120313
8 0.187891 0.375781 0.375781 0.167187
9 0.182031 0.123047 0.242188 0.241406
10 0.873437 0.0925781 0.253125 0.185156
11 0.865234 0.379688 0.144531 0.2875
12 0.768359 0.404687 0.0570312 0.1
13 0.5 0.530469 1 0.201563
14 0.454688 0.0921875 0.179688 0.184375
