0 0.219922 0.553906 0.361719 0.395313
1 0.185938 0.465625 0.29375 0.148438
2 0.220312 0.578125 0.360938 0.346875
3 0.167187 0.700391 0.0546875 0.0820312
4 0.0863281 0.585156 0.0320312 0.034375
4 0.206641 0.569141 0.0335937 0.0320312
5 0.265234 0.326172 0.135156 0.191406
6 0.275391 0.297656 0.113281 0.135937
7 0.280859 0.791016 0.371094 0.0820312
8 0.30625 0.8625 0.523438 0.25
9 0.637891 0.779297 0.252344 0.189844
10 0.273047 0.353516 0.541406 0.411719
11 0.837891 0.574609 0.322656 0.824219
12 0.767969 0.951172 0.0328125 0.0914062
12 0.813281 0.949219 0.034375 0.1
12 0.85 0.941797 0.0359375 0.114844
13 0.902344 0.936719 0.0375 0.0125
13 0.791016 0.967578 0.0320312 0.0164063
13 0.711328 0.991016 0.00859375 0.0101563
13 0.723437 0.93125 0.053125 0.0109375
13 0.769531 0.880078 0.0625 0.0148437
13 0.640625 0.910547 0.0421875 0.0132812
13 0.5875 0.963281 0.0625 0.0171875
13 0.832812 0.809375 0.090625 0.034375
13 0.321094 0.838281 0.0625 0.021875
13 0.237891 0.866406 0.0507812 0.01875
13 0.167578 0.852344 0.0773438 0.015625
13 0.503125 0.803516 0.0359375 0.0257812
13 0.0347656 0.844922 0.0273438 0.0226562
13 0.0542969 0.933594 0.0507812 0.0265625
13 0.0707031 0.972656 0.0414062 0.0234375
14 0.109766 0.133203 0.219531 0.257031
