0 0.450781 0.416016 0.526563 0.574219
1 0.448437 0.295312 0.525 0.329688
2 0.446875 0.559766 0.482812 0.289844
3 0.530469 0.609375 0.0984375 0.171875
4 0.337891 0.538672 0.110156 0.0867187
5 0.6125 0.220312 0.090625 0.254688
6 0.615625 0.141797 0.084375 0.0960938
7 0.480859 0.848828 0.961719 0.302344
8 0.829688 0.389062 0.340625 0.482812
9 0.160938 0.201953 0.321875 0.403906
10 0.6125 0.0699219 0.604688 0.139844
11 0.0664062 0.608203 0.132812 0.375781
12 0.137109 0.698047 0.0648438 0.0960938
12 0.733203 0.655859 0.0570312 0.0992187
12 0.849609 0.632422 0.0554687 0.0960938
12 0.065625 0.183984 0.0796875 0.0820312
12 0.196875 0.163281 0.071875 0.0921875
13 0.491016 0.746094 0.877344 0.145313
14 0.830469 0.144922 0.134375 0.146094
