0 0.490625 0.271484 0.3 0.410156
1 0.491016 0.199609 0.299219 0.136719
2 0.471094 0.354297 0.24375 0.241406
3 0.513672 0.390625 0.0492187 0.08125
4 0.420703 0.306641 0.0601563 0.0695313
5 0.643359 0.116406 0.261719 0.204687
6 0.654297 0.0425781 0.241406 0.0570312
7 0.219531 0.615625 0.429688 0.109375
7 0.803125 0.610156 0.39375 0.16875
8 0.511719 0.723828 0.21875 0.414844
9 0.74375 0.301563 0.128125 0.1625
10 0.178125 0.284766 0.35625 0.555469
11 0.886328 0.457422 0.177344 0.172656
12 0.636719 0.388281 0.0953125 0.13125
13 0.616016 0.496094 0.474219 0.078125
14 0.85625 0.125 0.159375 0.1875
