0 0.425 0.455859 0.6 0.560156
1 0.414453 0.290625 0.578906 0.229687
2 0.425781 0.554688 0.601562 0.3625
3 0.376172 0.619141 0.122656 0.225781
4 0.203906 0.582422 0.0984375 0.0742188
4 0.544922 0.593359 0.124219 0.0992187
5 0.74375 0.273438 0.246875 0.195312
6 0.74375 0.214844 0.246875 0.0796875
7 0.502344 0.128516 0.995313 0.111719
8 0.390625 0.860547 0.1875 0.278906
9 0.836328 0.785156 0.327344 0.429688
10 0.218359 0.0484375 0.285156 0.09375
11 0.0671875 0.471094 0.134375 0.439063
12 0.0476562 0.746094 0.078125 0.104688
13 0.103906 0.789453 0.0515625 0.0257812
13 0.198437 0.789062 0.059375 0.025
14 0.928906 0.0386719 0.142187 0.0773438
