0 0.548047 0.634766 0.549219 0.730469
1 0.55 0.417969 0.54375 0.267188
2 0.547266 0.742188 0.544531 0.515625
3 0.598437 0.892578 0.157812 0.214844
4 0.532422 0.615625 0.0710937 0.0859375
4 0.358984 0.619922 0.100781 0.111719
5 0.78125 0.280078 0.184375 0.402344
6 0.7875 0.173437 0.173437 0.189062
7 0.150391 0.587891 0.264844 0.191406
8 0.932813 0.395703 0.134375 0.788281
9 0.144141 0.402734 0.183594 0.196094
10 0.535547 0.123047 0.255469 0.246094
10 0.157031 0.107813 0.310937 0.215625
11 0.0902344 0.814453 0.0992187 0.205469
12 0.197266 0.266797 0.0414062 0.0648438
12 0.0351562 0.324219 0.0296875 0.05625
12 0.888672 0.825781 0.0367188 0.0609375
13 0.375 0.307422 0.046875 0.0242188
13 0.110156 0.253125 0.0359375 0.0359375
13 0.6625 0.292969 0.034375 0.028125
13 0.1625 0.84375 0.0359375 0.01875
13 0.0476562 0.829297 0.0296875 0.0226562
13 0.890234 0.911719 0.0429688 0.040625
13 0.925 0.866797 0.053125 0.0429688
14 0.0570312 0.0699219 0.114062 0.139844
