0 0.459375 0.424219 0.532813 0.421875
1 0.458203 0.305469 0.530469 0.185938
2 0.459766 0.500391 0.524219 0.272656
3 0.648828 0.552344 0.0804688 0.146875
4 0.373437 0.480859 0.142187 0.0882813
5 0.285547 0.275 0.0929688 0.185938
6 0.289062 0.226562 0.084375 0.0890625
7 0.159766 0.778125 0.150781 0.125
7 0.734375 0.810547 0.142187 0.122656
8 0.442188 0.810156 0.482812 0.379688
9 0.115234 0.569531 0.202344 0.176563
9 0.873047 0.747656 0.221094 0.164062
10 0.107422 0.305078 0.214844 0.152344
10 0.734766 0.0691406 0.349219 0.138281
11 0.885938 0.436719 0.228125 0.482812
12 0.18125 0.677344 0.071875 0.0875
12 0.235547 0.704688 0.0710937 0.0828125
12 0.338672 0.532813 0.0304687 0.0375
12 0.374219 0.529297 0.03125 0.0367188
12 0.405469 0.524219 0.03125 0.0328125
13 0.388281 0.724609 0.0609375 0.0648438
13 0.558984 0.875 0.0539063 0.0578125
13 0.812891 0.907813 0.0257812 0.025
13 0.827344 0.907422 0.0234375 0.0195312
13 0.845313 0.903125 0.03125 0.0234375
14 0.0640625 0.0796875 0.128125 0.15625
