0 0.367969 0.282813 0.439063 0.457813
1 0.361719 0.210938 0.429688 0.307812
2 0.386719 0.346875 0.398438 0.329688
3 0.307031 0.425 0.104688 0.160938
4 0.317969 0.305859 0.0875 0.0617188
5 0.278125 0.142969 0.09375 0.2375
6 0.277344 0.0796875 0.0890625 0.104688
7 0.779687 0.3875 0.4125 0.176563
8 0.205469 0.737891 0.410938 0.524219
9 0.429688 0.785937 0.234375 0.176563
10 0.125781 0.233594 0.251563 0.18125
10 0.636719 0.084375 0.726562 0.129688
11 0.642188 0.207031 0.159375 0.234375
12 0.6375 0.714844 0.115625 0.14375
13 0.432812 0.640234 0.046875 0.0835937
13 0.517969 0.584766 0.0515625 0.0929688
13 0.56875 0.574609 0.059375 0.0914062
14 0.0941406 0.136719 0.160156 0.1875
