0 0.485156 0.451953 0.745313 0.605469
1 0.484375 0.305469 0.74375 0.196875
2 0.496875 0.569141 0.546875 0.369531
3 0.377734 0.605078 0.150781 0.278906
4 0.607031 0.519922 0.165625 0.107031
5 0.653906 0.135547 0.117188 0.186719
6 0.653906 0.0984375 0.117188 0.1125
7 0.120313 0.587109 0.240625 0.177344
7 0.871875 0.657813 0.25625 0.203125
8 0.391406 0.864062 0.782813 0.271875
9 0.860156 0.857422 0.234375 0.160156
10 0.532813 0.133203 0.934375 0.158594
11 0.890625 0.460938 0.21875 0.353125
12 0.679688 0.872656 0.109375 0.1125
12 0.609766 0.95 0.0992187 0.1
13 0.769531 0.934375 0.0921875 0.0484375
13 0.94375 0.938672 0.09375 0.0539063
14 0.271875 0.0625 0.1 0.0921875
