0 0.380469 0.305859 0.135937 0.232031
1 0.375781 0.267969 0.126562 0.101562
2 0.384375 0.360156 0.128125 0.121875
3 0.414844 0.369141 0.0375 0.0710937
4 0.356641 0.339062 0.0257812 0.034375
5 0.421094 0.196875 0.13125 0.159375
6 0.420703 0.165234 0.130469 0.0945312
7 0.621094 0.362891 0.05625 0.302344
8 0.489844 0.503125 0.175 0.210938
9 0.339453 0.703516 0.142969 0.114844
10 0.174609 0.19375 0.0648438 0.065625
11 0.226172 0.495703 0.149219 0.267969
12 0.533203 0.711719 0.0554687 0.0859375
13 0.357422 0.561328 0.0476562 0.0414062
13 0.528516 0.354687 0.0398437 0.0328125
14 0.635938 0.0730469 0.114062 0.0992187
