0 0.366016 0.119922 0.0835937 0.100781
1 0.360547 0.103906 0.0664062 0.0546875
2 0.359766 0.144922 0.0648438 0.0492187
3 0.355469 0.150781 0.0203125 0.025
4 0.372656 0.139063 0.0234375 0.01875
5 0.395313 0.0761719 0.0328125 0.0804688
6 0.401562 0.0542969 0.01875 0.0351562
7 0.220703 0.263281 0.0929688 0.0453125
7 0.433984 0.264844 0.0945312 0.0421875
8 0.344141 0.292578 0.0679687 0.260156
9 0.217188 0.576953 0.0859375 0.0804688
10 0.585547 0.0867187 0.221094 0.0875
11 0.615625 0.338672 0.0890625 0.125781
12 0.204297 0.452344 0.0804688 0.126562
13 0.117969 0.592969 0.0515625 0.0328125
13 0.464062 0.424609 0.0484375 0.0304687
14 0.763281 0.0792969 0.123438 0.114844
