0 0.480859 0.458984 0.517969 0.486719
1 0.474609 0.383594 0.500781 0.203125
2 0.480469 0.573438 0.517188 0.257812
3 0.307422 0.610547 0.0789062 0.157031
4 0.444531 0.534766 0.08125 0.0617188
4 0.651563 0.523047 0.0640625 0.0679687
5 0.370703 0.212109 0.192969 0.210156
6 0.407422 0.145703 0.119531 0.0773438
7 0.116797 0.642578 0.233594 0.125781
7 0.862109 0.570312 0.275781 0.120313
8 0.21875 0.837109 0.378125 0.302344
9 0.830859 0.781641 0.282031 0.211719
10 0.748047 0.141406 0.478906 0.135937
11 0.851562 0.377344 0.175 0.260937
12 0.617188 0.883203 0.0765625 0.139844
13 0.449219 0.805859 0.0796875 0.0429688
13 0.614844 0.784766 0.0765625 0.0414062
14 0.196094 0.127344 0.176563 0.165625
