0 0.383594 0.48125 0.445312 0.48125
1 0.383203 0.371484 0.444531 0.258594
2 0.388281 0.603516 0.328125 0.238281
3 0.390625 0.657422 0.0828125 0.116406
4 0.286719 0.571875 0.075 0.09375
4 0.488281 0.567969 0.0921875 0.096875
5 0.689844 0.178906 0.510938 0.353125
6 0.689844 0.126562 0.510938 0.248438
7 0.146094 0.728516 0.234375 0.0882813
7 0.570312 0.751172 0.15625 0.0914062
7 0.773828 0.690234 0.138281 0.0851563
7 0.884375 0.759375 0.128125 0.075
8 0.346875 0.854297 0.332813 0.291406
9 0.723437 0.853125 0.3125 0.15625
10 0.754297 0.333594 0.424219 0.226562
10 0.159766 0.333984 0.264844 0.132031
11 0.688672 0.488281 0.161719 0.25625
11 0.108203 0.532422 0.177344 0.232031
12 0.912891 0.689063 0.0617188 0.104688
12 0.182031 0.842578 0.0625 0.107031
12 0.291406 0.796484 0.0609375 0.110156
13 0.0707031 0.861719 0.0492187 0.0328125
13 0.225781 0.919922 0.0546875 0.0335937
13 0.558203 0.930469 0.0601563 0.0265625
13 0.946094 0.884766 0.0578125 0.0242188
13 0.629687 0.668359 0.065625 0.0242188
14 0.181641 0.147266 0.297656 0.271094
