0 0.687109 0.603125 0.563281 0.621875
1 0.686328 0.469141 0.561719 0.214844
2 0.704688 0.724219 0.46875 0.373437
3 0.779297 0.796094 0.174219 0.210938
4 0.557031 0.639453 0.117188 0.0914062
5 0.824609 0.294141 0.100781 0.175781
6 0.833984 0.250781 0.0789062 0.0875
7 0.366016 0.837109 0.242969 0.155469
8 0.447266 0.915625 0.835156 0.153125
9 0.297266 0.646484 0.213281 0.178906
10 0.419141 0.196484 0.733594 0.316406
11 0.139063 0.591406 0.16875 0.367188
12 0.0667969 0.714844 0.0851563 0.129688
13 0.217578 0.830469 0.0757812 0.0515625
13 0.11875 0.808984 0.203125 0.0789062
14 0.871484 0.100391 0.202344 0.191406
