0 0.739062 0.548438 0.467187 0.671875
1 0.711719 0.386719 0.415625 0.351562
2 0.739062 0.685937 0.457813 0.3875
3 0.901563 0.771875 0.139063 0.21875
4 0.577344 0.662891 0.10625 0.116406
5 0.899219 0.328125 0.146875 0.348438
6 0.9125 0.19375 0.107813 0.10625
7 0.464844 0.499609 0.1125 0.999219
8 0.733984 0.0796875 0.532031 0.125
9 0.554688 0.914062 0.128125 0.114062
10 0.214062 0.129688 0.40625 0.226562
11 0.186719 0.733203 0.289062 0.533594
11 0.0585938 0.876563 0.117188 0.246875
12 0.3625 0.899219 0.1375 0.201563
13 0.503125 0.967187 0.99375 0.065625
14 0.0667969 0.0582031 0.133594 0.116406
