0 0.316016 0.326172 0.278906 0.211719
1 0.315625 0.310547 0.278125 0.0867187
2 0.315234 0.375781 0.277344 0.1125
3 0.420703 0.366797 0.0382813 0.0507812
4 0.245312 0.378516 0.0515625 0.0507812
5 0.350391 0.217578 0.0414062 0.116406
6 0.350391 0.188672 0.0414062 0.0601563
7 0.336328 0.470703 0.438281 0.292969
8 0.578125 0.578125 0.307812 0.485938
9 0.797266 0.626563 0.239844 0.242188
10 0.474219 0.184766 0.709375 0.266406
11 0.6375 0.176953 0.0984375 0.158594
12 0.386328 0.482031 0.0476562 0.0796875
13 0.298047 0.513672 0.0335937 0.0242188
13 0.270703 0.520312 0.0164063 0.0203125
13 0.251563 0.523047 0.015625 0.0210938
13 0.297266 0.490625 0.0148437 0.0171875
13 0.280469 0.493359 0.0125 0.0164063
13 0.264453 0.494922 0.0132812 0.0195312
13 0.246875 0.499219 0.0125 0.021875
13 0.298438 0.466406 0.0140625 0.0203125
13 0.279687 0.469922 0.0125 0.0195312
13 0.263281 0.471875 0.0125 0.0171875
13 0.246094 0.474219 0.0078125 0.0171875
14 0.868359 0.0890625 0.152344 0.175
