0 0.803906 0.429688 0.379688 0.560937
1 0.804688 0.320312 0.375 0.235937
2 0.823047 0.525391 0.289844 0.364844
3 0.912109 0.625 0.111719 0.170313
4 0.755469 0.375781 0.0453125 0.046875
4 0.871094 0.374219 0.0390625 0.0515625
5 0.865234 0.198047 0.167969 0.267969
6 0.865625 0.114062 0.167187 0.0984375
7 0.616406 0.575 0.175 0.289062
8 0.5 0.936328 1 0.127344
9 0.268359 0.663281 0.202344 0.16875
10 0.241016 0.285547 0.469531 0.253906
11 0.0878906 0.589453 0.166406 0.341406
12 0.427344 0.699219 0.120313 0.159375
13 0.502734 0.750391 0.994531 0.0929688
14 0.116016 0.0921875 0.199219 0.184375
