0 0.326172 0.529687 0.202344 0.282813
1 0.327344 0.475 0.201563 0.173437
2 0.326562 0.578125 0.148438 0.182812
3 0.325781 0.630469 0.0421875 0.078125
4 0.328125 0.517578 0.046875 0.0523438
5 0.30625 0.396484 0.0921875 0.147656
6 0.30625 0.369531 0.0921875 0.09375
7 0.130078 0.633203 0.260156 0.0929688
7 0.516797 0.631641 0.244531 0.0976562
8 0.319141 0.816797 0.171094 0.307031
9 0.571484 0.830078 0.210156 0.219531
10 0.5 0.302734 1 0.546094
11 0.499609 0.502734 0.149219 0.339844
12 0.760547 0.748437 0.0382813 0.05
12 0.801562 0.773828 0.04375 0.0507812
13 0.471875 0.702734 0.03125 0.0554687
13 0.44375 0.798047 0.0328125 0.0476562
13 0.176172 0.748047 0.0273438 0.0695313
14 0.628516 0.0804688 0.178906 0.160938
