0 0.502734 0.328906 0.417969 0.64375
1 0.503906 0.246484 0.41875 0.447656
2 0.491797 0.450391 0.191406 0.397656
3 0.470313 0.555469 0.065625 0.135937
4 0.486328 0.420703 0.0710937 0.103906
5 0.796875 0.101953 0.40625 0.203906
6 0.80625 0.0519531 0.3875 0.103906
7 0.212109 0.573828 0.419531 0.180469
7 0.7625 0.583203 0.475 0.158594
8 0.353906 0.746875 0.334375 0.25625
9 0.696875 0.794922 0.18125 0.211719
10 0.866797 0.354297 0.242969 0.422656
11 0.801172 0.220703 0.0601563 0.100781
12 0.810547 0.38125 0.0664062 0.132812
12 0.873437 0.371484 0.0796875 0.136719
12 0.701562 0.744141 0.06875 0.0601563
13 0.371875 0.766406 0.229687 0.210938
14 0.167578 0.257031 0.280469 0.325
