0 0.398828 0.419922 0.438281 0.641406
1 0.394922 0.246875 0.402344 0.295312
2 0.399609 0.551562 0.441406 0.376563
3 0.360938 0.601562 0.170313 0.259375
4 0.240234 0.545703 0.121094 0.122656
4 0.479297 0.529297 0.133594 0.122656
5 0.488672 0.196094 0.0867187 0.240625
6 0.489063 0.120313 0.0875 0.0875
7 0.0972656 0.249219 0.185156 0.0984375
7 0.0988281 0.439063 0.197656 0.125
8 0.860156 0.363672 0.276562 0.166406
9 0.782031 0.646484 0.209375 0.252344
10 0.816797 0.0957031 0.192969 0.133594
11 0.637891 0.182812 0.0914062 0.185938
12 0.096875 0.670312 0.071875 0.15625
13 0.273438 0.822656 0.132812 0.110937
13 0.558594 0.866797 0.0859375 0.0804688
13 0.814844 0.888672 0.08125 0.0898438
14 0.204687 0.0988281 0.164062 0.183594
