0 0.192969 0.190625 0.378125 0.320312
1 0.192578 0.113672 0.378906 0.119531
2 0.198047 0.244141 0.286719 0.213281
3 0.153516 0.283594 0.0898438 0.120313
4 0.285938 0.198437 0.0453125 0.059375
4 0.289453 0.272266 0.0414062 0.0507812
5 0.348047 0.0367188 0.172656 0.065625
6 0.367969 0.0167969 0.132812 0.0257812
7 0.121484 0.470703 0.199219 0.127344
8 0.528125 0.656641 0.646875 0.558594
9 0.686328 0.540625 0.302344 0.257812
10 0.785547 0.180469 0.322656 0.148438
11 0.505859 0.285547 0.119531 0.311719
12 0.792578 0.890234 0.0648438 0.147656
13 0.821094 0.363672 0.05 0.0414062
13 0.907031 0.451953 0.0671875 0.0382813
13 0.885156 0.614844 0.0703125 0.05
14 0.730469 0.05 0.114062 0.084375
