0 0.420703 0.329297 0.474219 0.538281
1 0.422266 0.219141 0.474219 0.317969
2 0.404687 0.446484 0.440625 0.303906
3 0.328125 0.510156 0.071875 0.1375
4 0.248047 0.389453 0.0679687 0.103906
4 0.564844 0.424609 0.065625 0.0945312
5 0.556641 0.104688 0.0554687 0.192188
6 0.559766 0.0597656 0.0492187 0.102344
7 0.142578 0.565234 0.261719 0.166406
7 0.702344 0.621484 0.570312 0.199219
8 0.245703 0.774219 0.227344 0.414062
9 0.864062 0.370312 0.217188 0.2125
10 0.208203 0.117188 0.255469 0.201563
11 0.0785156 0.292187 0.121094 0.296875
12 0.696484 0.373437 0.110156 0.170313
13 0.102734 0.441406 0.192969 0.096875
13 0.770312 0.507422 0.315625 0.141406
14 0.916406 0.0722656 0.164062 0.144531
