0 0.282422 0.300781 0.439844 0.601562
1 0.285547 0.132812 0.421094 0.265625
2 0.282422 0.4125 0.442969 0.36875
3 0.412109 0.521875 0.0664062 0.148438
4 0.225 0.424219 0.171875 0.1625
5 0.182422 0.102344 0.0648438 0.204687
6 0.178516 0.01875 0.0320312 0.0375
7 0.714844 0.839844 0.570312 0.303125
8 0.740625 0.548047 0.51875 0.103906
9 0.70625 0.216406 0.289062 0.289062
10 0.912109 0.255859 0.175781 0.182031
11 0.615234 0.430859 0.111719 0.149219
12 0.695312 0.465625 0.046875 0.0765625
12 0.778125 0.457813 0.0640625 0.0890625
13 0.260547 0.782813 0.405469 0.38125
14 0.8875 0.103125 0.225 0.20625
