0 0.426563 0.282031 0.165625 0.38125
1 0.430859 0.176953 0.142969 0.136719
2 0.426563 0.350781 0.165625 0.24375
3 0.4375 0.398438 0.0671875 0.123438
4 0.438281 0.289062 0.078125 0.101562
5 0.385937 0.123047 0.101562 0.122656
6 0.374609 0.0984375 0.0804688 0.075
7 0.313672 0.357031 0.102344 0.232813
8 0.50625 0.572266 0.9875 0.142969
9 0.836719 0.810156 0.128125 0.123438
10 0.866797 0.246094 0.266406 0.425
11 0.639453 0.235156 0.217969 0.423438
12 0.698828 0.393359 0.125781 0.125781
12 0.138672 0.425 0.149219 0.170313
13 0.373828 0.952734 0.710156 0.0945312
14 0.153516 0.111719 0.238281 0.223438
