0 0.44375 0.330078 0.471875 0.544531
1 0.474219 0.146875 0.415625 0.179688
2 0.444141 0.410547 0.472656 0.385156
3 0.687891 0.525 0.0851563 0.164062
4 0.401172 0.353906 0.250781 0.0875
5 0.277344 0.114062 0.128125 0.228125
6 0.283984 0.0425781 0.114844 0.0851563
7 0.5 0.453906 0.728125 0.479687
8 0.5 0.750391 1 0.107031
9 0.0855469 0.611328 0.111719 0.113281
10 0.103516 0.133594 0.207031 0.267188
10 0.794531 0.153125 0.410938 0.30625
11 0.858984 0.589063 0.0507812 0.110937
12 0.0488281 0.852344 0.0320312 0.0828125
13 0.455469 0.95625 0.909375 0.0875
14 0.954297 0.0398437 0.0820312 0.0796875
