0 0.380469 0.344922 0.298438 0.402344
1 0.380469 0.270703 0.298438 0.241406
2 0.390234 0.448437 0.210156 0.196875
3 0.405078 0.498828 0.0898438 0.0804688
4 0.323437 0.412109 0.071875 0.0820312
4 0.431641 0.396484 0.0882813 0.0851563
5 0.437109 0.140234 0.0773438 0.280469
6 0.428516 0.078125 0.0601563 0.15625
7 0.244531 0.490625 0.198437 0.43125
7 0.547266 0.457031 0.216406 0.503125
8 0.408594 0.84375 0.178125 0.3125
9 0.733594 0.700391 0.276562 0.339844
10 0.747266 0.137891 0.249219 0.275781
11 0.816406 0.351562 0.167187 0.184375
12 0.548438 0.764453 0.125 0.177344
12 0.178125 0.819141 0.1125 0.153906
13 0.546484 0.889844 0.0601563 0.05625
13 0.873828 0.84375 0.0414062 0.075
14 0.0949219 0.116797 0.189844 0.233594
