0 0.353906 0.317969 0.264062 0.323437
1 0.352344 0.285938 0.260937 0.117188
2 0.353906 0.405859 0.221875 0.147656
3 0.336328 0.427734 0.0679687 0.0976562
4 0.409766 0.382031 0.0554687 0.053125
5 0.45 0.163281 0.139063 0.157812
6 0.458594 0.123828 0.117188 0.0757812
7 0.630078 0.478906 0.264844 0.1
8 0.263672 0.720703 0.222656 0.513281
9 0.617578 0.836719 0.224219 0.164062
10 0.715625 0.191406 0.553125 0.2125
11 0.828125 0.494531 0.270313 0.45
12 0.462109 0.642188 0.0945312 0.129688
13 0.136719 0.708984 0.096875 0.0367188
13 0.192188 0.614844 0.084375 0.0390625
13 0.10625 0.597266 0.0890625 0.0476562
14 0.155859 0.152344 0.169531 0.195312
