0 0.503906 0.369531 0.746875 0.525
1 0.441797 0.261719 0.622656 0.176563
2 0.516406 0.457813 0.721875 0.354687
3 0.776953 0.564453 0.0539063 0.125781
4 0.260156 0.4125 0.071875 0.078125
4 0.415625 0.411328 0.0703125 0.0757812
5 0.257812 0.113281 0.0875 0.165625
6 0.260156 0.0738281 0.084375 0.0882813
7 0.9 0.796875 0.2 0.0859375
7 0.0941406 0.813281 0.188281 0.0984375
8 0.394141 0.791406 0.266406 0.417187
9 0.0914062 0.703516 0.13125 0.0992187
10 0.084375 0.285938 0.16875 0.170313
10 0.912109 0.329688 0.175781 0.24375
11 0.882031 0.686328 0.08125 0.139844
12 0.844922 0.940234 0.0773438 0.119531
13 0.497656 0.955078 0.976562 0.0789062
14 0.928516 0.0769531 0.142969 0.153906
