0 0.275781 0.568359 0.446875 0.549219
1 0.276562 0.404297 0.445312 0.222656
2 0.264844 0.653906 0.342187 0.38125
3 0.190234 0.746875 0.107031 0.178125
3 0.371094 0.730469 0.0921875 0.185938
4 0.191016 0.516797 0.105469 0.122656
4 0.35625 0.513672 0.1125 0.117969
5 0.147656 0.302734 0.129688 0.252344
6 0.148047 0.251563 0.128906 0.148438
7 0.728906 0.654297 0.539062 0.161719
8 0.711328 0.801172 0.555469 0.311719
9 0.574609 0.960156 0.408594 0.0796875
10 0.692578 0.276562 0.614844 0.285938
11 0.594531 0.272266 0.0765625 0.117969
11 0.660937 0.186719 0.0734375 0.090625
11 0.742969 0.133594 0.0671875 0.084375
11 0.832031 0.103516 0.06875 0.0835937
11 0.915234 0.122266 0.0632812 0.0773438
11 0.969922 0.190234 0.0539063 0.0726563
12 0.059375 0.948828 0.0765625 0.0992187
12 0.173828 0.940625 0.0929688 0.104688
13 0.0535156 0.817187 0.0476562 0.075
13 0.111719 0.887109 0.040625 0.0726563
13 0.273438 0.896484 0.0375 0.0710937
13 0.351562 0.955078 0.046875 0.0632812
13 0.424219 0.895703 0.0359375 0.0664062
13 0.499219 0.837891 0.0546875 0.0726563
13 0.517969 0.7125 0.0484375 0.0609375
14 0.154297 0.120703 0.288281 0.238281
