0 0.85625 0.745313 0.2875 0.509375
1 0.876172 0.615625 0.247656 0.160938
2 0.857031 0.826562 0.285938 0.346875
3 0.761719 0.945703 0.096875 0.108594
4 0.864062 0.624609 0.0875 0.0867187
4 0.866797 0.737109 0.0789062 0.0757812
5 0.905078 0.498047 0.0476562 0.194531
6 0.907031 0.455859 0.0375 0.108594
7 0.35625 0.936328 0.7125 0.122656
8 0.718359 0.292187 0.563281 0.545312
9 0.0769531 0.630859 0.130469 0.144531
10 0.5 0.656641 1 0.669531
11 0.523047 0.771484 0.266406 0.363281
12 0.355859 0.398047 0.0273438 0.0335937
12 0.409375 0.424219 0.0390625 0.0453125
12 0.800391 0.352734 0.0320312 0.0460938
12 0.866797 0.454297 0.0351562 0.0445313
13 0.5 0.657031 1 0.671875
14 0.0632812 0.0671875 0.126562 0.134375
