0 0.411328 0.417969 0.449219 0.4875
1 0.403516 0.304688 0.430469 0.260937
2 0.413281 0.53125 0.44375 0.260937
3 0.532031 0.569531 0.11875 0.164062
4 0.355859 0.475781 0.0742188 0.0765625
4 0.25 0.483594 0.0703125 0.078125
5 0.266016 0.196094 0.138281 0.3
6 0.266406 0.111719 0.139063 0.129688
7 0.5 0.749609 1 0.194531
8 0.815234 0.599609 0.369531 0.108594
9 0.114062 0.926562 0.228125 0.146875
10 0.800781 0.197656 0.354687 0.179688
11 0.0816406 0.289062 0.163281 0.429688
12 0.832031 0.400781 0.103125 0.1125
12 0.725781 0.471484 0.110937 0.121094
13 0.467969 0.916016 0.0984375 0.0570312
13 0.641797 0.842187 0.146094 0.0625
13 0.869922 0.905469 0.100781 0.05
14 0.575781 0.0953125 0.251563 0.190625
