0 0.498437 0.358594 0.55 0.645312
1 0.500781 0.175 0.542188 0.279687
2 0.491016 0.482812 0.407031 0.401562
3 0.501953 0.584375 0.128906 0.179688
4 0.621484 0.383984 0.119531 0.108594
5 0.682813 0.115625 0.09375 0.23125
6 0.682422 0.0441406 0.0976562 0.0882813
7 0.500391 0.749609 0.999219 0.269531
8 0.321094 0.540625 0.157812 0.382812
9 0.84375 0.581641 0.23125 0.0945312
10 0.815234 0.368359 0.255469 0.210156
11 0.151953 0.329688 0.261719 0.378125
12 0.200391 0.666016 0.100781 0.127344
13 0.499219 0.827734 0.946875 0.100781
14 0.882812 0.125391 0.234375 0.250781
