0 0.466406 0.305078 0.278125 0.403906
1 0.467187 0.208203 0.276562 0.211719
2 0.466406 0.407813 0.2375 0.198437
3 0.542188 0.439844 0.08125 0.120313
4 0.421484 0.370703 0.0835937 0.0757812
5 0.544531 0.121875 0.0859375 0.223438
6 0.544922 0.0703125 0.0851563 0.120313
7 0.507812 0.490234 0.548438 0.147656
8 0.5 0.702344 1 0.33125
9 0.889453 0.525781 0.180469 0.148438
10 0.766016 0.125 0.275781 0.25
11 0.0898438 0.368359 0.125 0.175781
12 0.166797 0.519531 0.0945312 0.16875
13 0.514844 0.587109 0.589063 0.0882813
13 0.725781 0.332031 0.19375 0.0921875
13 0.214062 0.326172 0.117188 0.110156
14 0.053125 0.0667969 0.101562 0.133594
