0 0.211719 0.213672 0.317188 0.396094
1 0.205859 0.106641 0.299219 0.183594
2 0.212891 0.296875 0.317969 0.229687
3 0.194922 0.339844 0.0898438 0.126562
4 0.284375 0.240234 0.0765625 0.0710937
5 0.320312 0.0652344 0.123438 0.110156
6 0.335547 0.025 0.0945312 0.03125
7 0.203516 0.512891 0.407031 0.197656
8 0.544922 0.5 0.300781 1
9 0.874219 0.835547 0.251563 0.328906
10 0.863281 0.457031 0.225 0.185938
11 0.242969 0.675781 0.171875 0.275
12 0.722266 0.810937 0.0632812 0.179688
12 0.150781 0.872266 0.065625 0.142969
13 0.598047 0.852734 0.147656 0.0789062
13 0.39375 0.872266 0.165625 0.0914062
14 0.90625 0.0898438 0.1875 0.179688
