0 0.469531 0.360156 0.4125 0.50625
1 0.470313 0.259766 0.4125 0.172656
2 0.471875 0.455469 0.4125 0.323437
3 0.5375 0.476953 0.1 0.138281
4 0.3875 0.388672 0.153125 0.0945312
5 0.634375 0.155078 0.134375 0.299219
6 0.636719 0.0582031 0.129688 0.105469
7 0.128906 0.553125 0.210938 0.0921875
7 0.847266 0.576562 0.300781 0.0890625
8 0.647656 0.776172 0.41875 0.333594
9 0.850781 0.423828 0.184375 0.203906
10 0.177344 0.21875 0.325 0.171875
10 0.810937 0.243359 0.303125 0.192969
11 0.246484 0.746094 0.139844 0.171875
12 0.401562 0.744141 0.090625 0.125781
13 0.252734 0.79375 0.474219 0.16875
14 0.928125 0.0832031 0.139063 0.132031
