0 0.530469 0.492969 0.467187 0.548438
1 0.530859 0.338672 0.466406 0.238281
2 0.517969 0.600391 0.4125 0.335156
3 0.527344 0.666406 0.154688 0.201563
4 0.658984 0.59375 0.0882813 0.0828125
4 0.383984 0.585156 0.0929688 0.09375
5 0.729297 0.25625 0.163281 0.225
6 0.750391 0.201953 0.121094 0.116406
7 0.157812 0.720703 0.315625 0.125781
7 0.855469 0.700781 0.282813 0.09375
8 0.521875 0.874609 0.178125 0.227344
9 0.788281 0.875 0.189062 0.19375
10 0.160938 0.585156 0.321875 0.15
10 0.853125 0.541797 0.29375 0.203906
11 0.316406 0.762109 0.171875 0.321094
12 0.0785156 0.875391 0.0664062 0.0992187
12 0.0417969 0.953906 0.0460938 0.06875
12 0.10625 0.958203 0.040625 0.0554687
12 0.15625 0.955078 0.0375 0.0664062
12 0.919141 0.941406 0.0398437 0.0671875
13 0.5 0.973828 1 0.0523438
14 0.164844 0.260937 0.326562 0.425
