0 0.357422 0.608594 0.174219 0.334375
1 0.355469 0.536719 0.170313 0.192188
2 0.358594 0.691797 0.171875 0.164844
3 0.400391 0.698438 0.0757812 0.114062
4 0.350391 0.584766 0.0492187 0.0601563
5 0.314453 0.451562 0.0867187 0.1625
6 0.313672 0.412109 0.0867187 0.0835937
7 0.128516 0.79375 0.219531 0.126562
8 0.713281 0.471094 0.573438 0.548438
9 0.507812 0.33125 0.132812 0.134375
10 0.219141 0.1 0.394531 0.2
11 0.644531 0.216016 0.1875 0.214844
12 0.481641 0.277344 0.0710937 0.0703125
12 0.663281 0.805469 0.071875 0.078125
12 0.819531 0.774609 0.0765625 0.110156
13 0.778906 0.841016 0.0625 0.0242188
13 0.776172 0.696094 0.0289063 0.0203125
13 0.6375 0.692187 0.0625 0.028125
13 0.570703 0.571484 0.0570312 0.0257812
13 0.328516 0.308203 0.0507812 0.0273438
13 0.0984375 0.442969 0.034375 0.015625
13 0.674609 0.330859 0.0382813 0.0351562
13 0.498437 0.194141 0.985938 0.0585938
14 0.876953 0.0863281 0.246094 0.172656
