0 0.498437 0.536328 0.38125 0.371094
1 0.396484 0.444141 0.169531 0.186719
1 0.560547 0.496484 0.227344 0.0898438
2 0.563281 0.600781 0.182812 0.165625
2 0.396875 0.6125 0.176563 0.182812
3 0.509375 0.640625 0.046875 0.078125
4 0.588281 0.628516 0.0765625 0.105469
4 0.394531 0.620703 0.0984375 0.0789062
4 0.394531 0.478906 0.053125 0.0515625
5 0.598047 0.296484 0.239844 0.346094
6 0.604688 0.252344 0.225 0.257812
7 0.351172 0.657422 0.319531 0.294531
7 0.692969 0.679297 0.15 0.247656
8 0.507031 0.886328 0.903125 0.138281
9 0.217578 0.360938 0.171094 0.1375
10 0.370312 0.0867187 0.5125 0.0921875
11 0.835547 0.488281 0.255469 0.535937
12 0.0722656 0.780469 0.0695313 0.139063
12 0.157422 0.773828 0.0570312 0.121094
13 0.791406 0.771875 0.028125 0.0265625
13 0.790625 0.804297 0.0328125 0.0242188
13 0.853125 0.803516 0.0359375 0.0226562
13 0.853516 0.775 0.0382813 0.0234375
13 0.929688 0.773438 0.0296875 0.028125
13 0.972656 0.762891 0.0265625 0.0289063
13 0.970313 0.804688 0.025 0.028125
13 0.935156 0.802734 0.0484375 0.0242188
14 0.885938 0.0796875 0.148438 0.15
