0 0.363281 0.221875 0.267188 0.326562
1 0.365234 0.163281 0.263281 0.182812
2 0.361328 0.308594 0.261719 0.153125
3 0.394141 0.315234 0.0585938 0.116406
4 0.267969 0.308594 0.0421875 0.046875
4 0.376953 0.185938 0.0335937 0.0328125
5 0.452734 0.105859 0.0617188 0.164844
6 0.449609 0.0417969 0.0570312 0.0367188
7 0.15 0.364844 0.15625 0.1125
8 0.608203 0.475391 0.485156 0.233594
9 0.235937 0.641016 0.35 0.413281
10 0.68125 0.210938 0.359375 0.314063
11 0.558984 0.139844 0.130469 0.245312
12 0.475391 0.601953 0.0757812 0.124219
13 0.533594 0.640234 0.220312 0.0695313
13 0.541797 0.709375 0.224219 0.053125
14 0.117188 0.0628906 0.109375 0.125781
