0 0.23125 0.547266 0.440625 0.905469
1 0.231641 0.298828 0.438281 0.377344
2 0.224219 0.725781 0.423438 0.548438
3 0.219922 0.962109 0.0492187 0.0726563
4 0.0871094 0.865625 0.0445313 0.053125
4 0.348047 0.862109 0.0367188 0.0460938
5 0.297656 0.107031 0.09375 0.209375
6 0.297656 0.09375 0.09375 0.182812
7 0.759766 0.932813 0.480469 0.134375
8 0.48125 0.85 0.10625 0.3
9 0.772266 0.416406 0.158594 0.16875
10 0.604688 0.164844 0.284375 0.253125
11 0.723047 0.121094 0.0804688 0.19375
11 0.645703 0.0753906 0.0726563 0.147656
12 0.633203 0.707812 0.0554687 0.0890625
12 0.714063 0.707422 0.0515625 0.0929688
12 0.792578 0.720703 0.0445313 0.0960938
12 0.875781 0.701172 0.0484375 0.0773438
12 0.950391 0.682031 0.0460938 0.0828125
12 0.785547 0.444141 0.0476562 0.0539063
12 0.745703 0.406641 0.0476562 0.0523438
13 0.678125 0.594922 0.0140625 0.0210938
13 0.607422 0.532422 0.0179687 0.0179687
13 0.835156 0.563281 0.028125 0.028125
13 0.633203 0.432812 0.0132812 0.015625
13 0.509375 0.486719 0.021875 0.034375
14 0.871484 0.137891 0.257031 0.275781
