0 0.473438 0.254297 0.309375 0.322656
1 0.475781 0.167969 0.304688 0.126562
2 0.473047 0.305469 0.308594 0.220312
3 0.589453 0.334766 0.0382813 0.0726563
4 0.597656 0.178906 0.0234375 0.025
4 0.435547 0.351172 0.138281 0.105469
5 0.379688 0.140625 0.140625 0.096875
6 0.344922 0.104297 0.0695313 0.0226562
7 0.165625 0.558594 0.309375 0.360938
7 0.501172 0.760547 0.997656 0.0898438
8 0.5 0.898828 1 0.202344
9 0.132812 0.588672 0.265625 0.280469
10 0.163672 0.222656 0.327344 0.171875
11 0.676953 0.559766 0.292969 0.402344
12 0.348828 0.622656 0.0804688 0.145313
12 0.926172 0.631641 0.0835937 0.119531
13 0.487109 0.580859 0.0414062 0.0273438
13 0.436719 0.608984 0.0296875 0.0210938
13 0.452734 0.648828 0.0460938 0.0304687
13 0.500781 0.623828 0.0328125 0.0257812
13 0.55625 0.603125 0.028125 0.0234375
13 0.438281 0.683984 0.0515625 0.0226562
13 0.497656 0.685156 0.0421875 0.028125
13 0.783203 0.535547 0.0445313 0.0304687
13 0.834375 0.540625 0.0359375 0.034375
13 0.887891 0.550391 0.0304687 0.0242188
14 0.0992187 0.110547 0.198437 0.221094
