0 0.409375 0.397266 0.564063 0.383594
1 0.410156 0.322656 0.5625 0.201563
2 0.419141 0.477734 0.416406 0.221094
3 0.569141 0.53125 0.0695313 0.109375
4 0.308203 0.398828 0.0664062 0.0617188
4 0.408984 0.397266 0.119531 0.0710937
4 0.502734 0.396484 0.0632812 0.0585938
5 0.268359 0.194922 0.0601563 0.232031
6 0.262891 0.140234 0.0476562 0.122656
7 0.134766 0.938672 0.269531 0.122656
8 0.650391 0.771875 0.235156 0.395313
9 0.234766 0.678906 0.216406 0.0953125
10 0.120703 0.242188 0.241406 0.1375
11 0.846484 0.433984 0.241406 0.353906
12 0.119141 0.559766 0.0554687 0.103906
12 0.247266 0.659766 0.0476562 0.0289063
12 0.75625 0.548047 0.0671875 0.107031
13 0.0929688 0.74375 0.0453125 0.0625
13 0.429688 0.705859 0.046875 0.0367188
13 0.808594 0.823438 0.0421875 0.03125
14 0.830859 0.117969 0.250781 0.207813
