0 0.600391 0.569531 0.132031 0.184375
1 0.601172 0.517578 0.132031 0.0382813
2 0.596875 0.596484 0.0953125 0.130469
3 0.615234 0.636328 0.0257812 0.0414062
4 0.582812 0.619141 0.0328125 0.0414062
4 0.6 0.55625 0.05625 0.034375
5 0.705469 0.4375 0.20625 0.13125
6 0.7125 0.418359 0.1875 0.0898438
7 0.442578 0.635938 0.228906 0.0515625
7 0.7 0.634375 0.135937 0.0375
8 0.508984 0.782813 0.233594 0.260937
9 0.429297 0.758203 0.114844 0.0898438
10 0.433594 0.465234 0.773438 0.303906
11 0.181641 0.573047 0.130469 0.175781
12 0.708594 0.801953 0.090625 0.175781
13 0.283203 0.805469 0.0367188 0.03125
13 0.322266 0.8 0.0429688 0.0265625
13 0.5375 0.894531 0.0453125 0.0296875
13 0.577734 0.888672 0.0367188 0.0273438
14 0.326172 0.157812 0.0476562 0.0515625
