0 0.275 0.389453 0.351562 0.308594
1 0.257812 0.325781 0.307812 0.120313
2 0.254688 0.445312 0.307812 0.195312
3 0.251172 0.483984 0.114844 0.105469
4 0.342969 0.43125 0.0796875 0.0640625
5 0.491016 0.239063 0.286719 0.2
6 0.520703 0.200781 0.227344 0.121875
7 0.118359 0.617969 0.232031 0.175
8 0.546484 0.682031 0.642969 0.617188
9 0.182812 0.854297 0.365625 0.291406
10 0.499219 0.160938 0.998437 0.320312
11 0.765625 0.651953 0.20625 0.377344
12 0.402344 0.951562 0.059375 0.0953125
12 0.454297 0.951953 0.0601563 0.0960938
12 0.501563 0.953516 0.053125 0.0929688
13 0.914844 0.721094 0.117188 0.046875
13 0.902734 0.787109 0.116406 0.0523438
13 0.848828 0.855859 0.133594 0.0554687
14 0.919531 0.0800781 0.160938 0.160156
