0 0.547266 0.353125 0.228906 0.389062
1 0.552734 0.275781 0.216406 0.164062
2 0.547266 0.441016 0.230469 0.214844
3 0.475781 0.470703 0.084375 0.149219
4 0.596875 0.375391 0.0671875 0.0664062
5 0.636719 0.144922 0.06875 0.289844
6 0.637109 0.0847656 0.0664062 0.169531
7 0.0769531 0.841406 0.153906 0.11875
7 0.596094 0.848828 0.807813 0.152344
8 0.239844 0.733594 0.4125 0.532813
9 0.844922 0.549609 0.291406 0.344531
10 0.500391 0.139063 0.999219 0.240625
11 0.241797 0.333594 0.121094 0.21875
12 0.0882813 0.589063 0.0765625 0.16875
13 0.730078 0.322266 0.0429688 0.0460938
13 0.726562 0.394531 0.0359375 0.0421875
13 0.828516 0.350391 0.0507812 0.0601563
14 0.892188 0.0628906 0.120313 0.125781
