0 0.455469 0.319141 0.240625 0.292969
1 0.45 0.236719 0.223438 0.115625
2 0.455078 0.373047 0.238281 0.186719
3 0.455078 0.384766 0.0851563 0.139844
4 0.458594 0.370312 0.0453125 0.0453125
5 0.517578 0.170313 0.0726563 0.204687
6 0.516797 0.123828 0.0695313 0.111719
7 0.18125 0.398828 0.354687 0.239844
7 0.785156 0.358203 0.429688 0.247656
8 0.481641 0.717187 0.224219 0.565625
9 0.816797 0.68125 0.250781 0.215625
10 0.225 0.144141 0.401562 0.249219
10 0.772656 0.096875 0.453125 0.19375
11 0.196875 0.612891 0.167187 0.421094
12 0.627344 0.532422 0.0796875 0.125781
12 0.281641 0.564063 0.0882813 0.109375
13 0.477344 0.71875 0.301563 0.5625
14 0.454297 0.0621094 0.111719 0.116406
