0 0.517969 0.575781 0.225 0.675
1 0.519531 0.355469 0.209375 0.234375
2 0.519922 0.405078 0.210156 0.135156
3 0.555469 0.373828 0.028125 0.0351562
3 0.477344 0.374219 0.028125 0.0375
4 0.515234 0.405469 0.0148437 0.0125
5 0.511328 0.439844 0.0320312 0.0171875
6 0.6125 0.358594 0.021875 0.040625
6 0.426172 0.360156 0.0210938 0.034375
7 0.518359 0.285938 0.161719 0.0921875
8 0.517578 0.485156 0.0320312 0.0375
9 0.520703 0.583984 0.113281 0.172656
10 0.602734 0.601562 0.0523438 0.171875
10 0.435547 0.597266 0.0570312 0.161719
11 0.426563 0.666406 0.0375 0.025
11 0.609375 0.674219 0.040625 0.0265625
12 0.539453 0.783984 0.0570312 0.253906
12 0.485938 0.786328 0.0640625 0.252344
13 0.544922 0.897656 0.0445313 0.0265625
13 0.473438 0.897266 0.0390625 0.0289063
14 0.520703 0.565234 0.0148437 0.0445313
15 0.546484 0.633984 0.0289063 0.0273438
15 0.494922 0.635156 0.0304687 0.0328125
16 0.166016 0.726953 0.0710937 0.0476562
16 0.170313 0.630469 0.078125 0.0515625
17 0.790625 0.70625 0.0625 0.04375
17 0.700391 0.697266 0.0570312 0.0382813
