0 0.444141 0.550781 0.386719 0.759375
1 0.444922 0.277734 0.196094 0.213281
2 0.444922 0.309375 0.196094 0.148438
3 0.417187 0.250781 0.0171875 0.025
3 0.483203 0.245312 0.0148437 0.0203125
4 0.440625 0.282422 0.0296875 0.0320312
5 0.431641 0.312891 0.0570312 0.0242188
6 0.357422 0.296875 0.0195312 0.0296875
6 0.533594 0.289453 0.0171875 0.0320312
7 0.448047 0.231641 0.183594 0.119531
8 0.435156 0.391016 0.04375 0.0445313
9 0.439063 0.50625 0.10625 0.220312
10 0.330859 0.548047 0.158594 0.264844
10 0.565234 0.527344 0.146094 0.254688
11 0.301172 0.652344 0.0726563 0.0546875
11 0.601562 0.627734 0.071875 0.0539063
12 0.395703 0.769141 0.0992187 0.324219
12 0.512891 0.75625 0.142969 0.315625
13 0.396094 0.890625 0.0984375 0.0796875
13 0.529297 0.873047 0.110156 0.0820312
14 0.435937 0.515625 0.0203125 0.140625
15 0.408984 0.588281 0.0242188 0.0328125
15 0.467187 0.583594 0.021875 0.040625
16 0.589063 0.738672 0.110937 0.0804688
16 0.713281 0.746484 0.125 0.0882813
17 0.744141 0.567969 0.130469 0.0765625
17 0.734375 0.654687 0.139063 0.0640625
