0 0.451953 0.384375 0.288281 0.589063
1 0.452344 0.210156 0.285938 0.240625
2 0.452344 0.266016 0.285938 0.128906
3 0.392578 0.233594 0.0429688 0.0484375
3 0.510938 0.223047 0.04375 0.0445313
4 0.453906 0.261719 0.009375 0.0328125
5 0.450391 0.300781 0.0273438 0.0265625
6 0.584766 0.230859 0.0210938 0.0320312
6 0.322266 0.266797 0.0257812 0.0289063
7 0.458203 0.150391 0.271094 0.119531
8 0.451562 0.335156 0.04375 0.0296875
9 0.442578 0.416016 0.0820312 0.146094
10 0.516797 0.412891 0.0835937 0.136719
10 0.3625 0.420312 0.10625 0.132812
11 0.535547 0.455078 0.0460938 0.0523438
11 0.335547 0.462109 0.0539063 0.0492187
12 0.436719 0.579297 0.0640625 0.197656
12 0.401172 0.579688 0.0757812 0.190625
13 0.429688 0.657813 0.05 0.040625
13 0.387109 0.654687 0.0476562 0.040625
14 0.438672 0.426172 0.0257812 0.0867187
15 0.460547 0.494531 0.0226562 0.028125
15 0.4125 0.499609 0.0265625 0.0351562
16 0.662891 0.419531 0.0367188 0.065625
16 0.702344 0.420312 0.0328125 0.059375
17 0.669531 0.526563 0.0640625 0.0484375
17 0.794922 0.523438 0.0664062 0.0515625
