0 0.407422 0.444922 0.289844 0.489844
1 0.407422 0.338672 0.288281 0.277344
2 0.401562 0.430078 0.270313 0.0945312
3 0.375391 0.406641 0.0132812 0.0148437
3 0.44375 0.400391 0.0109375 0.0132812
4 0.415234 0.409375 0.0179687 0.0125
5 0.417578 0.429297 0.0304687 0.0132812
6 0.275391 0.405859 0.0179687 0.0148437
6 0.526172 0.39375 0.0210938 0.021875
7 0.407031 0.291016 0.2875 0.183594
8 0.39375 0.483984 0.03125 0.0335937
9 0.391797 0.544922 0.0960938 0.130469
10 0.464453 0.519531 0.0570312 0.08125
10 0.315625 0.524609 0.0875 0.0851563
11 0.474219 0.546094 0.0375 0.028125
11 0.292578 0.546484 0.0398437 0.0414062
12 0.415625 0.641406 0.075 0.0875
12 0.3375 0.645312 0.08125 0.0859375
13 0.325391 0.670703 0.0570312 0.0351562
13 0.425781 0.667969 0.0546875 0.034375
14 0.385156 0.553516 0.0203125 0.0617188
15 0.417969 0.608984 0.034375 0.0164063
15 0.351562 0.614453 0.028125 0.0164063
16 0.81875 0.585938 0.084375 0.046875
16 0.725781 0.580859 0.0734375 0.0507812
17 0.786328 0.421484 0.0601563 0.0570312
17 0.803516 0.496875 0.0570312 0.05
