0 0.489453 0.543359 0.377344 0.708594
1 0.509375 0.317969 0.23125 0.25625
2 0.508984 0.358594 0.232031 0.173437
3 0.521094 0.310156 0.0328125 0.04375
3 0.457031 0.308203 0.0453125 0.0429688
4 0.494531 0.353516 0.028125 0.0304687
5 0.501172 0.397656 0.0445313 0.0296875
6 0.608594 0.363672 0.0296875 0.0351562
6 0.407813 0.317188 0.0296875 0.034375
7 0.50625 0.267969 0.185938 0.157812
8 0.501172 0.4625 0.0476562 0.0734375
9 0.492578 0.614844 0.202344 0.259375
10 0.628516 0.583203 0.0914062 0.0820312
10 0.355859 0.560156 0.107031 0.165625
11 0.651953 0.571484 0.0445313 0.0570312
11 0.329688 0.512891 0.053125 0.0710937
12 0.453906 0.810547 0.117188 0.177344
12 0.537109 0.785937 0.0976562 0.148438
13 0.536328 0.828906 0.0679687 0.059375
13 0.451953 0.859375 0.0945312 0.075
14 0.503516 0.616406 0.0492187 0.1125
15 0.401172 0.737891 0.0664062 0.0585938
15 0.5875 0.711719 0.0359375 0.0421875
16 0.749219 0.867969 0.153125 0.0859375
16 0.917578 0.868359 0.130469 0.0773438
17 0.758594 0.722266 0.129688 0.169531
17 0.916797 0.722656 0.132031 0.195312
