0 0.344531 0.561328 0.576562 0.799219
1 0.333594 0.306641 0.346875 0.286719
2 0.333594 0.350781 0.346875 0.196875
3 0.269531 0.286328 0.0515625 0.0601563
3 0.380469 0.293359 0.0609375 0.0570312
4 0.31875 0.321094 0.0125 0.0265625
5 0.341016 0.39375 0.142969 0.0671875
6 0.180469 0.297266 0.040625 0.0898438
6 0.485156 0.3125 0.04375 0.1
7 0.321484 0.203125 0.249219 0.08125
8 0.346875 0.473047 0.0609375 0.0648438
9 0.335547 0.644531 0.246094 0.315625
10 0.1375 0.499609 0.160938 0.264844
10 0.534375 0.459766 0.192188 0.217969
11 0.0855469 0.394922 0.0570312 0.0554687
11 0.602344 0.375 0.0546875 0.046875
12 0.192188 0.844531 0.229687 0.114062
12 0.464844 0.875 0.157812 0.170313
13 0.101562 0.858984 0.0484375 0.0835937
13 0.521875 0.933984 0.0421875 0.0523438
14 0.342187 0.641797 0.0484375 0.192969
15 0.241406 0.801562 0.0265625 0.0296875
15 0.426563 0.813281 0.021875 0.0359375
16 0.596094 0.759766 0.101562 0.0726563
16 0.612891 0.865625 0.0945312 0.06875
17 0.866406 0.773828 0.114062 0.111719
17 0.864453 0.658203 0.128906 0.102344
