0 0.46875 0.322656 0.178125 0.429688
1 0.444141 0.182422 0.124219 0.147656
2 0.44375 0.209375 0.125 0.0953125
3 0.421484 0.179688 0.0382813 0.0328125
3 0.465234 0.188672 0.0367188 0.0351562
4 0.445312 0.211328 0.0140625 0.0273438
5 0.448828 0.227734 0.0414062 0.0164063
6 0.49375 0.203516 0.025 0.0382813
6 0.396875 0.202344 0.0296875 0.0296875
7 0.446484 0.140625 0.105469 0.06875
8 0.4625 0.276562 0.0265625 0.0625
9 0.473047 0.352734 0.0523438 0.113281
10 0.426953 0.373828 0.0507812 0.141406
10 0.521094 0.361328 0.0734375 0.130469
11 0.53125 0.407422 0.053125 0.0398437
11 0.419141 0.427344 0.0351562 0.034375
12 0.442188 0.494531 0.0484375 0.08125
12 0.492578 0.488281 0.0304687 0.0765625
13 0.442578 0.514844 0.0476562 0.0390625
13 0.492969 0.506641 0.0296875 0.0398437
14 0.471094 0.359766 0.0203125 0.0757812
15 0.457813 0.417969 0.0234375 0.0203125
15 0.4875 0.41875 0.0203125 0.0265625
16 0.768359 0.339453 0.0523438 0.0992187
16 0.833984 0.330078 0.0539063 0.105469
17 0.78125 0.512109 0.0609375 0.0460938
17 0.863281 0.521484 0.0609375 0.0460938
