0 0.474609 0.424219 0.517969 0.70625
1 0.460938 0.164844 0.2 0.182812
2 0.461328 0.206641 0.199219 0.0960938
3 0.415625 0.180859 0.0296875 0.0195312
3 0.498047 0.178125 0.0257812 0.015625
4 0.455469 0.191016 0.0078125 0.0195312
5 0.461719 0.219141 0.0390625 0.0148437
6 0.374219 0.178906 0.025 0.034375
6 0.547266 0.175391 0.0273438 0.0304687
7 0.459375 0.120703 0.159375 0.0945312
8 0.46875 0.2625 0.0484375 0.028125
9 0.476172 0.361328 0.135156 0.183594
10 0.314453 0.394531 0.192969 0.214062
10 0.6375 0.360547 0.190625 0.147656
11 0.246484 0.467969 0.0601563 0.06875
11 0.703516 0.399219 0.0617188 0.071875
12 0.414844 0.673438 0.075 0.209375
12 0.521484 0.665234 0.0492187 0.205469
13 0.410547 0.748047 0.0695313 0.0570312
13 0.521094 0.740234 0.05 0.0539063
14 0.469531 0.341016 0.0203125 0.0773438
15 0.514062 0.341797 0.0375 0.0382813
16 0.8375 0.207031 0.13125 0.0859375
16 0.836328 0.0898438 0.136719 0.0828125
17 0.812891 0.524219 0.136719 0.0765625
17 0.822656 0.419922 0.135937 0.0773438
