0 0.483203 0.434766 0.330469 0.599219
1 0.482422 0.278906 0.330469 0.2875
2 0.482422 0.33125 0.330469 0.182812
3 0.402734 0.263672 0.0492187 0.0273438
3 0.552344 0.258203 0.0578125 0.0335937
4 0.476953 0.30625 0.0179687 0.0859375
5 0.482812 0.359375 0.114062 0.053125
6 0.338672 0.290234 0.0414062 0.0867187
6 0.628906 0.291406 0.0375 0.0796875
7 0.480469 0.2 0.260937 0.123438
8 0.500781 0.437891 0.0171875 0.0320312
9 0.501953 0.522656 0.0695313 0.165625
10 0.549219 0.498437 0.071875 0.110937
10 0.426172 0.512109 0.128906 0.130469
11 0.389844 0.555469 0.05625 0.0421875
11 0.569922 0.540234 0.0304687 0.0273438
12 0.525391 0.664453 0.0554687 0.139844
12 0.466406 0.662109 0.0703125 0.130469
13 0.457813 0.708984 0.053125 0.0367188
13 0.532031 0.709375 0.0421875 0.05
14 0.497656 0.478516 0.0171875 0.0445313
15 0.515625 0.541406 0.021875 0.025
15 0.48125 0.547656 0.0265625 0.025
16 0.834766 0.397266 0.0679687 0.0976562
16 0.760547 0.386328 0.0851563 0.0945312
17 0.813672 0.598828 0.0601563 0.116406
17 0.727344 0.592969 0.0796875 0.1
