0 0.419922 0.476562 0.839844 0.848437
1 0.457813 0.225 0.39375 0.33125
2 0.457031 0.276172 0.390625 0.227344
3 0.377734 0.19375 0.0960938 0.065625
3 0.529297 0.204297 0.0867187 0.0710937
4 0.438281 0.241797 0.025 0.0585938
5 0.435156 0.304688 0.121875 0.05625
6 0.629297 0.230859 0.0476562 0.0710937
6 0.301172 0.209375 0.0726563 0.0828125
7 0.492188 0.118359 0.28125 0.119531
8 0.416406 0.398047 0.103125 0.0617188
9 0.429688 0.520312 0.698438 0.2375
10 0.0496094 0.523828 0.0992187 0.113281
10 0.792578 0.562891 0.0882813 0.117969
11 0.817969 0.598828 0.040625 0.0414062
11 0.0171875 0.557422 0.034375 0.0429688
12 0.244141 0.710156 0.327344 0.3125
12 0.577734 0.752734 0.336719 0.294531
13 0.544141 0.860547 0.142969 0.0789062
13 0.153516 0.828125 0.149219 0.0765625
14 0.415234 0.511719 0.0382813 0.148438
15 0.622266 0.691406 0.105469 0.0796875
16 0.741016 0.268359 0.122656 0.0851563
16 0.913281 0.267578 0.121875 0.0835937
17 0.759375 0.36875 0.135937 0.071875
17 0.907031 0.360156 0.132812 0.078125
