0 0.438672 0.533203 0.392969 0.808594
1 0.439063 0.372266 0.392188 0.360156
2 0.438672 0.448828 0.392969 0.207031
3 0.368359 0.38125 0.0695313 0.034375
3 0.506641 0.376563 0.0585938 0.0390625
4 0.442578 0.422656 0.0273438 0.0265625
5 0.437891 0.479297 0.0710937 0.0351562
6 0.61875 0.368359 0.03125 0.0445313
6 0.257422 0.397266 0.0289063 0.0367188
7 0.434375 0.235547 0.340625 0.213281
8 0.456641 0.567187 0.0492187 0.04375
9 0.491016 0.669141 0.160156 0.196094
10 0.574219 0.675391 0.1 0.203906
10 0.394531 0.716797 0.090625 0.253906
11 0.397266 0.811328 0.0882813 0.0648438
11 0.592187 0.750391 0.0625 0.0539063
12 0.566016 0.821484 0.114844 0.182031
12 0.470703 0.841016 0.0804688 0.192969
13 0.464062 0.910156 0.0671875 0.0546875
13 0.58125 0.885547 0.0859375 0.0585938
14 0.475 0.661328 0.040625 0.0757812
15 0.459375 0.778906 0.040625 0.0546875
15 0.560156 0.750391 0.0359375 0.0398437
16 0.757422 0.817969 0.0585938 0.0671875
16 0.689844 0.814453 0.05625 0.0726563
17 0.910937 0.834766 0.0546875 0.0773438
17 0.839063 0.834375 0.0671875 0.0875
