0 0.44375 0.371484 0.270313 0.361719
1 0.452344 0.236719 0.114062 0.0921875
2 0.451953 0.246875 0.113281 0.071875
3 0.439844 0.227734 0.01875 0.00703125
3 0.458594 0.220703 0.01875 0.00703125
4 0.442969 0.241406 0.0109375 0.0140625
5 0.445312 0.25 0.0359375 0.0296875
6 0.405859 0.233594 0.0210938 0.0453125
6 0.494531 0.2375 0.0296875 0.0421875
7 0.454297 0.201953 0.0398437 0.0226562
8 0.448047 0.285156 0.0773438 0.0328125
9 0.447656 0.368359 0.0921875 0.147656
10 0.35625 0.398438 0.09375 0.1375
10 0.532031 0.403125 0.0921875 0.132812
11 0.332031 0.443359 0.0453125 0.0476562
11 0.548047 0.44375 0.0601563 0.0515625
12 0.410938 0.492969 0.0671875 0.11875
12 0.482812 0.4875 0.0765625 0.1125
13 0.403906 0.535156 0.053125 0.034375
13 0.489063 0.527734 0.0640625 0.0304687
14 0.444922 0.375391 0.0304687 0.116406
15 0.414844 0.395313 0.015625 0.0328125
15 0.473438 0.391016 0.01875 0.0320312
16 0.689063 0.2875 0.0578125 0.06875
16 0.745313 0.315234 0.05 0.0570312
17 0.808984 0.3625 0.0382813 0.04375
17 0.841406 0.391016 0.0375 0.0367188
