0 0.494531 0.559766 0.475 0.786719
1 0.495312 0.275781 0.309375 0.217188
2 0.495312 0.294922 0.310937 0.182031
3 0.462891 0.247266 0.0539063 0.0617188
3 0.547266 0.252734 0.0757812 0.0851563
4 0.500781 0.302734 0.015625 0.0195312
5 0.504297 0.320703 0.114844 0.0539063
6 0.365234 0.262891 0.0476562 0.0726563
6 0.622266 0.240625 0.0554687 0.0734375
7 0.500781 0.217969 0.1875 0.103125
8 0.505859 0.398828 0.0351562 0.0570312
9 0.501563 0.525391 0.13125 0.210156
10 0.354297 0.531641 0.191406 0.0914062
10 0.645312 0.567969 0.171875 0.109375
11 0.304297 0.538281 0.0898438 0.0765625
11 0.694531 0.574609 0.071875 0.0945312
12 0.433203 0.785547 0.177344 0.336719
12 0.578516 0.775391 0.147656 0.316406
13 0.433594 0.90625 0.176563 0.0921875
13 0.588672 0.892969 0.127344 0.0828125
14 0.501953 0.528125 0.0570312 0.16875
15 0.4625 0.692187 0.034375 0.065625
15 0.54375 0.680078 0.0328125 0.0710937
16 0.171484 0.566016 0.202344 0.139844
16 0.169922 0.833203 0.241406 0.217969
17 0.801953 0.302734 0.221094 0.192969
17 0.896484 0.550391 0.171094 0.138281
