0 0.557422 0.295703 0.260156 0.525781
1 0.538281 0.139453 0.215625 0.211719
2 0.538281 0.179297 0.217188 0.133594
3 0.501953 0.15 0.0351562 0.0296875
3 0.566406 0.147656 0.03125 0.0234375
4 0.519922 0.177344 0.0117188 0.028125
5 0.523047 0.205859 0.0367188 0.0320312
6 0.448828 0.153125 0.0414062 0.0578125
6 0.623437 0.148047 0.0515625 0.0726563
7 0.55 0.0714844 0.146875 0.0757812
8 0.516797 0.258594 0.0257812 0.040625
9 0.536328 0.326562 0.139844 0.128125
10 0.456641 0.34375 0.0382813 0.115625
10 0.639453 0.322656 0.0914062 0.0953125
11 0.664844 0.350781 0.040625 0.040625
11 0.45625 0.382031 0.0390625 0.0375
12 0.515234 0.467578 0.0710937 0.182031
12 0.572266 0.458203 0.0757812 0.164844
13 0.588281 0.521875 0.0375 0.0390625
13 0.523828 0.540234 0.0398437 0.0367188
14 0.531641 0.327734 0.0257812 0.0726563
15 0.496875 0.403125 0.0203125 0.034375
15 0.590234 0.392969 0.0351562 0.028125
16 0.782813 0.297266 0.084375 0.0742188
16 0.789844 0.369531 0.0671875 0.0640625
17 0.819531 0.429297 0.05625 0.0601563
17 0.832422 0.498828 0.0492187 0.0679687
