0 0.351172 0.471484 0.525781 0.797656
1 0.386719 0.206641 0.24375 0.269531
2 0.386328 0.255469 0.242969 0.171875
3 0.348828 0.195312 0.0117188 0.0171875
3 0.399609 0.191406 0.0148437 0.0421875
4 0.373047 0.240625 0.0132812 0.101562
5 0.376563 0.28125 0.078125 0.084375
6 0.284766 0.234766 0.0382813 0.0710937
6 0.485547 0.207813 0.0445313 0.06875
7 0.397656 0.121484 0.19375 0.0945312
8 0.371094 0.376172 0.0578125 0.0976562
9 0.361719 0.539453 0.176563 0.242969
10 0.184375 0.610547 0.192188 0.328906
10 0.530469 0.602344 0.1625 0.285938
11 0.571875 0.705859 0.0796875 0.0789062
11 0.132422 0.715234 0.0882813 0.119531
12 0.322656 0.762109 0.1125 0.214844
12 0.422656 0.752734 0.114062 0.216406
13 0.322656 0.810547 0.1125 0.117969
13 0.423047 0.816406 0.114844 0.0890625
14 0.360938 0.54375 0.0328125 0.1875
15 0.267578 0.613281 0.0226562 0.0484375
15 0.453125 0.610547 0.0296875 0.0460938
16 0.713672 0.330859 0.0929688 0.107031
16 0.835156 0.319922 0.0828125 0.0960938
17 0.697266 0.556641 0.0773438 0.108594
17 0.813281 0.558203 0.078125 0.132031
