0 0.449219 0.317188 0.304688 0.464062
1 0.476172 0.153125 0.155469 0.135937
2 0.475781 0.170703 0.154688 0.100781
3 0.447266 0.145313 0.0226562 0.028125
3 0.485156 0.14375 0.0203125 0.025
4 0.464062 0.164844 0.03125 0.01875
5 0.463672 0.183594 0.0492187 0.00625
6 0.420703 0.135937 0.0257812 0.03125
6 0.540234 0.148047 0.0257812 0.0273438
7 0.482812 0.105469 0.0859375 0.0390625
8 0.461328 0.224609 0.0429688 0.0492187
9 0.471094 0.3 0.170313 0.151562
10 0.567578 0.283203 0.0679687 0.0539063
10 0.346484 0.314844 0.0976562 0.08125
11 0.321484 0.341016 0.0460938 0.0289063
11 0.588281 0.291797 0.0265625 0.0367188
12 0.422656 0.454688 0.075 0.1875
12 0.503516 0.430469 0.0867187 0.132812
13 0.413281 0.510938 0.05625 0.0734375
13 0.521484 0.469922 0.0445313 0.0523438
14 0.464453 0.280078 0.0226562 0.0398437
15 0.399609 0.353906 0.0210938 0.0203125
15 0.536719 0.353906 0.025 0.0328125
16 0.635938 0.482812 0.09375 0.0453125
16 0.721094 0.4875 0.08125 0.0390625
17 0.221484 0.512891 0.121094 0.0664062
17 0.332031 0.528516 0.0640625 0.0445313
