0 0.491406 0.542188 0.490625 0.915625
1 0.520703 0.276562 0.410156 0.332813
2 0.519531 0.324219 0.4125 0.23125
3 0.424219 0.314453 0.096875 0.0539063
3 0.575 0.346875 0.0890625 0.05625
4 0.492578 0.341016 0.0164063 0.0164063
5 0.487891 0.380469 0.0851563 0.03125
6 0.336328 0.257422 0.0367188 0.0929688
6 0.703125 0.260547 0.0359375 0.0804688
7 0.510938 0.233984 0.395313 0.296094
8 0.489844 0.436328 0.09375 0.0679687
9 0.475781 0.669141 0.251563 0.457031
10 0.3375 0.629297 0.185938 0.371094
10 0.645703 0.657031 0.182031 0.384375
11 0.273828 0.777344 0.0554687 0.0578125
11 0.607422 0.825 0.0695313 0.0453125
12 0.415234 0.925391 0.114844 0.141406
12 0.514453 0.931641 0.0898438 0.136719
13 0.416406 0.975 0.071875 0.0421875
13 0.508984 0.984375 0.0632812 0.03125
14 0.490625 0.551172 0.03125 0.0773438
15 0.619531 0.544531 0.06875 0.071875
16 0.152344 0.807422 0.0984375 0.124219
16 0.210156 0.782422 0.1 0.128906
17 0.795703 0.829688 0.0523438 0.075
17 0.846875 0.835938 0.05 0.0703125
