0 0.444922 0.398438 0.297656 0.501563
1 0.444531 0.255469 0.195312 0.2125
2 0.444531 0.28125 0.19375 0.160938
3 0.406641 0.235156 0.0335937 0.06875
3 0.466797 0.233203 0.0320312 0.0695313
4 0.437891 0.276953 0.0273438 0.0382813
5 0.450781 0.296094 0.1 0.0609375
6 0.3625 0.282031 0.028125 0.034375
6 0.527734 0.276172 0.0257812 0.0351562
7 0.435156 0.186328 0.15 0.0742188
8 0.443359 0.366797 0.0523438 0.0304687
9 0.435156 0.451562 0.0890625 0.160938
10 0.350781 0.428125 0.10625 0.114062
10 0.532031 0.419922 0.120313 0.0867187
11 0.329688 0.447656 0.0625 0.071875
11 0.565234 0.425781 0.0554687 0.075
12 0.408984 0.583984 0.0648438 0.130469
12 0.460938 0.577734 0.0640625 0.113281
13 0.408594 0.615234 0.0640625 0.0664062
13 0.463281 0.60625 0.059375 0.05625
14 0.433203 0.458594 0.0273438 0.121875
15 0.409766 0.528906 0.0242188 0.0296875
15 0.463281 0.540234 0.0234375 0.0304687
16 0.635156 0.466797 0.0609375 0.0304687
16 0.705469 0.459375 0.0671875 0.05
17 0.633984 0.553516 0.0804688 0.0523438
17 0.726562 0.545703 0.06875 0.0445313
