0 0.500781 0.478516 0.275 0.533594
1 0.505469 0.293359 0.207813 0.164844
2 0.505859 0.325391 0.207031 0.0992187
3 0.530859 0.296094 0.0335937 0.034375
3 0.478125 0.301172 0.0328125 0.0351562
4 0.50625 0.322656 0.015625 0.01875
5 0.507812 0.344922 0.0390625 0.0179687
6 0.595313 0.296094 0.025 0.0390625
6 0.4125 0.31875 0.01875 0.0375
7 0.503125 0.245312 0.15 0.065625
8 0.498437 0.383594 0.046875 0.040625
9 0.5 0.480859 0.0984375 0.150781
10 0.585938 0.475 0.0890625 0.121875
10 0.419141 0.478125 0.0976562 0.142187
11 0.614062 0.516016 0.0328125 0.0382813
11 0.388281 0.528906 0.0359375 0.040625
12 0.566797 0.632812 0.130469 0.2
12 0.436719 0.644531 0.139063 0.19375
13 0.584766 0.707031 0.0945312 0.05
13 0.417969 0.718359 0.101562 0.0445313
14 0.501953 0.495312 0.0304687 0.0953125
15 0.529297 0.467969 0.0257812 0.0328125
15 0.469141 0.563281 0.0382813 0.034375
15 0.548047 0.553125 0.0382813 0.0375
16 0.756641 0.635938 0.0492187 0.0671875
16 0.798438 0.649609 0.0546875 0.0632812
17 0.796875 0.799219 0.04375 0.0453125
17 0.829688 0.807813 0.034375 0.040625
