0 0.462891 0.449219 0.258594 0.74375
1 0.462891 0.183984 0.257031 0.210156
2 0.462891 0.219531 0.255469 0.135937
3 0.500391 0.191797 0.0429688 0.0382813
3 0.411719 0.19375 0.053125 0.0359375
4 0.458594 0.210156 0.028125 0.034375
5 0.463672 0.246875 0.0789062 0.05
6 0.571484 0.191797 0.0367188 0.0773438
6 0.358984 0.188281 0.0460938 0.0484375
7 0.458594 0.136719 0.2 0.11875
8 0.474609 0.302344 0.0507812 0.0484375
9 0.470703 0.41875 0.110156 0.203125
10 0.530469 0.446484 0.0703125 0.242969
10 0.404297 0.429688 0.0726563 0.226562
11 0.404297 0.514062 0.0710937 0.05625
11 0.528516 0.542969 0.0664062 0.0515625
12 0.471875 0.6625 0.0828125 0.314063
12 0.401953 0.643359 0.117969 0.275781
13 0.385937 0.755078 0.084375 0.0507812
13 0.4625 0.777734 0.0609375 0.0804688
14 0.459375 0.421484 0.028125 0.146094
15 0.492188 0.537891 0.0390625 0.0492187
15 0.424609 0.532422 0.0335937 0.0414062
16 0.742578 0.580078 0.0773438 0.0601563
16 0.654297 0.586719 0.0742188 0.0578125
17 0.632031 0.68125 0.10625 0.065625
17 0.719531 0.674609 0.090625 0.0835937
