0 0.364844 0.477344 0.248438 0.592187
1 0.385547 0.261328 0.153906 0.157031
2 0.385156 0.269141 0.153125 0.132031
3 0.378125 0.230469 0.0359375 0.053125
3 0.398438 0.228516 0.028125 0.0492187
4 0.384766 0.266797 0.0132812 0.0132812
5 0.386719 0.279687 0.046875 0.0359375
6 0.449219 0.224609 0.0234375 0.0273438
6 0.334766 0.233984 0.0289063 0.0335937
7 0.38125 0.210938 0.14375 0.05625
8 0.381641 0.326562 0.0367188 0.0484375
9 0.363281 0.434375 0.121875 0.20625
10 0.282031 0.458594 0.0828125 0.2125
10 0.451562 0.436328 0.059375 0.208594
11 0.300391 0.539844 0.0476562 0.0484375
11 0.457031 0.517578 0.0484375 0.0460938
12 0.356641 0.699609 0.0664062 0.144531
12 0.451172 0.672266 0.0773438 0.133594
13 0.35625 0.741406 0.0640625 0.0640625
13 0.454297 0.707812 0.0710937 0.0625
14 0.367969 0.464062 0.0234375 0.0671875
15 0.399219 0.416406 0.03125 0.0359375
16 0.717187 0.325391 0.103125 0.0820312
16 0.741797 0.413281 0.0960938 0.084375
17 0.685937 0.619922 0.09375 0.0523438
17 0.683594 0.684766 0.0875 0.0492187
