0 0.482031 0.572656 0.621875 0.84375
1 0.503906 0.324219 0.34375 0.348438
2 0.503906 0.397656 0.342187 0.2
3 0.554297 0.332422 0.0367188 0.0414062
3 0.446484 0.342187 0.0320312 0.0390625
4 0.494922 0.386719 0.0195312 0.021875
5 0.483594 0.442969 0.0921875 0.05
6 0.655078 0.338672 0.0398437 0.0695313
6 0.351562 0.348047 0.0390625 0.0632812
7 0.488672 0.230469 0.332031 0.159375
8 0.503906 0.510156 0.053125 0.0421875
9 0.479297 0.648047 0.289844 0.257031
10 0.271875 0.631641 0.201563 0.167969
10 0.688281 0.559375 0.207813 0.0984375
11 0.771094 0.581641 0.040625 0.0523438
11 0.206641 0.683203 0.0710937 0.0664062
12 0.430469 0.86875 0.14375 0.25
12 0.596484 0.862891 0.107031 0.252344
13 0.610156 0.959766 0.0703125 0.0570312
13 0.444531 0.971484 0.08125 0.0429688
14 0.437109 0.644531 0.0617188 0.19375
15 0.559766 0.713672 0.0710937 0.0601563
16 0.767188 0.705078 0.0921875 0.0507812
16 0.874219 0.695312 0.084375 0.046875
17 0.874219 0.798828 0.090625 0.0679687
17 0.764844 0.803125 0.090625 0.0578125
