0 0.476172 0.433984 0.250781 0.588281
1 0.459375 0.250391 0.184375 0.217969
2 0.461719 0.296484 0.18125 0.125781
3 0.425391 0.25625 0.0523438 0.0453125
3 0.490234 0.261719 0.0507812 0.04375
4 0.463281 0.290234 0.0140625 0.0148437
5 0.465234 0.316016 0.0445313 0.0226562
6 0.385937 0.267188 0.0296875 0.028125
6 0.536719 0.259375 0.0296875 0.028125
7 0.450391 0.175391 0.166406 0.0679687
8 0.462891 0.367969 0.0367188 0.0328125
9 0.475391 0.470313 0.144531 0.18125
10 0.386328 0.45 0.0632812 0.1
10 0.560547 0.434375 0.0773438 0.0859375
11 0.369531 0.485547 0.0265625 0.0289063
11 0.587891 0.465234 0.0226562 0.0242188
12 0.437109 0.636719 0.0710937 0.18125
12 0.520703 0.630469 0.0976562 0.184375
13 0.429297 0.712109 0.0554687 0.0320312
13 0.543359 0.707031 0.0523438 0.0328125
14 0.471484 0.425781 0.0210938 0.046875
15 0.423828 0.538281 0.0351562 0.0390625
15 0.528906 0.528906 0.0359375 0.034375
16 0.666797 0.438672 0.0382813 0.0585938
16 0.719922 0.447266 0.0414062 0.0632812
17 0.646875 0.628516 0.046875 0.105469
17 0.728125 0.622656 0.0609375 0.10625
