0 0.442188 0.549609 0.301563 0.594531
1 0.417187 0.327344 0.242188 0.148438
2 0.416406 0.337109 0.242188 0.128906
3 0.447266 0.317969 0.0382813 0.0421875
3 0.390234 0.31875 0.0398437 0.0515625
4 0.413672 0.348047 0.0351562 0.0289063
5 0.423438 0.367188 0.0765625 0.0390625
6 0.330859 0.324609 0.0679687 0.0695313
6 0.506641 0.320703 0.0601563 0.0960938
7 0.420703 0.28125 0.130469 0.0515625
8 0.423828 0.408984 0.0648438 0.0585938
9 0.448047 0.501563 0.142969 0.209375
10 0.555469 0.488672 0.0765625 0.183594
10 0.334375 0.523828 0.0828125 0.203906
11 0.313672 0.607031 0.0382813 0.0359375
11 0.575 0.561328 0.0328125 0.0367188
12 0.484766 0.718359 0.0773438 0.252344
12 0.412109 0.718359 0.0773438 0.246094
13 0.492578 0.820312 0.0507812 0.046875
13 0.396484 0.817187 0.0398437 0.0484375
14 0.440625 0.504687 0.0265625 0.0875
15 0.476172 0.582422 0.0273438 0.0460938
16 0.75 0.835156 0.0859375 0.0796875
16 0.885156 0.854688 0.0796875 0.0796875
17 0.772656 0.701953 0.0859375 0.0523438
17 0.893359 0.711328 0.0726563 0.0554687
