0 0.512891 0.269922 0.328906 0.432031
1 0.515234 0.129297 0.250781 0.150781
2 0.515234 0.1625 0.250781 0.084375
3 0.472266 0.130078 0.0539063 0.0195312
3 0.553125 0.1375 0.034375 0.0234375
4 0.513281 0.146094 0.0109375 0.0203125
5 0.515625 0.166016 0.0484375 0.0242188
6 0.407031 0.148828 0.034375 0.0523438
6 0.625781 0.159766 0.0296875 0.0445313
7 0.513672 0.0960938 0.172656 0.084375
8 0.521875 0.210547 0.071875 0.0320312
9 0.509766 0.276562 0.108594 0.128125
10 0.406641 0.290625 0.116406 0.11875
10 0.621484 0.277734 0.111719 0.0882813
11 0.659766 0.297656 0.0351562 0.0484375
11 0.372266 0.328516 0.0476562 0.0429688
12 0.4875 0.405469 0.059375 0.148438
12 0.529687 0.409766 0.059375 0.152344
13 0.479687 0.460938 0.0359375 0.0375
13 0.528516 0.463672 0.0398437 0.0445313
14 0.514453 0.282031 0.0195312 0.0703125
15 0.467969 0.354297 0.0296875 0.0351562
15 0.54375 0.357031 0.025 0.0328125
16 0.691016 0.525781 0.105469 0.0828125
16 0.691406 0.619531 0.101562 0.06875
17 0.537109 0.609766 0.0804688 0.0632812
17 0.435547 0.596094 0.0820312 0.0703125
