0 0.449609 0.573438 0.599219 0.853125
1 0.463281 0.308594 0.395313 0.315625
2 0.462109 0.344531 0.396094 0.24375
3 0.394141 0.237891 0.0257812 0.0273438
3 0.533203 0.265234 0.0320312 0.0398437
4 0.448437 0.316797 0.0109375 0.0351562
5 0.455859 0.361719 0.127344 0.0734375
6 0.297266 0.301172 0.0632812 0.103906
6 0.627734 0.283594 0.0664062 0.0890625
7 0.43125 0.196875 0.214062 0.0921875
8 0.467578 0.544922 0.127344 0.196094
9 0.467187 0.748437 0.339062 0.25625
10 0.253906 0.577734 0.201563 0.361719
10 0.681641 0.54375 0.132031 0.378125
11 0.230859 0.4625 0.152344 0.129688
11 0.704297 0.397266 0.0835937 0.0835937
12 0.36875 0.927734 0.132812 0.144531
12 0.499609 0.931641 0.128906 0.136719
13 0.362109 0.977344 0.121094 0.0453125
13 0.496875 0.974609 0.114062 0.0507812
14 0.467187 0.737891 0.0484375 0.180469
15 0.316406 0.811719 0.0359375 0.0609375
15 0.620313 0.786719 0.0296875 0.0609375
16 0.760938 0.830078 0.126562 0.0570312
16 0.910156 0.839453 0.126562 0.0695313
17 0.762891 0.715625 0.114844 0.0921875
17 0.883203 0.701562 0.0757812 0.090625
