0 0.275781 0.492578 0.259375 0.719531
1 0.267188 0.258594 0.240625 0.242188
2 0.267188 0.312891 0.240625 0.133594
3 0.300781 0.282031 0.0203125 0.021875
3 0.238281 0.289062 0.0203125 0.021875
4 0.261719 0.302734 0.0140625 0.0164063
5 0.262109 0.325391 0.0398437 0.0148437
6 0.158984 0.286719 0.0226562 0.0296875
6 0.370312 0.265625 0.03125 0.034375
7 0.260547 0.203516 0.203906 0.125781
8 0.265625 0.376563 0.059375 0.053125
9 0.270313 0.509766 0.171875 0.238281
10 0.171484 0.517969 0.0476562 0.1125
10 0.373437 0.512891 0.0578125 0.125781
11 0.176953 0.551172 0.0289063 0.0429688
11 0.357031 0.552344 0.025 0.0453125
12 0.226953 0.732422 0.0820312 0.236719
12 0.31875 0.726172 0.104688 0.238281
13 0.221875 0.826172 0.071875 0.0492187
13 0.326172 0.817969 0.0882813 0.0546875
14 0.264453 0.427734 0.0164063 0.0382813
15 0.332422 0.626953 0.0335937 0.0382813
15 0.207422 0.641016 0.0382813 0.0429688
16 0.736328 0.205859 0.261719 0.124219
16 0.745313 0.359766 0.234375 0.119531
17 0.739062 0.634766 0.184375 0.130469
17 0.726172 0.788281 0.224219 0.104688
