0 0.479687 0.453516 0.201563 0.475781
1 0.469531 0.310156 0.165625 0.189062
2 0.469531 0.345313 0.165625 0.11875
3 0.498828 0.302734 0.0414062 0.0335937
3 0.446875 0.301563 0.0421875 0.0296875
4 0.477734 0.323828 0.0179687 0.0320312
5 0.480469 0.365625 0.0359375 0.0359375
6 0.399219 0.338672 0.025 0.0382813
6 0.5375 0.332813 0.0296875 0.0328125
7 0.472656 0.259375 0.132812 0.0890625
8 0.468359 0.418359 0.0335937 0.0445313
9 0.474219 0.469531 0.0625 0.0828125
10 0.417578 0.473828 0.0789062 0.0726563
10 0.540625 0.446094 0.08125 0.0390625
11 0.397656 0.489844 0.0390625 0.040625
11 0.564844 0.447656 0.028125 0.028125
12 0.480078 0.594531 0.0492187 0.19375
12 0.512891 0.585156 0.0695313 0.182812
13 0.48125 0.670312 0.046875 0.0390625
13 0.527734 0.658594 0.0414062 0.0375
14 0.537891 0.446875 0.0179687 0.01875
14 0.429297 0.463281 0.0195312 0.0140625
15 0.487891 0.476953 0.0289063 0.0367188
16 0.652344 0.807813 0.08125 0.0609375
16 0.796484 0.816016 0.0710937 0.0570312
17 0.671094 0.666016 0.0609375 0.0335937
17 0.816797 0.665625 0.0617188 0.0421875
