0 0.4625 0.328906 0.28125 0.4875
1 0.46875 0.189844 0.221875 0.210938
2 0.46875 0.237109 0.221875 0.114844
3 0.433984 0.188281 0.0164063 0.015625
3 0.490234 0.188281 0.0179687 0.0171875
4 0.458984 0.219141 0.00859375 0.0351562
5 0.460938 0.25625 0.078125 0.04375
6 0.561719 0.240234 0.0375 0.0414062
6 0.373437 0.2625 0.03125 0.0390625
7 0.461719 0.175391 0.28125 0.180469
8 0.446875 0.309766 0.0515625 0.0492187
9 0.464453 0.396094 0.0554687 0.167187
10 0.393359 0.385156 0.0898438 0.125
10 0.530078 0.367969 0.0867187 0.101562
11 0.374219 0.421094 0.0515625 0.0578125
11 0.543359 0.3875 0.0617188 0.065625
12 0.425 0.515234 0.0765625 0.113281
12 0.511719 0.503125 0.0984375 0.0890625
13 0.420312 0.542969 0.0671875 0.0578125
13 0.526172 0.5125 0.0695313 0.071875
14 0.464453 0.392578 0.0367188 0.0851563
15 0.473828 0.449609 0.0226562 0.0414062
16 0.629297 0.473438 0.0601563 0.046875
16 0.694922 0.472266 0.0476562 0.0445313
17 0.617969 0.425 0.0640625 0.05625
17 0.685547 0.421094 0.0601563 0.05625
