0 0.453125 0.401172 0.275 0.410156
1 0.456641 0.30625 0.238281 0.21875
2 0.45625 0.343359 0.2375 0.144531
3 0.403125 0.30625 0.034375 0.03125
3 0.498828 0.291797 0.0367188 0.0351562
4 0.449219 0.332031 0.034375 0.0359375
5 0.451172 0.376172 0.0757812 0.0367188
6 0.351172 0.316016 0.0273438 0.0476562
6 0.559766 0.294922 0.0304687 0.0476562
7 0.454688 0.244141 0.182812 0.0945312
8 0.464844 0.428516 0.0671875 0.0664062
9 0.469141 0.501953 0.0617188 0.107031
10 0.378516 0.498437 0.127344 0.0890625
10 0.539844 0.469531 0.1 0.053125
11 0.331641 0.509766 0.0335937 0.0492187
11 0.574609 0.464062 0.0320312 0.0359375
12 0.454688 0.576953 0.0328125 0.0585938
12 0.4875 0.574609 0.0421875 0.0554687
13 0.457422 0.593359 0.0273438 0.0257812
13 0.491016 0.585938 0.0351562 0.0328125
14 0.466797 0.489063 0.0242188 0.034375
15 0.457422 0.538281 0.0242188 0.03125
16 0.124609 0.583594 0.0992187 0.129688
16 0.239063 0.569531 0.0921875 0.146875
17 0.712109 0.491016 0.0804688 0.102344
17 0.839063 0.48125 0.05 0.0984375
