0 0.485547 0.408984 0.163281 0.313281
1 0.486328 0.304688 0.161719 0.101562
2 0.485547 0.317578 0.161719 0.0757812
3 0.466406 0.289062 0.009375 0.0125
3 0.505078 0.291016 0.00859375 0.0101563
4 0.489063 0.307812 0.009375 0.021875
5 0.485547 0.336328 0.0539063 0.0179687
6 0.414844 0.303125 0.01875 0.0328125
6 0.555859 0.298047 0.0226562 0.0367188
7 0.490625 0.267188 0.10625 0.028125
8 0.487109 0.364844 0.0320312 0.025
9 0.488672 0.408984 0.0398437 0.0789062
10 0.460156 0.423438 0.0359375 0.0921875
10 0.517578 0.425 0.0367188 0.10625
11 0.456641 0.454688 0.0289063 0.0296875
11 0.51875 0.460547 0.0359375 0.0351562
12 0.453516 0.502734 0.0710937 0.122656
12 0.515625 0.496484 0.053125 0.113281
13 0.448047 0.540625 0.0601563 0.046875
13 0.521094 0.531641 0.0421875 0.0429688
14 0.490625 0.412109 0.0171875 0.0570312
15 0.474609 0.454688 0.0117188 0.01875
16 0.64375 0.472266 0.040625 0.0507812
16 0.696484 0.477734 0.0367188 0.0414062
17 0.782813 0.490234 0.0421875 0.0476562
17 0.83125 0.490625 0.0328125 0.0359375
