0 0.393359 0.3875 0.413281 0.642188
1 0.417578 0.166406 0.222656 0.198437
2 0.417578 0.198437 0.222656 0.134375
3 0.375 0.160547 0.0328125 0.0257812
3 0.458594 0.170703 0.0328125 0.0289063
4 0.413281 0.173437 0.0078125 0.01875
5 0.415625 0.214453 0.05 0.0554687
6 0.322266 0.147656 0.0304687 0.0328125
6 0.511719 0.159375 0.034375 0.0265625
7 0.428906 0.108984 0.157812 0.0835937
8 0.409375 0.273438 0.0203125 0.0234375
9 0.387109 0.359375 0.180469 0.164062
10 0.2625 0.327734 0.153125 0.0929688
10 0.533203 0.354687 0.133594 0.15
11 0.217969 0.348438 0.0609375 0.0515625
11 0.571875 0.408984 0.05625 0.0414062
12 0.294141 0.619531 0.0960938 0.171875
12 0.454688 0.616406 0.104688 0.151562
13 0.294531 0.675781 0.0953125 0.0609375
13 0.457813 0.666016 0.0984375 0.0539063
14 0.378125 0.438281 0.025 0.021875
15 0.317188 0.460156 0.0375 0.028125
15 0.458984 0.464453 0.0304687 0.0382813
16 0.674219 0.7625 0.096875 0.114062
16 0.761719 0.688281 0.0984375 0.084375
17 0.619922 0.684766 0.125781 0.124219
17 0.712891 0.608594 0.105469 0.103125
