0 0.366797 0.388672 0.208594 0.375781
1 0.35 0.277344 0.175 0.153125
2 0.350391 0.289062 0.174219 0.129688
3 0.325391 0.267188 0.0351562 0.0203125
3 0.376953 0.258203 0.0335937 0.0242188
4 0.352344 0.294141 0.0171875 0.0164063
5 0.350391 0.322266 0.0351562 0.0226562
6 0.426563 0.245703 0.0234375 0.0429688
6 0.276562 0.307812 0.0265625 0.034375
7 0.349219 0.248047 0.140625 0.0960938
8 0.349219 0.357812 0.0265625 0.0296875
9 0.367969 0.433594 0.123438 0.165625
10 0.29375 0.461719 0.0546875 0.0859375
10 0.439453 0.417969 0.0617188 0.06875
11 0.447266 0.429688 0.0460938 0.0453125
11 0.293359 0.478125 0.0539063 0.053125
12 0.372656 0.538281 0.053125 0.078125
12 0.417969 0.523438 0.0453125 0.078125
13 0.372656 0.558984 0.0515625 0.0367188
13 0.417969 0.539844 0.0453125 0.0453125
14 0.371484 0.440234 0.0382813 0.0835937
15 0.388281 0.403906 0.0234375 0.0359375
16 0.746094 0.510547 0.175 0.0726563
16 0.755469 0.409766 0.21875 0.0820312
17 0.710938 0.807031 0.189062 0.0953125
17 0.707031 0.689844 0.148438 0.0796875
