0 0.48125 0.591016 0.296875 0.647656
1 0.501172 0.366016 0.258594 0.192969
2 0.501172 0.398047 0.258594 0.132031
3 0.463672 0.360156 0.0226562 0.0359375
3 0.530469 0.364453 0.0203125 0.0351562
4 0.490625 0.378125 0.0234375 0.0484375
5 0.477344 0.428906 0.0625 0.028125
6 0.398828 0.369922 0.0554687 0.0726563
6 0.589844 0.399609 0.0796875 0.0679687
7 0.505078 0.314453 0.186719 0.0882813
8 0.464844 0.4625 0.0578125 0.03125
9 0.455859 0.562109 0.110156 0.186719
10 0.36875 0.569531 0.065625 0.2
10 0.537109 0.572266 0.0554687 0.197656
11 0.363672 0.64375 0.0554687 0.053125
11 0.532422 0.651172 0.0429688 0.0414062
12 0.407813 0.776172 0.09375 0.260156
12 0.501172 0.779687 0.100781 0.267188
13 0.389844 0.870313 0.0453125 0.0703125
13 0.513281 0.873828 0.046875 0.0789062
14 0.458594 0.530078 0.028125 0.0539063
15 0.41875 0.667969 0.0359375 0.0421875
15 0.484766 0.667578 0.0351562 0.0429688
16 0.735938 0.600391 0.146875 0.0929688
16 0.892188 0.591797 0.13125 0.0820312
17 0.700781 0.770703 0.153125 0.0789062
17 0.888672 0.766797 0.138281 0.0789062
