0 0.461719 0.258594 0.198437 0.415625
1 0.466406 0.136328 0.185938 0.169531
2 0.466016 0.183984 0.185156 0.0726563
3 0.43125 0.160156 0.021875 0.01875
3 0.493359 0.160547 0.0210938 0.0226562
4 0.459766 0.173047 0.0210938 0.0289063
5 0.457813 0.198047 0.0296875 0.0164063
6 0.395703 0.174219 0.0414062 0.0515625
6 0.541016 0.167578 0.0335937 0.0351562
7 0.461719 0.108984 0.198437 0.113281
8 0.460156 0.246875 0.0375 0.0625
9 0.464062 0.323828 0.0609375 0.110156
10 0.407031 0.337109 0.0625 0.0992187
10 0.517578 0.335156 0.0851563 0.0796875
11 0.395703 0.365625 0.0398437 0.040625
11 0.54375 0.355859 0.0328125 0.0367188
12 0.430078 0.417578 0.0835937 0.0976562
12 0.510547 0.40625 0.0710937 0.0859375
13 0.430469 0.442578 0.0828125 0.0476562
13 0.515234 0.428906 0.0601563 0.040625
14 0.458203 0.323828 0.0148437 0.0617188
15 0.445312 0.398047 0.021875 0.0257812
15 0.488672 0.388281 0.0195312 0.028125
16 0.664844 0.333203 0.0765625 0.0773438
16 0.787109 0.344531 0.0632812 0.06875
17 0.147656 0.345313 0.040625 0.170313
17 0.241797 0.336719 0.0523438 0.175
