0 0.332422 0.583984 0.367969 0.680469
1 0.332031 0.355859 0.204687 0.222656
2 0.332031 0.414453 0.203125 0.103906
3 0.277344 0.374219 0.0171875 0.01875
3 0.348047 0.397656 0.0210938 0.021875
4 0.314063 0.405859 0.00625 0.0148437
5 0.304688 0.435547 0.025 0.0210938
6 0.239844 0.386328 0.0171875 0.0226562
6 0.425 0.391406 0.015625 0.0203125
7 0.341406 0.313672 0.215625 0.139844
8 0.305859 0.483984 0.0367188 0.0648438
9 0.311719 0.596484 0.1375 0.189844
10 0.210547 0.516406 0.124219 0.13125
10 0.444141 0.532031 0.147656 0.0984375
11 0.498437 0.509766 0.034375 0.0539063
11 0.170703 0.477734 0.0367188 0.0492187
12 0.228906 0.794531 0.146875 0.235937
12 0.363281 0.800391 0.132812 0.239844
13 0.18125 0.891016 0.046875 0.0414062
13 0.402344 0.903125 0.0484375 0.0359375
14 0.312109 0.589844 0.0257812 0.114062
15 0.338281 0.739453 0.0265625 0.0257812
16 0.563281 0.863281 0.046875 0.053125
16 0.619922 0.867188 0.0476562 0.05
17 0.683984 0.876563 0.0445313 0.053125
17 0.748437 0.883203 0.0484375 0.0523438
