0 0.425391 0.470313 0.363281 0.826562
1 0.425 0.276172 0.364063 0.436719
2 0.425391 0.397656 0.363281 0.19375
3 0.363281 0.3375 0.071875 0.0546875
3 0.516016 0.353125 0.0710937 0.05625
4 0.427344 0.387891 0.0109375 0.0148437
5 0.41875 0.437891 0.0546875 0.0179687
6 0.2625 0.329297 0.0375 0.0554687
6 0.582422 0.350781 0.0476562 0.0546875
7 0.433984 0.180469 0.341406 0.24375
8 0.409375 0.495312 0.0328125 0.0265625
9 0.41875 0.597656 0.139063 0.198437
10 0.328125 0.646094 0.05 0.279687
10 0.514844 0.645703 0.0734375 0.292969
11 0.328125 0.752344 0.05 0.0671875
11 0.515625 0.748437 0.071875 0.0875
12 0.380859 0.785547 0.0695313 0.194531
12 0.467969 0.777344 0.071875 0.190625
13 0.380078 0.859766 0.0695313 0.0460938
13 0.469531 0.85625 0.06875 0.0328125
14 0.411719 0.534375 0.01875 0.040625
15 0.423828 0.640234 0.0523438 0.0539063
16 0.721875 0.652344 0.10625 0.05625
16 0.848047 0.660156 0.0992187 0.0484375
17 0.727344 0.765625 0.1125 0.0515625
17 0.880078 0.767969 0.113281 0.053125
