0 0.396484 0.405078 0.174219 0.357031
1 0.387891 0.305078 0.155469 0.157031
2 0.387891 0.327734 0.155469 0.113281
3 0.412891 0.308984 0.0132812 0.0164063
3 0.361719 0.314844 0.0140625 0.015625
4 0.393359 0.346484 0.0101563 0.0101563
5 0.399219 0.357812 0.0234375 0.0109375
6 0.455859 0.285156 0.0195312 0.025
6 0.319141 0.308984 0.0164063 0.0226562
7 0.385156 0.266406 0.128125 0.078125
8 0.401562 0.390234 0.01875 0.0195312
9 0.421484 0.440625 0.0632812 0.090625
10 0.460938 0.426563 0.04375 0.0375
10 0.369922 0.451562 0.0523438 0.0890625
11 0.469531 0.426563 0.025 0.0375
11 0.353906 0.482812 0.0203125 0.025
12 0.455859 0.516406 0.0539063 0.114062
12 0.431641 0.521094 0.0539063 0.121875
13 0.467578 0.558984 0.0289063 0.0273438
13 0.444531 0.569922 0.028125 0.0257812
14 0.415625 0.433594 0.015625 0.0390625
15 0.445703 0.482422 0.0179687 0.0226562
15 0.417187 0.502734 0.0203125 0.0242188
16 0.667578 0.412109 0.0742188 0.0351562
16 0.801172 0.389062 0.0648438 0.0390625
17 0.873828 0.500781 0.0617188 0.0484375
17 0.865234 0.442188 0.0664062 0.05625
