0 0.377344 0.422656 0.182812 0.545312
1 0.377344 0.254688 0.182812 0.209375
2 0.376563 0.304688 0.184375 0.109375
3 0.332422 0.308594 0.0585938 0.0328125
3 0.428125 0.298828 0.0453125 0.0179687
4 0.388281 0.314063 0.009375 0.0171875
5 0.391797 0.336328 0.0179687 0.0195312
6 0.296094 0.292969 0.0140625 0.025
6 0.457031 0.285156 0.01875 0.03125
7 0.373437 0.221875 0.171875 0.139063
8 0.378125 0.3625 0.028125 0.0265625
9 0.364063 0.433984 0.0546875 0.128906
10 0.319141 0.385937 0.0507812 0.15
10 0.404687 0.434766 0.0375 0.116406
11 0.310156 0.321484 0.015625 0.0179687
11 0.398828 0.480078 0.0257812 0.0226562
12 0.339453 0.591797 0.0476562 0.205469
12 0.360547 0.587109 0.0507812 0.200781
13 0.328125 0.678125 0.0265625 0.0296875
13 0.348828 0.673438 0.0242188 0.0265625
14 0.362891 0.444141 0.0148437 0.0351562
15 0.346094 0.504687 0.01875 0.0265625
15 0.374219 0.501953 0.015625 0.0242188
16 0.608203 0.511328 0.0539063 0.0539063
16 0.702344 0.533984 0.05 0.0523438
17 0.792188 0.557031 0.0453125 0.0390625
17 0.865234 0.548438 0.0601563 0.046875
