0 0.393359 0.515234 0.272656 0.824219
1 0.414062 0.251172 0.229687 0.296094
2 0.413672 0.321484 0.228906 0.155469
3 0.364844 0.321875 0.0421875 0.0328125
3 0.4625 0.325 0.05625 0.03125
4 0.416016 0.339844 0.0101563 0.0109375
5 0.411719 0.369141 0.025 0.0164063
6 0.315625 0.289062 0.03125 0.04375
6 0.514453 0.285938 0.0273438 0.084375
7 0.412109 0.216406 0.213281 0.226562
8 0.403906 0.405078 0.05 0.0226562
9 0.379688 0.527734 0.1125 0.233594
10 0.321875 0.549219 0.128125 0.279687
10 0.448828 0.544141 0.0726563 0.264844
11 0.285547 0.656641 0.0554687 0.0648438
11 0.458594 0.642969 0.053125 0.0671875
12 0.342969 0.778906 0.0765625 0.2875
12 0.392188 0.78125 0.0703125 0.292187
13 0.333203 0.891016 0.0570312 0.0632812
13 0.382031 0.895312 0.05 0.0625
14 0.392578 0.535937 0.0351562 0.178125
15 0.350781 0.623047 0.034375 0.0289063
15 0.4125 0.620703 0.0265625 0.0335937
16 0.236328 0.902344 0.0460938 0.0453125
16 0.184375 0.899609 0.0453125 0.0445313
17 0.508203 0.886719 0.0570312 0.0640625
17 0.569141 0.889062 0.0539063 0.0625
