0 0.457813 0.463281 0.482812 0.909375
1 0.503516 0.242578 0.363281 0.467969
2 0.503516 0.325 0.361719 0.303125
3 0.446484 0.196875 0.0507812 0.0375
3 0.546875 0.192578 0.05 0.0367188
4 0.462891 0.280859 0.0523438 0.0445313
5 0.460547 0.396094 0.0898438 0.075
6 0.657031 0.291406 0.053125 0.071875
6 0.339062 0.276172 0.0328125 0.114844
7 0.509766 0.137109 0.311719 0.255469
8 0.469141 0.481641 0.0539063 0.0242188
9 0.44375 0.565234 0.2 0.177344
10 0.294922 0.560937 0.157031 0.19375
10 0.618359 0.550781 0.160156 0.159375
11 0.646484 0.592187 0.103906 0.075
11 0.257422 0.633203 0.0820312 0.0492187
12 0.347266 0.768359 0.141406 0.249219
12 0.461719 0.776563 0.1 0.282813
13 0.332813 0.851562 0.1125 0.0828125
13 0.456641 0.869141 0.0898438 0.0976562
14 0.456641 0.560937 0.0257812 0.142187
15 0.360547 0.666797 0.0414062 0.0414062
15 0.499609 0.651563 0.0226562 0.0328125
16 0.714063 0.4 0.115625 0.08125
16 0.811328 0.407422 0.0960938 0.0789062
17 0.783203 0.242188 0.105469 0.104688
17 0.877734 0.248047 0.0882813 0.105469
