0 0.4375 0.435547 0.467187 0.653906
1 0.458203 0.230078 0.305469 0.253906
2 0.457813 0.280469 0.310937 0.15625
3 0.401953 0.222266 0.0195312 0.0210938
3 0.516406 0.215234 0.021875 0.0164063
4 0.453125 0.254688 0.01875 0.01875
5 0.455469 0.291797 0.0671875 0.0398437
6 0.338672 0.244141 0.0648438 0.0664062
6 0.574219 0.235156 0.071875 0.0640625
7 0.461719 0.148438 0.182812 0.078125
8 0.436328 0.358984 0.0710937 0.0429688
9 0.435547 0.455078 0.233594 0.183594
10 0.285156 0.443359 0.154688 0.153906
10 0.600391 0.435547 0.130469 0.133594
11 0.248047 0.479297 0.0742188 0.0835937
11 0.640234 0.455469 0.0539063 0.09375
12 0.306641 0.645703 0.196094 0.228906
12 0.529297 0.626172 0.249219 0.188281
13 0.288672 0.712891 0.172656 0.0945312
13 0.571875 0.669531 0.1625 0.104688
14 0.442188 0.467187 0.0484375 0.134375
15 0.501563 0.521875 0.053125 0.0515625
15 0.376953 0.523828 0.0601563 0.0460938
15 0.324219 0.564063 0.04375 0.05
15 0.533594 0.561719 0.0515625 0.046875
16 0.85 0.876953 0.109375 0.0820312
16 0.949219 0.882812 0.09375 0.084375
17 0.797656 0.669141 0.117188 0.0820312
17 0.933594 0.648438 0.114062 0.078125
