0 0.463672 0.45 0.339844 0.515625
1 0.437891 0.276562 0.174219 0.167187
2 0.438672 0.308594 0.174219 0.103125
3 0.411719 0.292969 0.0375 0.0375
3 0.467969 0.283984 0.0359375 0.0382813
4 0.439844 0.311719 0.0265625 0.0171875
5 0.447656 0.334766 0.0359375 0.0132812
6 0.366406 0.290625 0.028125 0.0375
6 0.511328 0.278906 0.0273438 0.0421875
7 0.442969 0.235547 0.146875 0.0835937
8 0.446875 0.361328 0.04375 0.0179687
9 0.462109 0.424609 0.105469 0.142969
10 0.353516 0.417187 0.117969 0.110937
10 0.560937 0.400781 0.125 0.1
11 0.319922 0.446094 0.0507812 0.053125
11 0.592969 0.426563 0.0640625 0.04375
12 0.458203 0.585156 0.0742188 0.240625
12 0.553516 0.566016 0.155469 0.213281
13 0.458594 0.680859 0.0765625 0.0492187
13 0.605859 0.641406 0.0507812 0.0578125
14 0.448828 0.418359 0.0117188 0.0164063
15 0.479297 0.403125 0.0335937 0.04375
16 0.76875 0.434375 0.06875 0.0703125
16 0.791016 0.480078 0.0679687 0.0585938
17 0.798047 0.560547 0.0867187 0.0882813
17 0.817187 0.686719 0.090625 0.0953125
