0 0.422656 0.520312 0.271875 0.540625
1 0.439063 0.343359 0.226562 0.185156
2 0.439453 0.378906 0.225781 0.1125
3 0.442188 0.35625 0.009375 0.009375
3 0.487109 0.349219 0.0132812 0.0109375
4 0.447266 0.385547 0.0273438 0.0210938
5 0.442188 0.407813 0.06875 0.034375
6 0.345703 0.353906 0.0382813 0.0421875
6 0.534375 0.348047 0.0359375 0.0382813
7 0.453516 0.296094 0.144531 0.090625
8 0.43125 0.447266 0.0453125 0.0460938
9 0.424219 0.541406 0.13125 0.196875
10 0.324219 0.521484 0.0734375 0.139844
10 0.523828 0.512109 0.0679687 0.138281
11 0.533594 0.559375 0.0484375 0.040625
11 0.321484 0.571484 0.0492187 0.0398437
12 0.374219 0.697266 0.0796875 0.141406
12 0.463672 0.691797 0.111719 0.194531
13 0.369141 0.7375 0.0664062 0.059375
13 0.466016 0.75 0.107031 0.0796875
14 0.428516 0.553906 0.0351562 0.028125
15 0.381641 0.640234 0.0351562 0.0398437
15 0.452734 0.650391 0.0335937 0.0335937
16 0.637891 0.659766 0.0554687 0.0351562
16 0.641406 0.694922 0.0703125 0.0304687
17 0.625391 0.7875 0.0507812 0.0390625
17 0.623828 0.834375 0.0570312 0.0453125
