0 0.525 0.433984 0.290625 0.567969
1 0.520312 0.240625 0.167187 0.171875
2 0.514844 0.274609 0.157812 0.108594
3 0.494141 0.232813 0.0195312 0.025
3 0.544922 0.235937 0.0257812 0.025
4 0.516016 0.255078 0.0335937 0.0273438
5 0.520312 0.294922 0.0421875 0.0304687
6 0.450391 0.265234 0.0273438 0.0304687
6 0.583594 0.264453 0.01875 0.0242188
7 0.521484 0.205078 0.163281 0.0992187
8 0.524219 0.339844 0.034375 0.0375
9 0.530469 0.43125 0.084375 0.15625
10 0.437109 0.435937 0.110156 0.164062
10 0.607031 0.430469 0.0984375 0.148438
11 0.416406 0.483984 0.0640625 0.0679687
11 0.622266 0.464844 0.0679687 0.078125
12 0.590234 0.601562 0.142969 0.21875
12 0.488281 0.609375 0.1125 0.217188
13 0.490625 0.689453 0.109375 0.0617188
13 0.6125 0.689844 0.10625 0.0515625
14 0.534766 0.442578 0.0429688 0.108594
15 0.506641 0.466797 0.0242188 0.0554687
15 0.559766 0.459766 0.0210938 0.0398437
16 0.773438 0.344531 0.0703125 0.121875
16 0.836328 0.330469 0.0664062 0.103125
17 0.777344 0.533594 0.0796875 0.1375
17 0.849219 0.507812 0.0703125 0.107813
