0 0.339453 0.498828 0.174219 0.297656
1 0.342187 0.413672 0.123438 0.125781
2 0.342187 0.437109 0.123438 0.0789062
3 0.322266 0.422656 0.0132812 0.01875
3 0.367188 0.423438 0.015625 0.015625
4 0.342969 0.435156 0.003125 0.003125
5 0.339844 0.455078 0.0265625 0.0226562
6 0.290625 0.419922 0.01875 0.0289063
6 0.396875 0.426172 0.0140625 0.0304687
7 0.344922 0.375 0.105469 0.05
8 0.344141 0.477344 0.0429688 0.01875
9 0.343359 0.523828 0.0648438 0.0929688
10 0.286328 0.532813 0.0648438 0.084375
10 0.4 0.527734 0.0515625 0.0882813
11 0.267969 0.560547 0.028125 0.0289063
11 0.411719 0.55625 0.028125 0.03125
12 0.317578 0.605078 0.0398437 0.0820312
12 0.355469 0.596875 0.0375 0.065625
13 0.309375 0.631641 0.0234375 0.0289063
13 0.363672 0.623828 0.0210938 0.0117188
14 0.342187 0.536328 0.0171875 0.0601563
15 0.319922 0.577734 0.0242188 0.0226562
15 0.362109 0.578125 0.0210938 0.015625
16 0.724219 0.248047 0.0640625 0.0414062
16 0.71875 0.318359 0.0515625 0.0507812
17 0.717187 0.461328 0.0453125 0.0320312
17 0.717969 0.508984 0.0578125 0.0320312
