0 0.431641 0.458984 0.242969 0.546094
1 0.425 0.288672 0.173437 0.177344
2 0.425 0.322266 0.173437 0.110156
3 0.462109 0.276953 0.0148437 0.0148437
3 0.379688 0.282031 0.0234375 0.0171875
4 0.430078 0.298438 0.0132812 0.021875
5 0.422656 0.336719 0.03125 0.0203125
6 0.348828 0.296094 0.0210938 0.046875
6 0.504297 0.283594 0.0148437 0.0328125
7 0.422266 0.239453 0.157031 0.103906
8 0.41875 0.380859 0.075 0.0335937
9 0.427734 0.466797 0.0789062 0.155469
10 0.349219 0.476562 0.078125 0.175
10 0.508594 0.459766 0.0890625 0.141406
11 0.339062 0.539844 0.0578125 0.05
11 0.523828 0.503906 0.0585938 0.053125
12 0.376563 0.674219 0.0640625 0.115625
12 0.440234 0.663672 0.0414062 0.0992187
13 0.367188 0.717187 0.046875 0.0296875
13 0.440234 0.697656 0.0414062 0.03125
14 0.425391 0.450391 0.0210938 0.107031
15 0.401562 0.555078 0.03125 0.0382813
15 0.444531 0.549609 0.0234375 0.0242188
16 0.663281 0.348828 0.104688 0.0632812
16 0.657422 0.426953 0.121094 0.0710937
17 0.649609 0.565625 0.0898438 0.0796875
17 0.675 0.628516 0.1125 0.0960938
