0 0.523828 0.501172 0.472656 0.769531
1 0.524219 0.303516 0.470313 0.371094
2 0.524609 0.382422 0.472656 0.214844
3 0.439063 0.303125 0.034375 0.0421875
3 0.604297 0.301172 0.0460938 0.0476562
4 0.527344 0.337109 0.034375 0.0523438
5 0.545312 0.389062 0.196875 0.065625
6 0.324609 0.344531 0.0710937 0.0953125
6 0.725781 0.328516 0.0671875 0.105469
7 0.523438 0.184766 0.34375 0.132031
8 0.529297 0.493359 0.0664062 0.0382813
9 0.536719 0.605469 0.114062 0.214062
10 0.457813 0.652734 0.096875 0.288281
10 0.647266 0.608203 0.132031 0.225781
11 0.458203 0.751172 0.0960938 0.0898438
11 0.667578 0.670312 0.0914062 0.101562
12 0.541797 0.777734 0.100781 0.214844
12 0.632422 0.764062 0.128906 0.192188
13 0.542578 0.844141 0.100781 0.0820312
13 0.647656 0.821484 0.096875 0.0757812
14 0.539062 0.596875 0.0546875 0.132812
15 0.511328 0.693359 0.0257812 0.0351562
15 0.581641 0.654687 0.0210938 0.0375
15 0.519141 0.723047 0.0195312 0.0335937
15 0.592578 0.683594 0.0257812 0.028125
16 0.261328 0.812109 0.0851563 0.0742188
16 0.352344 0.805469 0.0796875 0.06875
17 0.264453 0.898438 0.116406 0.0640625
17 0.384375 0.889453 0.104688 0.0601563
