0 0.555078 0.382422 0.241406 0.472656
1 0.557422 0.250781 0.236719 0.20625
2 0.557031 0.288672 0.2375 0.130469
3 0.525391 0.249609 0.0132812 0.0148437
3 0.590234 0.254688 0.0117188 0.0140625
4 0.548828 0.273438 0.0132812 0.0171875
5 0.536328 0.310156 0.0273438 0.021875
6 0.459375 0.24375 0.034375 0.0375
6 0.659375 0.267188 0.0328125 0.0390625
7 0.579297 0.187109 0.144531 0.0773438
8 0.5375 0.357422 0.0375 0.0226562
9 0.536328 0.448047 0.0789062 0.178906
10 0.470313 0.427734 0.06875 0.127344
10 0.615234 0.398047 0.0882813 0.0789062
11 0.451562 0.476562 0.0328125 0.028125
11 0.643359 0.421875 0.0320312 0.0296875
12 0.508203 0.570312 0.0585938 0.0890625
12 0.571484 0.551953 0.0476562 0.0773438
13 0.508203 0.591406 0.0585938 0.046875
13 0.573828 0.573828 0.0414062 0.0351562
14 0.535156 0.446875 0.03125 0.117188
15 0.514062 0.502344 0.01875 0.0203125
15 0.553125 0.492578 0.0171875 0.0210938
16 0.732422 0.624609 0.0742188 0.0460938
16 0.832422 0.629687 0.0742188 0.0453125
17 0.736719 0.555078 0.075 0.0492187
17 0.839453 0.565625 0.0773438 0.0546875
