0 0.507422 0.555078 0.341406 0.866406
1 0.507031 0.330078 0.340625 0.414844
2 0.507422 0.425781 0.339844 0.221875
3 0.482031 0.351562 0.034375 0.0421875
3 0.559766 0.35 0.0289063 0.0328125
4 0.505078 0.410547 0.0273438 0.0460938
5 0.4875 0.469531 0.0921875 0.0546875
6 0.364453 0.364453 0.0539063 0.0882813
6 0.650781 0.374609 0.0515625 0.119531
7 0.522266 0.215234 0.238281 0.185156
8 0.502344 0.566797 0.0734375 0.0742188
9 0.530078 0.697266 0.141406 0.228906
10 0.438672 0.719141 0.0648438 0.246094
10 0.616016 0.717187 0.0789062 0.228125
11 0.443359 0.818359 0.0539063 0.0460938
11 0.628516 0.805469 0.0554687 0.0515625
12 0.513672 0.951953 0.0414062 0.0710937
12 0.579297 0.941406 0.0492187 0.08125
13 0.513281 0.966016 0.040625 0.0429688
13 0.579297 0.955859 0.0492187 0.0539063
14 0.521094 0.687891 0.028125 0.0617188
15 0.493359 0.830078 0.0476562 0.0523438
15 0.578906 0.817969 0.028125 0.0515625
16 0.757812 0.892188 0.078125 0.09375
16 0.813672 0.898828 0.0570312 0.0601563
17 0.869141 0.950391 0.0992187 0.0742188
17 0.926953 0.887891 0.0648438 0.0726563
