0 0.44375 0.476562 0.323437 0.642188
1 0.483594 0.254688 0.196875 0.189062
2 0.482422 0.270313 0.192969 0.151562
3 0.460547 0.258984 0.0117188 0.0101563
3 0.490625 0.256641 0.0109375 0.0117188
4 0.470313 0.273828 0.025 0.0273438
5 0.470703 0.302734 0.0398437 0.0429688
6 0.410938 0.226953 0.0484375 0.0632812
6 0.557422 0.241797 0.0414062 0.0679687
7 0.482812 0.197266 0.120313 0.0726563
8 0.452734 0.36875 0.0632812 0.0671875
9 0.45625 0.483594 0.0703125 0.195312
10 0.364844 0.499219 0.154688 0.207813
10 0.541016 0.457422 0.125781 0.147656
11 0.553906 0.485547 0.101562 0.0867187
11 0.322656 0.565625 0.06875 0.0765625
12 0.38125 0.680469 0.126562 0.226562
12 0.50625 0.662109 0.125 0.196094
13 0.354297 0.7625 0.0664062 0.0546875
13 0.522656 0.732422 0.0890625 0.0601563
14 0.457422 0.488672 0.0382813 0.124219
15 0.383203 0.650781 0.0351562 0.0640625
15 0.494531 0.639062 0.034375 0.05
16 0.7125 0.654687 0.121875 0.0796875
16 0.863281 0.641406 0.126562 0.065625
17 0.677344 0.823438 0.1 0.090625
17 0.814063 0.814063 0.1 0.090625
