0 0.413672 0.486719 0.327344 0.78125
1 0.421875 0.187109 0.129688 0.182031
2 0.420703 0.215234 0.125781 0.125781
3 0.398828 0.179297 0.0304687 0.0242188
3 0.447656 0.189844 0.0296875 0.028125
4 0.418359 0.211328 0.0101563 0.0210938
5 0.417187 0.249609 0.0390625 0.0164063
6 0.367578 0.183594 0.0195312 0.05
6 0.474219 0.204687 0.0171875 0.0375
7 0.439844 0.120703 0.0921875 0.0460938
8 0.414844 0.280078 0.0515625 0.0351562
9 0.404687 0.433984 0.192188 0.289844
10 0.534766 0.458594 0.0835937 0.289062
10 0.2875 0.464844 0.075 0.31875
11 0.289062 0.603125 0.046875 0.040625
11 0.551953 0.582422 0.0492187 0.0414062
12 0.475 0.722266 0.128125 0.305469
12 0.360547 0.723047 0.110156 0.302344
13 0.497266 0.854297 0.0851563 0.0398437
13 0.339844 0.857031 0.0671875 0.034375
14 0.411719 0.459766 0.01875 0.196094
15 0.480469 0.582031 0.021875 0.021875
15 0.478906 0.674219 0.0296875 0.090625
15 0.320703 0.583984 0.0195312 0.0210938
16 0.758594 0.206641 0.084375 0.0570312
16 0.859375 0.212891 0.0859375 0.0664062
17 0.885547 0.4625 0.114844 0.084375
17 0.753516 0.463281 0.110156 0.0890625
