0 0.492969 0.452344 0.3125 0.745313
1 0.483594 0.191406 0.253125 0.221875
2 0.483594 0.226953 0.253125 0.150781
3 0.501172 0.173047 0.0492187 0.0429688
3 0.450781 0.178125 0.0421875 0.0390625
4 0.506641 0.221484 0.0335937 0.0304687
5 0.507812 0.255469 0.125 0.0734375
6 0.374219 0.191406 0.0328125 0.0296875
6 0.594922 0.187891 0.0304687 0.0367188
7 0.498828 0.130469 0.203906 0.101562
8 0.489063 0.330078 0.075 0.0742188
9 0.495312 0.46875 0.107813 0.240625
10 0.394531 0.338672 0.115625 0.125781
10 0.591406 0.347656 0.115625 0.10625
11 0.355078 0.301953 0.0367188 0.0523438
11 0.628516 0.323828 0.0398437 0.0585938
12 0.45625 0.696875 0.0765625 0.234375
12 0.532031 0.702344 0.0921875 0.245312
13 0.453906 0.7875 0.071875 0.053125
13 0.549609 0.787891 0.0570312 0.0742188
14 0.492969 0.433203 0.0140625 0.0976562
15 0.463281 0.597656 0.028125 0.0296875
15 0.533594 0.604688 0.0296875 0.05
16 0.65625 0.781641 0.06875 0.0523438
16 0.736719 0.771484 0.0609375 0.0476562
17 0.676172 0.680078 0.132031 0.0679687
17 0.854688 0.664844 0.134375 0.0640625
