0 0.463281 0.508984 0.68125 0.738281
1 0.441797 0.225781 0.171094 0.15625
2 0.441797 0.257031 0.171094 0.096875
3 0.411328 0.233203 0.0523438 0.0257812
3 0.469141 0.232813 0.0414062 0.0265625
4 0.437891 0.252344 0.0179687 0.025
5 0.433984 0.28125 0.0429688 0.028125
6 0.377344 0.246094 0.0375 0.04375
6 0.505078 0.234375 0.0382813 0.0453125
7 0.438672 0.187891 0.125781 0.0757812
8 0.445312 0.313281 0.03125 0.04375
9 0.470703 0.485938 0.427344 0.3125
10 0.251172 0.467969 0.249219 0.225
10 0.670312 0.471094 0.2625 0.20625
11 0.183594 0.535547 0.104688 0.0867187
11 0.747656 0.535156 0.103125 0.075
12 0.5875 0.754687 0.123438 0.24375
12 0.419531 0.731641 0.14375 0.232031
13 0.416406 0.805859 0.146875 0.0757812
13 0.586719 0.832422 0.11875 0.0789062
14 0.457031 0.489844 0.028125 0.107813
15 0.545312 0.567187 0.0609375 0.0578125
16 0.176172 0.657813 0.127344 0.090625
16 0.190625 0.758984 0.117188 0.0835937
17 0.791016 0.648438 0.116406 0.09375
17 0.789844 0.772266 0.11875 0.111719
