0 0.524609 0.433984 0.441406 0.827344
1 0.556641 0.200391 0.369531 0.360156
2 0.557031 0.235547 0.367188 0.292969
3 0.498437 0.166797 0.0359375 0.0195312
3 0.617578 0.166406 0.0367188 0.0234375
4 0.553906 0.225 0.0140625 0.0375
5 0.548047 0.276953 0.0851563 0.0226562
6 0.402734 0.164844 0.0632812 0.071875
6 0.692187 0.134375 0.09375 0.090625
7 0.540234 0.0890625 0.238281 0.129688
8 0.582422 0.398047 0.0492187 0.0679687
9 0.582422 0.518359 0.117969 0.200781
10 0.686719 0.557422 0.110937 0.216406
10 0.432422 0.397266 0.239844 0.169531
11 0.335547 0.341797 0.0429688 0.0554687
11 0.721484 0.646094 0.0445313 0.0390625
12 0.537891 0.764844 0.0648438 0.160938
12 0.618359 0.7625 0.0601563 0.160938
13 0.5375 0.815234 0.0640625 0.0617188
13 0.618359 0.808984 0.0617188 0.0679687
14 0.585938 0.502344 0.0265625 0.084375
15 0.555078 0.548828 0.0273438 0.0304687
15 0.616797 0.569531 0.0289063 0.0375
16 0.163281 0.543359 0.134375 0.100781
16 0.336719 0.523438 0.117188 0.090625
17 0.173828 0.726562 0.135156 0.109375
17 0.342969 0.689453 0.126562 0.100781
