0 0.441797 0.421875 0.255469 0.70625
1 0.435547 0.1875 0.232031 0.235937
2 0.435156 0.242188 0.23125 0.126562
3 0.395313 0.1875 0.04375 0.0140625
3 0.478516 0.185938 0.0476562 0.015625
4 0.435547 0.221094 0.0148437 0.0140625
5 0.441406 0.257812 0.0703125 0.028125
6 0.332422 0.217969 0.0242188 0.01875
6 0.540234 0.207422 0.0210938 0.0210938
7 0.437109 0.148047 0.246094 0.157031
8 0.450781 0.321875 0.0375 0.0390625
9 0.456641 0.423828 0.142969 0.191406
10 0.364063 0.45 0.0484375 0.201563
10 0.546875 0.430859 0.0453125 0.174219
11 0.362109 0.532031 0.0429688 0.0375
11 0.549609 0.502734 0.0398437 0.0304687
12 0.438672 0.642969 0.0757812 0.2625
12 0.504297 0.640234 0.0742188 0.258594
13 0.441016 0.762891 0.0367188 0.0210938
13 0.501172 0.757031 0.0304687 0.0234375
14 0.456641 0.428125 0.0179687 0.0703125
14 0.463281 0.525781 0.0140625 0.0140625
15 0.428906 0.551172 0.028125 0.0273438
15 0.498047 0.548047 0.0273438 0.0289063
16 0.669922 0.751172 0.0914062 0.0429688
16 0.763281 0.748828 0.0671875 0.0492187
17 0.783594 0.658984 0.071875 0.0476562
17 0.659766 0.667969 0.0851563 0.0484375
