0 0.450781 0.519141 0.325 0.639844
1 0.445312 0.332422 0.3125 0.266406
2 0.444922 0.399609 0.313281 0.130469
3 0.378125 0.4 0.0265625 0.0515625
3 0.500391 0.380859 0.0257812 0.0585938
4 0.438281 0.390234 0.015625 0.0257812
5 0.437109 0.417578 0.0367188 0.0132812
6 0.297656 0.353906 0.0171875 0.021875
6 0.592969 0.346094 0.015625 0.021875
7 0.444922 0.319922 0.289844 0.241406
8 0.450781 0.471875 0.075 0.034375
9 0.465234 0.567578 0.141406 0.191406
10 0.376563 0.566016 0.109375 0.158594
10 0.564453 0.552344 0.0976562 0.139063
11 0.346875 0.626172 0.0421875 0.0382813
11 0.596094 0.604297 0.034375 0.0351562
12 0.410547 0.735156 0.0976562 0.165625
12 0.5125 0.747266 0.1125 0.182031
13 0.377344 0.8 0.03125 0.0359375
13 0.546094 0.823438 0.03125 0.0296875
14 0.469531 0.58125 0.03125 0.08125
15 0.519531 0.641016 0.0234375 0.0382813
15 0.406641 0.640625 0.0195312 0.0296875
16 0.741797 0.770312 0.0570312 0.0375
16 0.819141 0.775 0.0460938 0.034375
17 0.614062 0.784766 0.034375 0.0335937
17 0.659766 0.777344 0.0367188 0.03125
