0 0.542578 0.344922 0.152344 0.250781
1 0.530469 0.278125 0.128125 0.09375
2 0.530469 0.295312 0.128125 0.059375
3 0.508984 0.283984 0.0101563 0.0117188
3 0.551953 0.283203 0.0117188 0.0117188
4 0.529687 0.298047 0.003125 0.00703125
5 0.544141 0.308203 0.0554687 0.0195312
6 0.588281 0.276953 0.0125 0.0210938
6 0.473828 0.282813 0.0132812 0.021875
7 0.539062 0.242969 0.0890625 0.046875
8 0.541406 0.330859 0.0328125 0.0179687
9 0.539844 0.389844 0.071875 0.101562
10 0.488281 0.387109 0.0375 0.0507812
10 0.595313 0.384375 0.046875 0.046875
11 0.484375 0.401172 0.0296875 0.0226562
11 0.604688 0.390625 0.028125 0.034375
12 0.527344 0.447266 0.03125 0.0445313
12 0.557813 0.447656 0.028125 0.046875
13 0.523828 0.461328 0.0242188 0.0164063
13 0.557813 0.464062 0.028125 0.0125
14 0.545703 0.383203 0.0226562 0.0507812
15 0.550781 0.422266 0.015625 0.0148437
15 0.526563 0.421484 0.01875 0.0179687
16 0.666797 0.446094 0.0429688 0.028125
16 0.732031 0.446094 0.040625 0.03125
17 0.807422 0.444141 0.0414062 0.0367188
17 0.858984 0.446875 0.0335937 0.03125
