0 0.423828 0.469531 0.342969 0.767188
1 0.428906 0.175391 0.210938 0.177344
2 0.429688 0.213672 0.210938 0.0992187
3 0.378125 0.171484 0.0375 0.0148437
3 0.463281 0.176953 0.034375 0.0179687
4 0.420312 0.195703 0.01875 0.0226562
5 0.414844 0.241016 0.0265625 0.0257812
6 0.334766 0.186328 0.0226562 0.0429688
6 0.522266 0.203516 0.0242188 0.0460938
7 0.428516 0.123438 0.171094 0.075
8 0.425391 0.280078 0.0773438 0.0382813
9 0.427344 0.444141 0.18125 0.264844
10 0.305859 0.473438 0.103906 0.325
10 0.546484 0.461719 0.0945312 0.304688
11 0.296484 0.608984 0.0851563 0.0539063
11 0.540234 0.59375 0.0820312 0.040625
12 0.348047 0.709375 0.135156 0.285938
12 0.486328 0.70625 0.150781 0.28125
13 0.332813 0.824609 0.104688 0.0554687
13 0.513281 0.820703 0.096875 0.0523438
14 0.418359 0.462109 0.0257812 0.136719
15 0.360938 0.600781 0.0515625 0.0640625
15 0.477344 0.594922 0.046875 0.0539063
16 0.757812 0.319922 0.06875 0.0664062
16 0.828125 0.320312 0.0421875 0.0578125
17 0.733984 0.439844 0.0632812 0.05
17 0.791797 0.444922 0.0460938 0.0445313
