0 0.465234 0.58125 0.413281 0.590625
1 0.491016 0.372266 0.175781 0.169531
2 0.491016 0.392578 0.175781 0.127344
3 0.472656 0.362891 0.0078125 0.0101563
3 0.514844 0.370703 0.009375 0.00703125
4 0.491406 0.389844 0.00625 0.0140625
5 0.489453 0.4125 0.0351562 0.025
6 0.417969 0.367188 0.028125 0.053125
6 0.562109 0.382031 0.0304687 0.04375
7 0.501563 0.307812 0.125 0.0421875
8 0.472656 0.4625 0.0296875 0.0265625
9 0.460547 0.562891 0.121094 0.196094
10 0.344141 0.591797 0.167969 0.235156
10 0.591797 0.599219 0.155469 0.245312
11 0.317578 0.684766 0.114844 0.0507812
11 0.628125 0.685937 0.084375 0.071875
12 0.388672 0.783594 0.0742188 0.159375
12 0.485938 0.794922 0.0578125 0.161719
13 0.382422 0.837109 0.0585938 0.0523438
13 0.487109 0.848437 0.0539063 0.053125
14 0.475781 0.521484 0.0203125 0.0929688
15 0.419531 0.663281 0.0421875 0.040625
15 0.485156 0.673828 0.040625 0.0429688
16 0.745313 0.830859 0.0875 0.0632812
16 0.75 0.896094 0.0796875 0.0625
17 0.739062 0.694922 0.09375 0.0445313
17 0.736328 0.749219 0.0867187 0.0546875
