0 0.441797 0.323828 0.274219 0.499219
1 0.451953 0.144922 0.160156 0.139844
2 0.451953 0.160156 0.160156 0.110937
3 0.413672 0.145703 0.0117188 0.0132812
3 0.480859 0.141406 0.0132812 0.0125
4 0.447266 0.157031 0.00390625 0.0125
5 0.448437 0.183594 0.0328125 0.0234375
6 0.380469 0.132812 0.015625 0.0296875
6 0.522656 0.121875 0.0171875 0.034375
7 0.454297 0.0972656 0.114844 0.0445313
8 0.453906 0.21875 0.0296875 0.0234375
9 0.451953 0.298438 0.0742188 0.154688
10 0.362109 0.314063 0.113281 0.160938
10 0.527734 0.295312 0.100781 0.14375
11 0.325391 0.380078 0.0398437 0.0289063
11 0.560156 0.350781 0.0359375 0.0328125
12 0.403906 0.516406 0.0546875 0.107813
12 0.50625 0.515234 0.0453125 0.114844
13 0.401172 0.557031 0.0492187 0.0265625
13 0.505859 0.557813 0.0445313 0.0296875
14 0.450781 0.298438 0.01875 0.090625
15 0.430078 0.383203 0.0304687 0.0257812
15 0.485938 0.383984 0.028125 0.0210938
16 0.605078 0.478906 0.0773438 0.053125
16 0.628906 0.517578 0.0640625 0.0539063
17 0.671484 0.586719 0.0960938 0.053125
17 0.800781 0.603906 0.10625 0.0484375
