0 0.427344 0.459766 0.290625 0.861719
1 0.435937 0.16875 0.273438 0.278125
2 0.435937 0.232422 0.273438 0.150781
3 0.483594 0.189062 0.0546875 0.0296875
3 0.383594 0.183594 0.053125 0.0296875
4 0.433203 0.219141 0.0148437 0.0195312
5 0.428516 0.269141 0.0351562 0.0351562
6 0.558594 0.190234 0.028125 0.0320312
6 0.311328 0.171484 0.0226562 0.0289063
7 0.441406 0.100391 0.229687 0.139844
8 0.426563 0.3125 0.0453125 0.0265625
9 0.412109 0.443359 0.122656 0.244531
10 0.504297 0.461719 0.0632812 0.276562
10 0.327344 0.457422 0.0875 0.255469
11 0.505859 0.576953 0.0601563 0.0460938
11 0.311719 0.559766 0.05625 0.0507812
12 0.423047 0.723437 0.0726563 0.334375
12 0.339453 0.705469 0.114844 0.314063
13 0.418359 0.858203 0.0429688 0.0648438
13 0.316016 0.834375 0.0523438 0.05625
14 0.423828 0.358984 0.0273438 0.0476562
15 0.437891 0.571094 0.0351562 0.021875
15 0.361328 0.567578 0.0289063 0.0226562
16 0.7625 0.149219 0.05625 0.0484375
16 0.789062 0.191797 0.0609375 0.0492187
17 0.802734 0.327344 0.0523438 0.04375
17 0.801172 0.371484 0.0414062 0.0414062
