0 0.497266 0.450781 0.467969 0.8125
1 0.529297 0.158594 0.257031 0.223438
2 0.528125 0.196484 0.257812 0.147656
3 0.494141 0.151562 0.0460938 0.0265625
3 0.571094 0.141797 0.05 0.0226562
4 0.532422 0.169141 0.0429688 0.0664062
5 0.535937 0.226562 0.05 0.0171875
6 0.423438 0.169141 0.0453125 0.0789062
6 0.633984 0.161328 0.0492187 0.0726563
7 0.526563 0.132812 0.373437 0.175
8 0.526172 0.291016 0.0726563 0.0679687
9 0.504297 0.457031 0.219531 0.295312
10 0.373047 0.467578 0.205469 0.313281
10 0.666797 0.457813 0.122656 0.28125
11 0.328516 0.606641 0.0710937 0.0351562
11 0.68125 0.582812 0.09375 0.03125
12 0.451953 0.719922 0.146094 0.274219
12 0.582422 0.707422 0.146094 0.258594
13 0.451562 0.827734 0.145313 0.0601563
13 0.58125 0.805469 0.145313 0.0640625
14 0.508984 0.473438 0.0289063 0.11875
15 0.432812 0.574609 0.05 0.0601563
15 0.585938 0.558594 0.04375 0.0609375
16 0.771094 0.847266 0.1 0.0882813
16 0.889844 0.852734 0.0890625 0.103906
17 0.798047 0.696094 0.108594 0.0859375
17 0.888672 0.691406 0.0945312 0.0703125
