0 0.507031 0.387891 0.290625 0.416406
1 0.467187 0.240234 0.14375 0.121094
2 0.466797 0.264062 0.142969 0.0734375
3 0.448437 0.258594 0.0109375 0.015625
3 0.485547 0.254297 0.0117188 0.0132812
4 0.476953 0.272266 0.0179687 0.0164063
5 0.475781 0.285156 0.034375 0.0140625
6 0.411719 0.255469 0.03125 0.0375
6 0.522656 0.247266 0.0296875 0.0398437
7 0.471094 0.208203 0.09375 0.0570312
8 0.477734 0.309766 0.0289063 0.0335937
9 0.497266 0.392578 0.0992187 0.144531
10 0.407813 0.413281 0.0921875 0.160938
10 0.590234 0.383594 0.124219 0.1125
11 0.386719 0.476562 0.034375 0.034375
11 0.639062 0.423047 0.0234375 0.0351562
12 0.49375 0.522656 0.0609375 0.146875
12 0.541797 0.508594 0.0617188 0.13125
13 0.509766 0.578125 0.0289063 0.034375
13 0.554297 0.552344 0.0351562 0.04375
14 0.488281 0.367969 0.0296875 0.075
15 0.519141 0.423438 0.0367188 0.046875
16 0.378906 0.652344 0.109375 0.0625
16 0.398047 0.7125 0.135156 0.0703125
17 0.7 0.661328 0.084375 0.0492187
17 0.715234 0.722266 0.0898438 0.0398437
