0 0.55625 0.549609 0.557813 0.900781
1 0.485938 0.242578 0.2125 0.277344
2 0.486719 0.29375 0.209375 0.178125
3 0.441797 0.266016 0.0429688 0.0289063
3 0.526172 0.255078 0.0492187 0.0367188
4 0.482031 0.26875 0.015625 0.0703125
5 0.490625 0.329688 0.05 0.028125
6 0.576172 0.239453 0.0320312 0.0648438
6 0.400781 0.294141 0.0390625 0.0460938
7 0.485938 0.196484 0.214062 0.186719
8 0.51875 0.388281 0.05625 0.084375
9 0.522266 0.545312 0.158594 0.232813
10 0.362109 0.595703 0.171094 0.297656
10 0.712109 0.509766 0.235156 0.133594
11 0.312109 0.709375 0.0648438 0.0640625
11 0.799609 0.539844 0.0570312 0.065625
12 0.605859 0.824219 0.183594 0.351562
12 0.435547 0.823828 0.163281 0.352344
13 0.410938 0.970313 0.107813 0.0578125
13 0.631641 0.967578 0.125781 0.0585938
14 0.516016 0.502734 0.0210938 0.0585938
15 0.558203 0.619531 0.0429688 0.046875
16 0.882422 0.487891 0.0851563 0.160156
16 0.959375 0.476562 0.08125 0.15625
17 0.779687 0.355078 0.145313 0.0742188
17 0.927344 0.341797 0.14375 0.0523438
