0 0.480859 0.366016 0.207031 0.380469
1 0.45 0.245312 0.145313 0.139063
2 0.45 0.267578 0.145313 0.0945312
3 0.424609 0.248828 0.0179687 0.0273438
3 0.460938 0.249219 0.025 0.028125
4 0.444141 0.269922 0.0195312 0.0179687
5 0.444141 0.285547 0.0445313 0.0304687
6 0.391797 0.262109 0.0289063 0.0476562
6 0.511328 0.24375 0.0242188 0.046875
7 0.444141 0.207031 0.0867187 0.0625
8 0.457422 0.310156 0.0242188 0.0265625
9 0.483203 0.375781 0.0945312 0.146875
10 0.421484 0.388281 0.0351562 0.13125
10 0.545703 0.351562 0.0773438 0.0953125
11 0.567578 0.382422 0.0335937 0.0335937
11 0.425781 0.439063 0.028125 0.0296875
12 0.500781 0.480469 0.075 0.15
12 0.540625 0.462891 0.0796875 0.116406
13 0.512891 0.530078 0.0476562 0.0507812
13 0.557422 0.494922 0.0476562 0.0523438
14 0.475 0.373828 0.0453125 0.0664062
15 0.480469 0.449609 0.0234375 0.0351562
15 0.525 0.421094 0.025 0.034375
16 0.636719 0.430078 0.0453125 0.0617188
16 0.681641 0.408594 0.0414062 0.0640625
17 0.310156 0.526172 0.040625 0.0570312
17 0.349609 0.514062 0.0335937 0.059375
