0 0.452344 0.44375 0.309375 0.470313
1 0.454297 0.259375 0.100781 0.101562
2 0.454297 0.275 0.100781 0.0703125
3 0.433984 0.261719 0.0164063 0.01875
3 0.466797 0.269141 0.0132812 0.0179687
4 0.450781 0.278516 0.0109375 0.0132812
5 0.452344 0.289844 0.0296875 0.0046875
6 0.410938 0.254297 0.0140625 0.0289063
6 0.495703 0.262891 0.0179687 0.0242188
7 0.451172 0.229297 0.0695313 0.0414062
8 0.457031 0.317969 0.0203125 0.025
9 0.451953 0.407031 0.117969 0.167187
10 0.357031 0.388672 0.11875 0.130469
10 0.555078 0.415234 0.103906 0.169531
11 0.326953 0.430859 0.0585938 0.0460938
11 0.585547 0.475781 0.0429688 0.0484375
12 0.403125 0.576953 0.0953125 0.203906
12 0.479297 0.571875 0.0570312 0.190625
13 0.373828 0.664844 0.0367188 0.028125
13 0.489063 0.653516 0.0375 0.0273438
14 0.455469 0.400391 0.028125 0.107031
15 0.393359 0.511328 0.0242188 0.0289063
15 0.485156 0.509766 0.0234375 0.0226562
16 0.0871094 0.584766 0.107031 0.0976562
16 0.241406 0.560547 0.1125 0.108594
17 0.113281 0.481641 0.08125 0.0960938
17 0.249219 0.473828 0.0609375 0.0929688
