0 0.507031 0.267969 0.257812 0.35
1 0.507812 0.1625 0.257812 0.140625
2 0.507422 0.19375 0.257031 0.078125
3 0.446875 0.1875 0.034375 0.0109375
3 0.577734 0.183203 0.0304687 0.00703125
4 0.503906 0.184766 0.0125 0.0210938
5 0.504297 0.209375 0.0320312 0.0171875
6 0.61875 0.174609 0.034375 0.0398437
6 0.398828 0.1875 0.0398437 0.0421875
7 0.50625 0.138672 0.217188 0.0914062
8 0.519141 0.233594 0.0273438 0.0140625
9 0.526563 0.265234 0.04375 0.0679687
10 0.558594 0.272266 0.0328125 0.0820312
10 0.49375 0.280859 0.028125 0.0851563
11 0.49375 0.314063 0.015625 0.01875
11 0.567187 0.304688 0.0171875 0.015625
12 0.562109 0.357422 0.0585938 0.141406
12 0.526953 0.364844 0.0398437 0.15625
13 0.577344 0.414062 0.028125 0.028125
13 0.532031 0.426953 0.0296875 0.0304687
14 0.527344 0.254297 0.009375 0.0117188
15 0.541797 0.301172 0.0195312 0.0226562
15 0.518359 0.305859 0.0148437 0.0195312
16 0.419531 0.5625 0.125 0.059375
16 0.233984 0.575391 0.122656 0.0804688
17 0.823438 0.605469 0.129688 0.09375
17 0.633984 0.573828 0.136719 0.0882813
