0 0.466797 0.302344 0.157031 0.335938
1 0.459375 0.215625 0.1375 0.1625
2 0.459375 0.24375 0.1375 0.10625
3 0.426953 0.203906 0.0195312 0.0265625
3 0.479687 0.212109 0.0140625 0.0117188
4 0.463672 0.232422 0.0382813 0.0242188
5 0.464844 0.260547 0.0609375 0.0304687
6 0.4 0.234766 0.01875 0.0351562
6 0.518359 0.232031 0.0195312 0.034375
7 0.455078 0.183203 0.133594 0.0976562
8 0.464062 0.301953 0.0171875 0.0304687
9 0.457422 0.354687 0.0976562 0.0796875
10 0.421094 0.345313 0.065625 0.059375
10 0.507422 0.346094 0.0757812 0.0765625
11 0.525391 0.362109 0.0398437 0.0445313
11 0.407031 0.359766 0.0375 0.0304687
12 0.433594 0.423438 0.0328125 0.084375
12 0.481641 0.426172 0.0320312 0.0882813
13 0.432812 0.453125 0.03125 0.025
13 0.481641 0.457422 0.0320312 0.0257812
14 0.4625 0.349219 0.0171875 0.053125
15 0.434375 0.365625 0.015625 0.015625
15 0.488281 0.374219 0.0234375 0.021875
16 0.672266 0.417187 0.0648438 0.0609375
16 0.801172 0.410938 0.0664062 0.0578125
17 0.675 0.560156 0.0828125 0.05
17 0.84375 0.550391 0.078125 0.0507812
