0 0.514062 0.468359 0.289062 0.583594
1 0.501172 0.254297 0.211719 0.157031
2 0.501563 0.260937 0.210938 0.142187
3 0.484375 0.242188 0.0265625 0.021875
3 0.521094 0.244531 0.0265625 0.0234375
4 0.496484 0.276172 0.0289063 0.0179687
5 0.478516 0.308594 0.0617188 0.0265625
6 0.575 0.249609 0.0625 0.0976562
6 0.423047 0.248828 0.0539063 0.117969
7 0.511719 0.203906 0.135937 0.05625
8 0.470703 0.352344 0.0367188 0.05
9 0.483984 0.451953 0.116406 0.188281
10 0.407422 0.513281 0.0757812 0.21875
10 0.598047 0.466406 0.121094 0.175
11 0.616797 0.511328 0.0820312 0.0835937
11 0.40625 0.599609 0.0671875 0.0460938
12 0.470703 0.646094 0.0742188 0.228125
12 0.550781 0.632031 0.110937 0.209375
13 0.470703 0.723047 0.0742188 0.0742188
13 0.565625 0.705469 0.08125 0.0625
14 0.485156 0.454297 0.0640625 0.125781
15 0.446875 0.516016 0.0234375 0.0445313
15 0.530859 0.500391 0.0164063 0.0398437
16 0.802344 0.196094 0.0421875 0.120313
16 0.876563 0.183594 0.046875 0.126562
17 0.814063 0.317188 0.090625 0.0671875
17 0.936719 0.302344 0.084375 0.06875
