0 0.413672 0.498047 0.530469 0.691406
1 0.445312 0.291016 0.335938 0.275781
2 0.445703 0.341797 0.335156 0.174219
3 0.364063 0.287109 0.009375 0.0117188
3 0.520312 0.298047 0.0125 0.0117188
4 0.446875 0.331641 0.009375 0.0382813
5 0.439453 0.375391 0.0664062 0.0335937
6 0.299219 0.285938 0.040625 0.0609375
6 0.589063 0.292187 0.046875 0.0515625
7 0.441797 0.208203 0.252344 0.110156
8 0.444531 0.434375 0.11875 0.06875
9 0.416016 0.561719 0.272656 0.235937
10 0.226172 0.538672 0.152344 0.188281
10 0.610547 0.554688 0.135156 0.171875
11 0.189062 0.588672 0.078125 0.0882813
11 0.6375 0.6 0.08125 0.08125
12 0.305469 0.750781 0.10625 0.184375
12 0.517578 0.755859 0.0835937 0.169531
13 0.285938 0.816016 0.0671875 0.0539063
13 0.527344 0.811719 0.0640625 0.0578125
14 0.422656 0.533594 0.0359375 0.104688
15 0.317578 0.698828 0.0429688 0.0257812
15 0.501953 0.70625 0.0335937 0.0296875
16 0.865625 0.79375 0.0640625 0.0609375
16 0.913281 0.835938 0.053125 0.053125
17 0.880859 0.685937 0.0445313 0.0671875
17 0.780469 0.643359 0.0703125 0.0882813
