0 0.45 0.278516 0.134375 0.239844
1 0.453516 0.192969 0.114844 0.0703125
2 0.453125 0.201953 0.114062 0.0523438
3 0.430859 0.19375 0.0164063 0.0125
3 0.466016 0.191406 0.0132812 0.0109375
4 0.453125 0.200391 0.01875 0.0164063
5 0.453516 0.2125 0.0382813 0.01875
6 0.496484 0.191016 0.0289063 0.0242188
6 0.408984 0.192969 0.0257812 0.0328125
7 0.446484 0.174609 0.0585938 0.0320312
8 0.447656 0.228125 0.034375 0.015625
9 0.451562 0.271875 0.0296875 0.08125
10 0.410938 0.260937 0.053125 0.0609375
10 0.485938 0.254297 0.0515625 0.0476562
11 0.400781 0.275781 0.034375 0.03125
11 0.498828 0.263281 0.0257812 0.028125
12 0.45625 0.344531 0.046875 0.10625
12 0.491797 0.336719 0.0507812 0.09375
13 0.455859 0.377734 0.0460938 0.0398437
13 0.496484 0.358594 0.0398437 0.0484375
14 0.448047 0.273828 0.0164063 0.0460938
15 0.443359 0.299609 0.0148437 0.0257812
15 0.458984 0.285938 0.0117188 0.015625
16 0.705469 0.287891 0.0546875 0.0382813
16 0.772266 0.286328 0.0585938 0.0335937
17 0.232422 0.394922 0.0554687 0.0492187
17 0.296484 0.385937 0.0476562 0.0390625
