0 0.41875 0.550391 0.41875 0.828906
1 0.41875 0.308594 0.41875 0.346875
2 0.418359 0.389844 0.417969 0.184375
3 0.329688 0.344531 0.05 0.053125
3 0.457422 0.349609 0.0710937 0.0585938
4 0.380469 0.371875 0.0203125 0.03125
5 0.390625 0.422266 0.0640625 0.0523438
6 0.222266 0.325781 0.0273438 0.05625
6 0.603516 0.366016 0.0476562 0.0492187
7 0.423047 0.242969 0.386719 0.217188
8 0.417969 0.496875 0.0953125 0.0546875
9 0.414453 0.609375 0.228906 0.19375
10 0.269531 0.623828 0.0609375 0.180469
10 0.559766 0.616016 0.0664062 0.205469
11 0.258203 0.695312 0.0398437 0.0359375
11 0.570703 0.699609 0.0445313 0.0382813
12 0.459766 0.825 0.0976562 0.259375
12 0.361719 0.830078 0.096875 0.267969
13 0.4875 0.935547 0.0421875 0.0398437
13 0.355078 0.938672 0.0398437 0.0507812
14 0.417969 0.598828 0.0234375 0.0960938
15 0.487109 0.681641 0.0585938 0.0507812
16 0.771875 0.619922 0.075 0.0617188
16 0.890625 0.619922 0.071875 0.0570312
17 0.755859 0.739453 0.0914062 0.0429688
17 0.848437 0.752344 0.0875 0.0453125
