0 0.496094 0.523047 0.485938 0.769531
1 0.501563 0.312109 0.315625 0.347656
2 0.501563 0.397266 0.315625 0.177344
3 0.436328 0.383984 0.0554687 0.0304687
3 0.581641 0.388281 0.0492187 0.021875
4 0.511719 0.403125 0.015625 0.025
5 0.510547 0.448047 0.0664062 0.0257812
6 0.351172 0.330078 0.0148437 0.0367188
6 0.649609 0.341016 0.0195312 0.0351562
7 0.5 0.248438 0.296875 0.220312
8 0.494141 0.491406 0.0523438 0.028125
9 0.493359 0.580078 0.113281 0.171094
10 0.345313 0.494531 0.184375 0.165625
10 0.640625 0.514844 0.195312 0.084375
11 0.726562 0.492578 0.0234375 0.0398437
11 0.272266 0.427734 0.0382813 0.0320312
12 0.462891 0.780859 0.0835937 0.252344
12 0.545703 0.7625 0.0820312 0.214062
13 0.5625 0.849609 0.0484375 0.0382813
13 0.441797 0.895703 0.0414062 0.0226562
14 0.492969 0.548438 0.0203125 0.0328125
15 0.469141 0.678125 0.0273438 0.0359375
15 0.535937 0.676953 0.028125 0.0351562
16 0.690234 0.823438 0.0679687 0.0796875
16 0.776953 0.821484 0.0585938 0.0585938
17 0.883984 0.816797 0.0789062 0.0554687
17 0.9625 0.813672 0.059375 0.0554687
