0 0.447656 0.449609 0.507812 0.416406
1 0.436719 0.325 0.214062 0.167187
2 0.436719 0.345313 0.214062 0.126562
3 0.402734 0.3 0.0351562 0.0359375
3 0.470313 0.302344 0.0359375 0.034375
4 0.439063 0.333594 0.0296875 0.0265625
5 0.442188 0.353125 0.084375 0.0421875
6 0.346094 0.346094 0.0328125 0.071875
6 0.522656 0.323437 0.0421875 0.0671875
7 0.433203 0.264844 0.114844 0.0453125
8 0.437109 0.41875 0.0476562 0.034375
9 0.437891 0.489453 0.103906 0.121094
10 0.594141 0.415625 0.214844 0.182812
10 0.293359 0.407422 0.199219 0.178906
11 0.236719 0.382422 0.0859375 0.128906
11 0.635938 0.363672 0.13125 0.0804688
12 0.426172 0.599219 0.0726563 0.115625
12 0.485547 0.597266 0.0664062 0.116406
13 0.485938 0.624219 0.065625 0.0625
13 0.426172 0.630859 0.0726563 0.0523438
14 0.445703 0.487109 0.0335937 0.0851563
15 0.410547 0.526563 0.0289063 0.0390625
16 0.775781 0.1625 0.0875 0.1125
16 0.875391 0.141797 0.0757812 0.132031
17 0.957422 0.113672 0.0367188 0.0820312
17 0.987891 0.110156 0.0242188 0.0703125
