0 0.489844 0.469922 0.43125 0.872656
1 0.475781 0.20625 0.389062 0.342187
2 0.471875 0.296875 0.382812 0.157812
3 0.398828 0.252734 0.0726563 0.0523438
3 0.517578 0.2625 0.0617188 0.040625
4 0.463281 0.292969 0.03125 0.0296875
5 0.463281 0.337891 0.0875 0.0398437
6 0.301563 0.259375 0.0375 0.071875
6 0.632031 0.257422 0.0625 0.0851563
7 0.468359 0.141406 0.310156 0.2125
8 0.467969 0.387891 0.0546875 0.0445313
9 0.498047 0.510547 0.182031 0.233594
10 0.364063 0.533984 0.129688 0.224219
10 0.630859 0.528906 0.147656 0.195312
11 0.325781 0.631641 0.0421875 0.0320312
11 0.680859 0.607422 0.0445313 0.0429688
12 0.569141 0.750391 0.130469 0.300781
12 0.471875 0.752344 0.084375 0.271875
13 0.476172 0.863281 0.0726563 0.0546875
13 0.596484 0.866016 0.0757812 0.0710937
14 0.482422 0.518359 0.0367188 0.167969
15 0.462109 0.646875 0.0507812 0.05625
15 0.551172 0.630859 0.0539063 0.0617188
16 0.771484 0.708984 0.116406 0.0851563
16 0.902734 0.713281 0.111719 0.075
17 0.757422 0.844531 0.0867187 0.084375
17 0.869531 0.841016 0.0734375 0.0695313
