0 0.509375 0.269531 0.192188 0.3625
1 0.509375 0.155469 0.189062 0.13125
2 0.509375 0.18125 0.189062 0.08125
3 0.484766 0.173437 0.0445313 0.0265625
3 0.541016 0.163281 0.0335937 0.025
4 0.514062 0.179688 0.0171875 0.028125
5 0.514844 0.198828 0.0515625 0.0195312
6 0.433984 0.180469 0.0398437 0.05625
6 0.584375 0.165234 0.0390625 0.0492187
7 0.515234 0.126172 0.144531 0.0726563
8 0.505859 0.235156 0.0273438 0.04375
9 0.517188 0.304297 0.0640625 0.127344
10 0.469531 0.302734 0.0515625 0.110156
10 0.549609 0.289453 0.0648438 0.0992187
11 0.45625 0.345313 0.025 0.025
11 0.570703 0.322656 0.0226562 0.0328125
12 0.494141 0.405078 0.0492187 0.0898438
12 0.526953 0.403906 0.0382813 0.090625
13 0.490625 0.436328 0.040625 0.0273438
13 0.526953 0.430859 0.0367188 0.0367188
14 0.515234 0.313672 0.0304687 0.0835937
15 0.533594 0.370312 0.0203125 0.0265625
16 0.634375 0.414844 0.059375 0.040625
16 0.695703 0.414844 0.0570312 0.0453125
17 0.805859 0.401172 0.0820312 0.0679687
17 0.893359 0.394141 0.0898438 0.0570312
