0 0.457422 0.481641 0.247656 0.577344
1 0.435156 0.284375 0.203125 0.182812
2 0.435156 0.3125 0.203125 0.125
3 0.4 0.279687 0.0359375 0.028125
3 0.480078 0.266797 0.0335937 0.0226562
4 0.433203 0.300781 0.0148437 0.0484375
5 0.448047 0.321875 0.0742188 0.03125
6 0.346484 0.296875 0.0257812 0.0359375
6 0.523828 0.266406 0.0242188 0.034375
7 0.422266 0.227344 0.144531 0.06875
8 0.458984 0.38125 0.0460938 0.0421875
9 0.465625 0.485156 0.0984375 0.179688
10 0.392578 0.5125 0.0476562 0.209375
10 0.545312 0.492969 0.071875 0.190625
11 0.386328 0.602344 0.0335937 0.0296875
11 0.564453 0.567578 0.0335937 0.0414062
12 0.439844 0.667969 0.0734375 0.203125
12 0.517969 0.663281 0.084375 0.19375
13 0.432812 0.753906 0.059375 0.03125
13 0.528516 0.742578 0.0617188 0.0335937
14 0.465234 0.462109 0.0210938 0.0679687
15 0.452344 0.541797 0.034375 0.0335937
16 0.791797 0.670312 0.0695313 0.0859375
16 0.906641 0.675 0.0710937 0.0875
17 0.761328 0.823828 0.0742188 0.0460938
17 0.882812 0.830469 0.078125 0.04375
