0 0.483594 0.407422 0.2875 0.463281
1 0.492188 0.308594 0.270313 0.267188
2 0.492188 0.371094 0.270313 0.142187
3 0.427344 0.3375 0.0578125 0.046875
3 0.533203 0.357422 0.0648438 0.0507812
4 0.469141 0.362109 0.0117188 0.0132812
5 0.466797 0.389453 0.0726563 0.0273438
6 0.377734 0.348047 0.0429688 0.0554687
6 0.594922 0.359766 0.0648438 0.0617188
7 0.507422 0.233594 0.225781 0.120313
8 0.453125 0.444922 0.0296875 0.0304687
9 0.442969 0.500781 0.046875 0.0921875
10 0.383594 0.510156 0.0859375 0.107813
10 0.512109 0.517969 0.0976562 0.125
11 0.365625 0.538672 0.0484375 0.0507812
11 0.530469 0.561328 0.059375 0.0382813
12 0.406641 0.587891 0.0507812 0.0992187
12 0.438672 0.589453 0.0398437 0.0992187
13 0.399609 0.623437 0.0367188 0.028125
13 0.438672 0.625391 0.0398437 0.0273438
14 0.444922 0.486719 0.0117188 0.0109375
15 0.423047 0.55625 0.0117188 0.0140625
15 0.4375 0.560547 0.0125 0.0179687
16 0.633594 0.595313 0.0890625 0.059375
16 0.746875 0.587109 0.09375 0.0679687
17 0.6625 0.49375 0.0703125 0.075
17 0.773828 0.477734 0.0710937 0.0835937
