0 0.439453 0.464453 0.421094 0.749219
1 0.417187 0.170313 0.117188 0.160938
2 0.417187 0.215234 0.117188 0.0710937
3 0.401562 0.194141 0.00625 0.0179687
3 0.439453 0.19375 0.00703125 0.0203125
4 0.421875 0.210938 0.0171875 0.0125
5 0.419922 0.228125 0.0679687 0.0234375
6 0.369141 0.192578 0.0195312 0.0257812
6 0.465625 0.196875 0.0203125 0.025
7 0.418359 0.158594 0.152344 0.1375
8 0.422266 0.259766 0.0351562 0.0367188
9 0.428125 0.375 0.196875 0.225
10 0.577734 0.253125 0.144531 0.1875
10 0.297656 0.217578 0.1375 0.241406
11 0.630859 0.179297 0.0382813 0.0398437
11 0.260937 0.125391 0.0609375 0.0570312
12 0.482812 0.651953 0.139063 0.374219
12 0.370312 0.650781 0.107813 0.342187
13 0.361328 0.789844 0.0914062 0.0640625
13 0.508203 0.8 0.0882813 0.078125
14 0.439063 0.313281 0.01875 0.0234375
15 0.495312 0.426563 0.046875 0.101562
15 0.366016 0.435156 0.0570312 0.1
15 0.512109 0.496875 0.0289063 0.0484375
15 0.360938 0.510547 0.0359375 0.0679687
16 0.667578 0.416406 0.114844 0.0796875
16 0.829297 0.403516 0.102344 0.0742188
17 0.830078 0.533203 0.103906 0.0695313
17 0.673828 0.555469 0.110156 0.08125
