0 0.487891 0.229687 0.207031 0.345313
1 0.464062 0.113281 0.159375 0.114062
2 0.464453 0.132422 0.158594 0.0757812
3 0.429688 0.125391 0.0265625 0.0101563
3 0.483203 0.120313 0.0320312 0.0125
4 0.460156 0.129688 0.0140625 0.01875
5 0.461719 0.146094 0.040625 0.015625
6 0.392969 0.115234 0.015625 0.0195312
6 0.534375 0.106641 0.01875 0.0242188
7 0.454688 0.0882813 0.0984375 0.0609375
8 0.467578 0.176563 0.0304687 0.025
9 0.481641 0.230078 0.0992187 0.0976562
10 0.418359 0.216797 0.0304687 0.0695313
10 0.544922 0.228516 0.0367188 0.0898438
11 0.418359 0.2375 0.0304687 0.0265625
11 0.546484 0.256641 0.0335937 0.0335937
12 0.460156 0.335156 0.090625 0.132812
12 0.547656 0.328125 0.0875 0.120313
13 0.444922 0.375 0.0601563 0.053125
13 0.559766 0.360156 0.0632812 0.05625
14 0.482812 0.222656 0.01875 0.0546875
15 0.517188 0.25 0.025 0.0328125
15 0.459375 0.257422 0.034375 0.0398437
16 0.717578 0.103125 0.0710937 0.0453125
16 0.731641 0.137891 0.0710937 0.0398437
17 0.729688 0.20625 0.109375 0.0484375
17 0.741016 0.275781 0.0945312 0.0453125
