0 0.401953 0.473047 0.266406 0.586719
1 0.381641 0.271484 0.178906 0.180469
2 0.383203 0.326562 0.178906 0.06875
3 0.352734 0.305078 0.0304687 0.0195312
3 0.400391 0.308594 0.0273438 0.025
4 0.384766 0.321484 0.0101563 0.0132812
5 0.389453 0.3375 0.0273438 0.025
6 0.316016 0.336719 0.0429688 0.0453125
6 0.450781 0.319922 0.04375 0.0539063
7 0.401562 0.314453 0.264062 0.267969
8 0.380078 0.381641 0.0414062 0.0554687
9 0.371094 0.490234 0.0953125 0.169531
10 0.438281 0.503125 0.04375 0.192188
10 0.302734 0.519141 0.0585938 0.185156
11 0.296484 0.594531 0.0335937 0.034375
11 0.442969 0.583594 0.0328125 0.03125
12 0.39375 0.657422 0.0484375 0.183594
12 0.346484 0.665234 0.0617188 0.196094
13 0.34375 0.741016 0.0375 0.0460938
13 0.392969 0.724609 0.04375 0.0476562
14 0.375 0.496875 0.028125 0.08125
15 0.388281 0.554688 0.034375 0.034375
16 0.578516 0.792578 0.0429688 0.0695313
16 0.647656 0.801953 0.0578125 0.0664062
17 0.752344 0.835938 0.0703125 0.0828125
17 0.830469 0.869922 0.05 0.0835937
