0 0.45625 0.551562 0.446875 0.765625
1 0.45625 0.356641 0.446875 0.371094
2 0.455078 0.414844 0.446094 0.251563
3 0.390234 0.339453 0.0523438 0.0617188
3 0.494922 0.325781 0.0414062 0.040625
4 0.428906 0.412891 0.0875 0.0351562
5 0.425391 0.45625 0.0914062 0.0140625
6 0.255469 0.331641 0.034375 0.0398437
6 0.652734 0.312891 0.0507812 0.0476562
7 0.467187 0.2125 0.25 0.0796875
8 0.409375 0.543359 0.0265625 0.0226562
9 0.417578 0.648047 0.188281 0.207031
10 0.291797 0.688672 0.0789062 0.0960938
10 0.547656 0.671875 0.090625 0.10625
11 0.567187 0.700781 0.0484375 0.0484375
11 0.277344 0.704297 0.05 0.0632812
12 0.360938 0.825391 0.10625 0.196094
12 0.460547 0.832031 0.0929688 0.203125
13 0.333594 0.889453 0.05 0.0664062
13 0.471875 0.89375 0.0703125 0.078125
14 0.413672 0.614453 0.0148437 0.0789062
15 0.337891 0.725391 0.0179687 0.0210938
15 0.500781 0.71875 0.0171875 0.034375
16 0.723828 0.8 0.135156 0.101562
16 0.845703 0.825 0.0992187 0.05625
17 0.151562 0.848437 0.145313 0.114062
17 0.259375 0.856641 0.071875 0.0992187
