0 0.342187 0.499609 0.51875 0.753906
1 0.403516 0.239844 0.186719 0.23125
2 0.403125 0.269141 0.185938 0.172656
3 0.375 0.209766 0.0328125 0.0539063
3 0.445312 0.223047 0.0390625 0.0554687
4 0.401953 0.257422 0.0257812 0.0429688
5 0.392188 0.310156 0.046875 0.0375
6 0.482422 0.259375 0.0257812 0.028125
6 0.320312 0.250781 0.01875 0.0328125
7 0.407813 0.161719 0.14375 0.071875
8 0.373047 0.3625 0.0226562 0.0328125
9 0.353125 0.439844 0.278125 0.24375
10 0.182422 0.445312 0.192969 0.15625
10 0.533594 0.508594 0.132812 0.214062
11 0.562891 0.589063 0.0664062 0.0515625
11 0.114453 0.507422 0.0554687 0.0320312
12 0.228906 0.7 0.2375 0.354687
12 0.407422 0.703125 0.161719 0.345313
13 0.410938 0.845313 0.15 0.0625
13 0.191016 0.830859 0.163281 0.0914062
14 0.352734 0.423438 0.0398437 0.078125
15 0.254297 0.599219 0.0554687 0.0421875
15 0.394922 0.612891 0.0351562 0.0335937
16 0.660156 0.341016 0.115625 0.0804688
16 0.833984 0.328906 0.100781 0.0734375
17 0.691406 0.495703 0.104688 0.0695313
17 0.8625 0.476172 0.09375 0.0679687
