0 0.427734 0.503516 0.492969 0.919531
1 0.473047 0.166406 0.222656 0.245312
2 0.473047 0.207422 0.222656 0.163281
3 0.424219 0.151953 0.034375 0.0382813
3 0.498047 0.172656 0.0382813 0.0265625
4 0.455469 0.180469 0.01875 0.0203125
5 0.444922 0.225781 0.0617188 0.04375
6 0.375781 0.144922 0.025 0.0289063
6 0.573047 0.169922 0.0226562 0.0351562
7 0.476953 0.0941406 0.169531 0.100781
8 0.437891 0.294141 0.0695313 0.0398437
9 0.401953 0.437891 0.253906 0.278906
10 0.280469 0.397266 0.198437 0.188281
10 0.580859 0.416406 0.186719 0.189062
11 0.203125 0.474609 0.04375 0.0335937
11 0.649609 0.49375 0.0492187 0.034375
12 0.294922 0.739062 0.103906 0.401562
12 0.430469 0.755859 0.167187 0.414844
13 0.278906 0.919141 0.071875 0.0429688
13 0.410547 0.942578 0.0757812 0.0414062
14 0.398828 0.443359 0.0570312 0.188281
15 0.297656 0.512891 0.040625 0.0601563
15 0.498047 0.534766 0.0492187 0.0664062
16 0.788281 0.480078 0.103125 0.155469
16 0.890234 0.484766 0.0773438 0.157031
17 0.786328 0.698828 0.0882813 0.0601563
17 0.900781 0.726562 0.104688 0.0890625
