0 0.491797 0.340625 0.353906 0.567187
1 0.473438 0.200391 0.317188 0.283594
2 0.474219 0.248828 0.315625 0.186719
3 0.539844 0.181641 0.0828125 0.0382813
3 0.428125 0.192578 0.10625 0.0398437
4 0.490234 0.225391 0.0148437 0.0382813
5 0.494141 0.275 0.111719 0.0515625
6 0.609375 0.197656 0.0453125 0.084375
6 0.334766 0.226562 0.0367188 0.075
7 0.467969 0.125 0.226562 0.132812
8 0.508984 0.345313 0.0414062 0.04375
9 0.529687 0.416797 0.0953125 0.157031
10 0.617969 0.402344 0.1 0.123438
10 0.448828 0.420703 0.0664062 0.132031
11 0.4375 0.460156 0.04375 0.0546875
11 0.642188 0.438281 0.0515625 0.0515625
12 0.564063 0.568359 0.046875 0.0789062
12 0.521875 0.580078 0.0578125 0.0867187
13 0.565625 0.593359 0.0453125 0.0289063
13 0.526172 0.606641 0.0476562 0.0335937
14 0.525781 0.439063 0.0421875 0.09375
15 0.548438 0.382812 0.0296875 0.0328125
16 0.798828 0.273047 0.217969 0.0992187
16 0.779297 0.151953 0.183594 0.0804688
17 0.805078 0.502344 0.119531 0.0609375
17 0.800391 0.401172 0.132031 0.0601563
