0 0.4125 0.396094 0.521875 0.5125
1 0.428516 0.234766 0.191406 0.189844
2 0.420703 0.271094 0.174219 0.115625
3 0.396094 0.225 0.0125 0.0125
3 0.435937 0.221875 0.0140625 0.015625
4 0.416016 0.260547 0.0257812 0.0257812
5 0.429688 0.283203 0.0765625 0.0195312
6 0.346484 0.263281 0.0257812 0.0390625
6 0.496484 0.253906 0.0210938 0.040625
7 0.436328 0.186719 0.172656 0.09375
8 0.415625 0.34375 0.0390625 0.0453125
9 0.421875 0.426953 0.189062 0.139844
10 0.251563 0.413672 0.198437 0.0585938
10 0.579297 0.410547 0.183594 0.0804688
11 0.646094 0.409766 0.05 0.0820312
11 0.178906 0.413281 0.053125 0.05625
12 0.414062 0.571094 0.071875 0.170313
12 0.490234 0.564844 0.0726563 0.178125
13 0.413672 0.637891 0.0695313 0.0351562
13 0.490234 0.633203 0.0726563 0.0414062
14 0.417187 0.429297 0.0296875 0.0898438
15 0.350391 0.46875 0.0460938 0.0375
15 0.492969 0.4625 0.04375 0.04375
16 0.123047 0.570312 0.203906 0.159375
16 0.162891 0.773047 0.235156 0.213281
17 0.484375 0.757031 0.146875 0.120313
17 0.675391 0.749219 0.166406 0.1125
