0 0.444141 0.5 0.546094 1
1 0.465234 0.0535156 0.133594 0.107031
2 0.466016 0.0730469 0.133594 0.0679687
3 0.453125 0.0539063 0.0203125 0.025
3 0.483984 0.0535156 0.0179687 0.0210938
4 0.473047 0.0644531 0.0132812 0.0164063
5 0.472656 0.0738281 0.040625 0.0242188
6 0.416016 0.0613281 0.0335937 0.0367188
6 0.516016 0.0703125 0.0320312 0.0390625
7 0.469922 0.0246094 0.0898438 0.0492187
8 0.483984 0.100781 0.0398437 0.0203125
9 0.475781 0.296875 0.235937 0.401562
10 0.275 0.401562 0.215625 0.5375
10 0.654687 0.357031 0.132812 0.55
11 0.247266 0.548047 0.149219 0.246094
11 0.651953 0.502344 0.127344 0.259375
12 0.383594 0.764062 0.115625 0.471875
12 0.523438 0.746484 0.103125 0.488281
13 0.382812 0.899219 0.107813 0.201563
13 0.523047 0.888672 0.0992187 0.203906
14 0.471094 0.412891 0.0265625 0.130469
15 0.373437 0.581641 0.025 0.0429688
15 0.519922 0.554688 0.0226562 0.0453125
16 0.078125 0.821094 0.0984375 0.314063
16 0.278906 0.803516 0.0921875 0.292969
17 0.713281 0.775 0.107813 0.3875
17 0.889453 0.801172 0.105469 0.366406
