0 0.386719 0.410547 0.13125 0.233594
1 0.386719 0.362891 0.13125 0.138281
2 0.386719 0.397266 0.13125 0.0695313
3 0.353516 0.374609 0.0289063 0.0210938
3 0.408594 0.38125 0.028125 0.01875
4 0.378125 0.394531 0.00625 0.0171875
5 0.379297 0.414844 0.0226562 0.0125
6 0.33125 0.380859 0.0203125 0.0242188
6 0.440625 0.375 0.021875 0.0234375
7 0.391016 0.327344 0.114844 0.0671875
8 0.414844 0.409766 0.0234375 0.0414062
9 0.417578 0.449609 0.0226562 0.0570312
10 0.401953 0.455078 0.0273438 0.0601563
10 0.43125 0.45 0.021875 0.059375
11 0.431641 0.470703 0.0210938 0.0179687
11 0.403906 0.474219 0.0234375 0.0203125
12 0.410938 0.500391 0.025 0.0539063
12 0.428516 0.499219 0.0195312 0.0515625
13 0.428516 0.514844 0.0195312 0.0203125
13 0.410156 0.516406 0.021875 0.021875
14 0.419141 0.451953 0.0117188 0.0335937
15 0.411719 0.486719 0.015625 0.0234375
15 0.429297 0.483594 0.0132812 0.01875
16 0.6125 0.566797 0.0515625 0.0335937
16 0.659766 0.573438 0.0445313 0.034375
17 0.736719 0.584766 0.0359375 0.0257812
17 0.776563 0.591406 0.0421875 0.0328125
