0 0.519922 0.298438 0.252344 0.382812
1 0.473438 0.168359 0.115625 0.124219
2 0.473047 0.182812 0.114844 0.0953125
3 0.444922 0.155078 0.0117188 0.0195312
3 0.477734 0.145703 0.0148437 0.0210938
4 0.456641 0.174219 0.0117188 0.028125
5 0.465625 0.205469 0.028125 0.0171875
6 0.423828 0.187891 0.0164063 0.0226562
6 0.518359 0.171094 0.0242188 0.028125
7 0.467969 0.14375 0.0953125 0.075
8 0.471484 0.235937 0.0289063 0.0265625
9 0.491406 0.295312 0.121875 0.123438
10 0.417187 0.335547 0.0484375 0.0835937
10 0.558203 0.283203 0.0851563 0.0507812
11 0.412891 0.361328 0.0398437 0.0320312
11 0.583594 0.288672 0.0359375 0.0398437
12 0.50625 0.410547 0.115625 0.158594
12 0.583203 0.402734 0.125781 0.157031
13 0.537891 0.467578 0.0523438 0.0460938
13 0.616797 0.455469 0.0585938 0.0546875
14 0.483594 0.285938 0.028125 0.053125
15 0.460938 0.338672 0.028125 0.0289063
15 0.530469 0.312891 0.028125 0.0382813
16 0.865234 0.859766 0.0867187 0.139844
16 0.939063 0.858203 0.0671875 0.116406
17 0.694531 0.882031 0.0453125 0.103125
17 0.741406 0.870313 0.05625 0.128125
