0 0.5125 0.407031 0.232813 0.40625
1 0.5125 0.305469 0.232813 0.203125
2 0.512109 0.329297 0.232031 0.153906
3 0.544141 0.283203 0.0570312 0.0507812
3 0.475 0.286328 0.0390625 0.0398437
4 0.513281 0.327734 0.034375 0.0195312
5 0.526563 0.354687 0.05625 0.034375
6 0.610547 0.296484 0.0367188 0.0882813
6 0.417578 0.313281 0.0429688 0.06875
7 0.512109 0.230078 0.135156 0.0507812
8 0.516016 0.414062 0.0367188 0.034375
9 0.532031 0.457813 0.034375 0.0859375
10 0.575391 0.43125 0.0648438 0.0375
10 0.490234 0.465234 0.0539063 0.0726563
11 0.592187 0.430859 0.03125 0.0367188
11 0.480469 0.484766 0.034375 0.0335937
12 0.558594 0.545703 0.0515625 0.108594
12 0.517188 0.551562 0.0359375 0.117188
13 0.566016 0.577344 0.0367188 0.0453125
13 0.516797 0.586719 0.0351562 0.0453125
14 0.528125 0.451562 0.0140625 0.046875
15 0.542578 0.486719 0.0117188 0.0171875
15 0.523047 0.491016 0.0132812 0.0148437
16 0.655859 0.541406 0.0507812 0.0453125
16 0.729297 0.554297 0.0507812 0.0289063
17 0.778516 0.641016 0.0757812 0.0414062
17 0.683984 0.634766 0.0695313 0.0398437
