0 0.542969 0.421875 0.264062 0.5125
1 0.486719 0.243359 0.151562 0.153906
2 0.487109 0.255078 0.150781 0.130469
3 0.464453 0.228906 0.0320312 0.03125
3 0.509375 0.219141 0.021875 0.0242188
4 0.499219 0.241016 0.025 0.0351562
5 0.505859 0.272656 0.0601563 0.0421875
6 0.440234 0.282031 0.0585938 0.0515625
6 0.550391 0.253125 0.0226562 0.08125
7 0.475781 0.196094 0.096875 0.0578125
8 0.520703 0.329297 0.0429688 0.0398437
9 0.540234 0.425781 0.128906 0.207813
10 0.460156 0.423047 0.0546875 0.0867187
10 0.623828 0.401172 0.102344 0.0757812
11 0.446484 0.449609 0.0273438 0.0320312
11 0.657813 0.418359 0.034375 0.0414062
12 0.521094 0.596094 0.075 0.164062
12 0.610156 0.594922 0.06875 0.157031
13 0.521094 0.652734 0.075 0.0507812
13 0.6125 0.65 0.0640625 0.046875
14 0.5375 0.439453 0.0453125 0.0992187
15 0.505078 0.497656 0.0289063 0.034375
15 0.596484 0.491016 0.0179687 0.0320312
16 0.3 0.691797 0.128125 0.232031
16 0.415625 0.676562 0.153125 0.220312
17 0.748437 0.577344 0.0734375 0.0828125
17 0.780078 0.566797 0.0773438 0.0773438
