0 0.392969 0.314844 0.121875 0.198437
1 0.386719 0.255078 0.084375 0.0773438
2 0.386719 0.264844 0.084375 0.0578125
3 0.374609 0.253125 0.0148437 0.0140625
3 0.394922 0.253516 0.0164063 0.0179687
4 0.383984 0.268359 0.00703125 0.00859375
5 0.3875 0.279687 0.034375 0.015625
6 0.352344 0.267578 0.015625 0.0257812
6 0.419531 0.251172 0.01875 0.0304687
7 0.381641 0.2375 0.0820312 0.04375
8 0.391016 0.292969 0.0132812 0.015625
9 0.391016 0.329297 0.0460938 0.0632812
10 0.353906 0.321094 0.04375 0.040625
10 0.431641 0.324219 0.0445313 0.040625
11 0.342187 0.329688 0.0203125 0.025
11 0.438281 0.333984 0.0296875 0.0210938
12 0.377734 0.383984 0.0289063 0.0601563
12 0.414453 0.384375 0.0351562 0.0578125
13 0.377734 0.402734 0.0289063 0.0210938
13 0.416797 0.402344 0.0304687 0.021875
14 0.389062 0.333984 0.0171875 0.0382813
15 0.38125 0.339453 0.021875 0.0210938
15 0.4125 0.342578 0.0203125 0.0226562
16 0.509766 0.290234 0.0460938 0.0554687
16 0.561328 0.283594 0.0539063 0.0546875
17 0.190234 0.325 0.0523438 0.04375
17 0.248438 0.328906 0.0546875 0.0515625
