0 0.365625 0.56875 0.396875 0.8625
1 0.401562 0.304688 0.307812 0.326562
2 0.401562 0.38125 0.307812 0.175
3 0.324609 0.308594 0.0210938 0.0234375
3 0.461719 0.312109 0.021875 0.0242188
4 0.3875 0.342969 0.0125 0.015625
5 0.401953 0.39375 0.100781 0.0328125
6 0.54375 0.339844 0.021875 0.0234375
6 0.258594 0.34375 0.021875 0.01875
7 0.400391 0.228906 0.303906 0.173437
8 0.398438 0.479297 0.075 0.0460938
9 0.382031 0.594141 0.182812 0.202344
10 0.490234 0.592969 0.0601563 0.084375
10 0.267578 0.614062 0.0742188 0.101562
11 0.240625 0.653125 0.0203125 0.021875
11 0.510547 0.623828 0.0210938 0.0226562
12 0.267578 0.841406 0.197656 0.317188
12 0.458984 0.836328 0.203906 0.327344
13 0.226953 0.980469 0.116406 0.0390625
13 0.485156 0.977344 0.151562 0.0453125
14 0.432031 0.603125 0.0359375 0.129688
15 0.458594 0.716406 0.03125 0.05
15 0.303906 0.728516 0.03125 0.0492187
16 0.644531 0.661328 0.115625 0.0757812
16 0.799609 0.655859 0.116406 0.0695313
17 0.637891 0.748437 0.0898438 0.0703125
17 0.781641 0.739844 0.0976562 0.0640625
