0 0.483594 0.421094 0.432812 0.7375
1 0.445312 0.153906 0.192188 0.203125
2 0.452344 0.208594 0.15625 0.09375
3 0.424219 0.200781 0.021875 0.025
3 0.479687 0.192188 0.0234375 0.0265625
4 0.453906 0.2125 0.025 0.0203125
5 0.45625 0.232031 0.0359375 0.0125
6 0.3875 0.223438 0.0265625 0.0359375
6 0.517188 0.203125 0.0265625 0.0359375
7 0.446094 0.130469 0.19375 0.159375
8 0.453516 0.259766 0.0460938 0.0335937
9 0.484375 0.399219 0.164062 0.265625
10 0.336719 0.383984 0.140625 0.202344
10 0.614844 0.340234 0.16875 0.144531
11 0.303125 0.441406 0.0734375 0.096875
11 0.658594 0.371094 0.078125 0.090625
12 0.424219 0.710938 0.0921875 0.157812
12 0.60625 0.702344 0.103125 0.165625
13 0.423438 0.760156 0.084375 0.059375
13 0.610938 0.753125 0.09375 0.0640625
14 0.491406 0.428125 0.034375 0.0921875
15 0.451562 0.471875 0.05 0.0765625
15 0.536719 0.447656 0.0453125 0.075
16 0.832812 0.717187 0.103125 0.0625
16 0.846094 0.776563 0.126562 0.053125
17 0.852344 0.510938 0.0953125 0.0625
17 0.841406 0.582031 0.0921875 0.0578125
