0 0.507812 0.576953 0.24375 0.497656
1 0.503125 0.43125 0.234375 0.204687
2 0.503516 0.477344 0.235156 0.1125
3 0.432031 0.456641 0.034375 0.0585938
3 0.565234 0.447656 0.0351562 0.0546875
4 0.505078 0.467578 0.0179687 0.0132812
5 0.507422 0.506641 0.0273438 0.0335937
6 0.402734 0.464062 0.0335937 0.06875
6 0.60625 0.460547 0.028125 0.0632812
7 0.504297 0.378906 0.192969 0.101562
8 0.510156 0.537891 0.0375 0.0226562
9 0.512109 0.601172 0.0835937 0.119531
10 0.466406 0.558594 0.0734375 0.101562
10 0.5875 0.581641 0.0828125 0.0726563
11 0.484766 0.522656 0.0351562 0.028125
11 0.605859 0.603516 0.0460938 0.0273438
12 0.499609 0.738672 0.0523438 0.172656
12 0.550781 0.727344 0.065625 0.146875
13 0.501172 0.796094 0.0492187 0.0578125
13 0.562891 0.772656 0.0414062 0.05625
14 0.516797 0.606641 0.0195312 0.0882813
15 0.53125 0.591406 0.0234375 0.034375
15 0.491406 0.701953 0.021875 0.0351562
15 0.537109 0.691797 0.0242188 0.0304687
16 0.801562 0.533594 0.05 0.0375
16 0.869141 0.529297 0.0351562 0.0351562
17 0.812891 0.616016 0.0570312 0.0382813
17 0.875391 0.607031 0.0476562 0.0375
