0 0.412891 0.559766 0.400781 0.767969
1 0.408594 0.303125 0.25625 0.215625
2 0.408203 0.316016 0.255469 0.189844
3 0.378906 0.264062 0.0484375 0.0640625
3 0.45 0.254688 0.0328125 0.04375
4 0.415234 0.310547 0.0445313 0.0601563
5 0.407031 0.361719 0.0609375 0.04375
6 0.520703 0.286719 0.0289063 0.0484375
6 0.301563 0.316406 0.040625 0.0578125
7 0.415625 0.231641 0.23125 0.108594
8 0.388672 0.427344 0.0539063 0.0703125
9 0.404687 0.548828 0.235937 0.221094
10 0.267188 0.556641 0.10625 0.227344
10 0.5375 0.527734 0.110937 0.175781
11 0.238281 0.641406 0.0484375 0.0578125
11 0.575 0.592578 0.034375 0.0460938
12 0.514844 0.717969 0.196875 0.301563
12 0.344922 0.771484 0.228906 0.342969
13 0.345313 0.864844 0.228125 0.154688
13 0.544531 0.797656 0.135937 0.142187
14 0.390234 0.556641 0.0632812 0.183594
15 0.303125 0.622266 0.0328125 0.0710937
15 0.495703 0.567578 0.0382813 0.0632812
16 0.746875 0.1625 0.185938 0.090625
16 0.942578 0.144141 0.0835937 0.0960938
17 0.722266 0.298828 0.225781 0.103906
17 0.945703 0.296484 0.108594 0.128906
