0 0.550391 0.492969 0.325781 0.75625
1 0.5375 0.204687 0.278125 0.176563
2 0.537891 0.236328 0.277344 0.111719
3 0.495312 0.207422 0.0328125 0.0179687
3 0.573828 0.209766 0.0382813 0.0164063
4 0.536719 0.219141 0.021875 0.0460938
5 0.539062 0.261719 0.053125 0.0109375
6 0.412109 0.215625 0.0257812 0.04375
6 0.664062 0.20625 0.025 0.0484375
7 0.533594 0.154297 0.226562 0.0757812
8 0.537891 0.312891 0.0601563 0.0492187
9 0.561328 0.454297 0.127344 0.267969
10 0.466797 0.439453 0.157031 0.203906
10 0.633203 0.421484 0.110156 0.202344
11 0.526953 0.465625 0.0382813 0.065625
11 0.598047 0.459766 0.0398437 0.0664062
12 0.5125 0.723047 0.120313 0.296094
12 0.642969 0.722656 0.140625 0.296875
13 0.496875 0.845703 0.0890625 0.0507812
13 0.667578 0.840625 0.0914062 0.059375
14 0.571094 0.493359 0.0328125 0.0976562
15 0.598828 0.612891 0.0382813 0.0445313
16 0.785156 0.676562 0.101562 0.06875
16 0.827344 0.815234 0.1 0.0742188
17 0.293359 0.770703 0.100781 0.0679687
17 0.307812 0.835547 0.0890625 0.0585938
