0 0.407031 0.253125 0.271875 0.30625
1 0.409375 0.148047 0.126562 0.0945312
2 0.409375 0.164844 0.126562 0.0609375
3 0.397656 0.146875 0.009375 0.00625
3 0.423047 0.151172 0.0101563 0.00859375
4 0.405859 0.1625 0.0164063 0.01875
5 0.407031 0.176563 0.0328125 0.01875
6 0.359766 0.148828 0.0273438 0.0289063
6 0.457813 0.161719 0.0296875 0.0234375
7 0.407813 0.121875 0.08125 0.0421875
8 0.403516 0.203125 0.0242188 0.0296875
9 0.405469 0.251563 0.1 0.0796875
10 0.317188 0.249609 0.09375 0.0601563
10 0.495703 0.244531 0.0929688 0.0359375
11 0.528125 0.245703 0.028125 0.0335937
11 0.285547 0.264062 0.0289063 0.03125
12 0.386328 0.345313 0.0523438 0.121875
12 0.433594 0.345313 0.03125 0.120313
13 0.383203 0.393359 0.0242188 0.0242188
13 0.435937 0.392188 0.021875 0.025
14 0.403906 0.237109 0.009375 0.0242188
15 0.369141 0.278516 0.0273438 0.0242188
15 0.441406 0.276953 0.025 0.0242188
16 0.153906 0.215625 0.065625 0.110937
16 0.160938 0.361328 0.0640625 0.108594
17 0.740234 0.424609 0.0695313 0.133594
17 0.840234 0.433984 0.0695313 0.149219
