0 0.473047 0.324219 0.353906 0.535937
1 0.476562 0.139063 0.209375 0.164062
2 0.476172 0.166406 0.213281 0.109375
3 0.454297 0.133594 0.0445313 0.0265625
3 0.513281 0.130469 0.0359375 0.0203125
4 0.483984 0.1625 0.0164063 0.0296875
5 0.485156 0.196875 0.0578125 0.0265625
6 0.382812 0.143359 0.0171875 0.0304687
6 0.569531 0.130859 0.0171875 0.0320312
7 0.477344 0.0921875 0.170313 0.0671875
8 0.483984 0.244922 0.0320312 0.0601563
9 0.479687 0.333594 0.0953125 0.185938
10 0.366797 0.319531 0.138281 0.151562
10 0.585547 0.341016 0.128906 0.192969
11 0.327734 0.36875 0.0554687 0.0484375
11 0.617188 0.402734 0.0640625 0.0632812
12 0.445312 0.501563 0.08125 0.182812
12 0.517969 0.494531 0.0640625 0.159375
13 0.4375 0.569531 0.06875 0.046875
13 0.520312 0.550781 0.05625 0.046875
14 0.487891 0.296094 0.0164063 0.0171875
15 0.457813 0.312891 0.03125 0.0226562
16 0.742969 0.6625 0.084375 0.096875
16 0.845313 0.657031 0.0796875 0.0921875
17 0.221875 0.652344 0.107813 0.0953125
17 0.116406 0.65625 0.125 0.0953125
