0 0.492578 0.569922 0.453906 0.767969
1 0.491406 0.339453 0.442188 0.296094
2 0.491797 0.373437 0.438281 0.23125
3 0.548438 0.314453 0.0375 0.0242188
3 0.433203 0.317188 0.0398437 0.025
4 0.495312 0.360156 0.046875 0.0359375
5 0.496875 0.412891 0.129688 0.0679687
6 0.667969 0.318359 0.0859375 0.125781
6 0.335938 0.310547 0.128125 0.103906
7 0.509375 0.244922 0.239063 0.110156
8 0.492969 0.511719 0.109375 0.0828125
9 0.5375 0.610547 0.203125 0.182031
10 0.666016 0.605859 0.0992187 0.169531
10 0.347656 0.652344 0.154688 0.170313
11 0.321875 0.7125 0.10625 0.0515625
11 0.680078 0.665625 0.0742188 0.05
12 0.449219 0.873828 0.059375 0.152344
12 0.574609 0.855078 0.0960938 0.139844
13 0.578516 0.897656 0.0898438 0.053125
13 0.447656 0.922656 0.0546875 0.0546875
14 0.508203 0.614453 0.0460938 0.144531
15 0.606641 0.73125 0.0570312 0.06875
16 0.854297 0.200781 0.153906 0.121875
16 0.874219 0.332422 0.101562 0.117969
17 0.862109 0.520703 0.114844 0.0882813
17 0.853125 0.616406 0.11875 0.0828125
