0 0.511719 0.472656 0.44375 0.734375
1 0.519531 0.23125 0.267188 0.253125
2 0.519531 0.258984 0.267188 0.197656
3 0.497266 0.195312 0.0742188 0.0625
3 0.58125 0.209766 0.0515625 0.0492187
4 0.53125 0.247266 0.0140625 0.0539063
5 0.538281 0.300391 0.10625 0.0445313
6 0.630078 0.216406 0.0460938 0.0625
6 0.407031 0.184766 0.0421875 0.0492187
7 0.525 0.149219 0.18125 0.0875
8 0.511328 0.362891 0.0398437 0.0257812
9 0.483984 0.51875 0.236719 0.2875
10 0.35 0.387109 0.121875 0.147656
10 0.666797 0.434766 0.132031 0.130469
11 0.317578 0.346094 0.0554687 0.0671875
11 0.701953 0.405859 0.0617188 0.0726563
12 0.521484 0.74375 0.102344 0.192188
12 0.428516 0.733203 0.108594 0.213281
13 0.521875 0.808984 0.101562 0.0601563
13 0.424219 0.816797 0.1 0.0445313
14 0.507812 0.487891 0.034375 0.127344
15 0.424219 0.663672 0.053125 0.0742188
15 0.51875 0.686719 0.0515625 0.059375
16 0.817578 0.402344 0.0914062 0.0453125
16 0.907813 0.415625 0.075 0.0421875
17 0.899609 0.499219 0.0960938 0.075
17 0.785156 0.4875 0.10625 0.0765625
