0 0.386719 0.334766 0.284375 0.505469
1 0.425 0.169922 0.153125 0.174219
2 0.425 0.191797 0.153125 0.130469
3 0.388672 0.174219 0.0398437 0.0375
3 0.445312 0.172266 0.05 0.0398437
4 0.407422 0.205469 0.0398437 0.025
5 0.398047 0.225781 0.0460938 0.021875
6 0.364063 0.160156 0.028125 0.0609375
6 0.486719 0.152344 0.0296875 0.0484375
7 0.430859 0.11875 0.108594 0.071875
8 0.395703 0.271484 0.0273438 0.0429688
9 0.383203 0.374609 0.124219 0.194531
10 0.482422 0.355859 0.0898438 0.146094
10 0.296094 0.370312 0.103125 0.182812
11 0.271094 0.423828 0.053125 0.0773438
11 0.496484 0.403125 0.0601563 0.0515625
12 0.350781 0.523828 0.071875 0.127344
12 0.422656 0.519922 0.0625 0.130469
13 0.348438 0.567578 0.0671875 0.0382813
13 0.423438 0.564063 0.0625 0.040625
14 0.378516 0.375 0.0367188 0.121875
15 0.355469 0.344531 0.0296875 0.0359375
15 0.423047 0.345313 0.0367188 0.0375
16 0.679688 0.191406 0.170313 0.0875
16 0.669531 0.276172 0.171875 0.0648438
17 0.564453 0.758594 0.183594 0.129688
17 0.625391 0.615625 0.246094 0.110937
