0 0.437109 0.321875 0.172656 0.228125
1 0.440625 0.250391 0.1 0.0851563
2 0.440234 0.272266 0.0992187 0.0414062
3 0.424609 0.269922 0.0117188 0.0101563
3 0.451562 0.270313 0.0125 0.015625
4 0.438672 0.264453 0.0101563 0.0257812
5 0.437891 0.280859 0.0242188 0.00546875
6 0.402344 0.269531 0.0234375 0.025
6 0.476172 0.270703 0.0289063 0.0289063
7 0.445312 0.233984 0.0875 0.0523438
8 0.44375 0.300391 0.025 0.0320312
9 0.438281 0.336719 0.05625 0.05625
10 0.385547 0.339062 0.0695313 0.0484375
10 0.492578 0.333203 0.0617188 0.0414062
11 0.509766 0.339453 0.0273438 0.0289063
11 0.367188 0.348438 0.0328125 0.0296875
12 0.469531 0.409375 0.0390625 0.053125
12 0.401562 0.401172 0.040625 0.0507812
13 0.469531 0.421094 0.0390625 0.0296875
13 0.395703 0.415234 0.0289063 0.0226562
14 0.442578 0.330469 0.0101563 0.01875
15 0.456641 0.354297 0.0195312 0.0164063
15 0.418359 0.357422 0.0148437 0.0148437
16 0.694531 0.253125 0.053125 0.04375
16 0.755078 0.238672 0.0570312 0.0492187
17 0.678516 0.340234 0.0554687 0.0398437
17 0.752344 0.342969 0.0546875 0.0421875
