0 0.438281 0.331641 0.185938 0.391406
1 0.440234 0.215625 0.171094 0.157812
2 0.439844 0.253125 0.170313 0.0828125
3 0.420312 0.250391 0.034375 0.0195312
3 0.474609 0.255469 0.0351562 0.025
4 0.448047 0.263281 0.00546875 0.0109375
5 0.450391 0.278516 0.0273438 0.0117188
6 0.368359 0.234375 0.0273438 0.040625
6 0.513672 0.225781 0.0226562 0.0265625
7 0.442188 0.187891 0.1375 0.102344
8 0.452344 0.301172 0.0234375 0.0226562
9 0.452344 0.354297 0.0421875 0.0976562
10 0.389453 0.337891 0.0882813 0.0804688
10 0.492578 0.337109 0.0476562 0.0695313
11 0.369141 0.321094 0.0476562 0.046875
11 0.500781 0.316016 0.03125 0.0257812
12 0.443359 0.461719 0.0351562 0.129688
12 0.49375 0.445312 0.075 0.103125
13 0.442969 0.503516 0.0359375 0.0460938
13 0.513672 0.476953 0.0367188 0.0398437
14 0.452734 0.367188 0.0148437 0.0375
15 0.442578 0.329688 0.0164063 0.021875
16 0.635938 0.452344 0.05625 0.0390625
16 0.745703 0.451562 0.0570312 0.040625
17 0.635156 0.563281 0.0703125 0.04375
17 0.746875 0.550781 0.0640625 0.0390625
