0 0.534766 0.305078 0.269531 0.325781
1 0.516406 0.191406 0.110937 0.096875
2 0.516406 0.205469 0.110937 0.06875
3 0.496484 0.181641 0.0195312 0.0210938
3 0.529687 0.181641 0.0203125 0.0210938
4 0.511719 0.196484 0.0125 0.0179687
5 0.514062 0.210547 0.0375 0.0335937
6 0.469141 0.190625 0.0164063 0.0296875
6 0.562109 0.185547 0.0195312 0.0273438
7 0.511328 0.171094 0.0773438 0.05625
8 0.518359 0.244922 0.0210938 0.0210938
9 0.530859 0.296094 0.0757812 0.11875
10 0.447656 0.285547 0.09375 0.0898438
10 0.616406 0.272656 0.104688 0.0703125
11 0.432422 0.314453 0.0632812 0.0320312
11 0.631641 0.292187 0.0757812 0.0328125
12 0.471484 0.408594 0.114844 0.11875
12 0.590625 0.393359 0.123438 0.0992187
13 0.449609 0.450391 0.0679687 0.0335937
13 0.629687 0.416016 0.0453125 0.0539063
14 0.529297 0.293359 0.0195312 0.0617188
15 0.517188 0.359766 0.025 0.0210938
15 0.561328 0.363672 0.0226562 0.0242188
16 0.203906 0.612891 0.08125 0.0710937
16 0.21875 0.658984 0.0734375 0.0804688
17 0.889844 0.635156 0.075 0.0734375
17 0.882031 0.690625 0.0734375 0.05
