0 0.375 0.481641 0.278125 0.739844
1 0.352734 0.206641 0.182031 0.188281
2 0.353125 0.242578 0.182812 0.117969
3 0.328906 0.216016 0.0390625 0.0257812
3 0.39375 0.219531 0.0390625 0.03125
4 0.359766 0.240234 0.0226562 0.0335937
5 0.3625 0.277734 0.0421875 0.0242188
6 0.280078 0.219531 0.0367188 0.0546875
6 0.43125 0.217578 0.0265625 0.0445313
7 0.355078 0.137891 0.119531 0.0492187
8 0.353516 0.313281 0.0664062 0.053125
9 0.364063 0.457031 0.134375 0.242188
10 0.267578 0.495312 0.0601563 0.289062
10 0.467969 0.494922 0.075 0.280469
11 0.485547 0.615625 0.0398437 0.0390625
11 0.271875 0.621875 0.046875 0.0359375
12 0.447266 0.707031 0.133594 0.289062
12 0.346484 0.703516 0.0914062 0.269531
13 0.471875 0.829297 0.084375 0.0445313
13 0.3375 0.823438 0.071875 0.0296875
14 0.367188 0.416406 0.009375 0.025
15 0.393359 0.526172 0.0320312 0.0507812
16 0.720313 0.230078 0.109375 0.0867187
16 0.869141 0.234766 0.102344 0.0851563
17 0.908984 0.480859 0.127344 0.0960938
17 0.748047 0.467578 0.153906 0.0851563
