0 0.176953 0.498437 0.253906 0.510938
1 0.166797 0.319531 0.153906 0.145313
2 0.165625 0.349609 0.151562 0.0835937
3 0.140234 0.33125 0.0289063 0.0234375
3 0.181641 0.336328 0.0195312 0.0226562
4 0.162891 0.358594 0.0101563 0.0265625
5 0.160938 0.364063 0.0484375 0.01875
6 0.105469 0.334375 0.028125 0.0359375
6 0.228906 0.326953 0.0265625 0.0257812
7 0.171094 0.28125 0.134375 0.0703125
8 0.157422 0.402344 0.0320312 0.025
9 0.153906 0.498437 0.0921875 0.175
10 0.0835937 0.505859 0.0625 0.119531
10 0.248438 0.494922 0.107813 0.103906
11 0.0777344 0.540625 0.0523438 0.0546875
11 0.278906 0.5125 0.0484375 0.0671875
12 0.118359 0.664453 0.0601563 0.175781
12 0.191016 0.651953 0.0851563 0.169531
13 0.112109 0.729688 0.0476562 0.0484375
13 0.200781 0.717187 0.0640625 0.040625
14 0.15 0.501563 0.0265625 0.1375
15 0.105078 0.540625 0.0289063 0.075
15 0.207031 0.526563 0.028125 0.0453125
16 0.661328 0.414453 0.0539063 0.0726563
16 0.745313 0.439453 0.0703125 0.0867187
17 0.663672 0.615625 0.0664062 0.0515625
17 0.733984 0.617969 0.0523438 0.04375
