0 0.425781 0.612109 0.526563 0.775781
1 0.463281 0.394141 0.346875 0.336719
2 0.463672 0.464062 0.346094 0.196875
3 0.382812 0.392969 0.0375 0.046875
3 0.540234 0.4 0.0351562 0.0390625
4 0.460156 0.445312 0.04375 0.0296875
5 0.450391 0.498828 0.107031 0.0398437
6 0.302734 0.386328 0.0226562 0.0398437
6 0.622656 0.392188 0.0265625 0.053125
7 0.469922 0.297656 0.299219 0.146875
8 0.45 0.580469 0.034375 0.046875
9 0.434375 0.729688 0.360938 0.284375
10 0.23125 0.721484 0.134375 0.163281
10 0.621484 0.688672 0.132031 0.136719
11 0.200391 0.76875 0.0742188 0.06875
11 0.6625 0.732031 0.05 0.05
12 0.346094 0.925 0.178125 0.15
12 0.514062 0.922266 0.157812 0.144531
13 0.3125 0.977734 0.110937 0.0445313
13 0.538672 0.978125 0.103906 0.0328125
14 0.44375 0.749609 0.0671875 0.199219
15 0.303516 0.810156 0.0429688 0.04375
15 0.544141 0.821094 0.0429688 0.028125
16 0.0878906 0.429297 0.0523438 0.110156
16 0.166016 0.416016 0.0523438 0.100781
17 0.742969 0.309766 0.09375 0.0804688
17 0.862109 0.305469 0.0976562 0.078125
