0 0.528516 0.353516 0.169531 0.489844
1 0.525391 0.189844 0.161719 0.1625
2 0.525781 0.215234 0.160938 0.111719
3 0.492969 0.185156 0.034375 0.0359375
3 0.558594 0.181641 0.0390625 0.0445313
4 0.525781 0.214844 0.025 0.028125
5 0.527734 0.244141 0.0476562 0.0289063
6 0.591406 0.192969 0.0296875 0.053125
6 0.457422 0.2 0.0242188 0.053125
7 0.519141 0.151953 0.116406 0.0820312
8 0.532422 0.280469 0.0367188 0.0453125
9 0.546484 0.361719 0.0695313 0.126562
10 0.5 0.374609 0.0328125 0.147656
10 0.591797 0.387109 0.0414062 0.141406
11 0.500391 0.426953 0.0320312 0.0429688
11 0.597266 0.442969 0.0304687 0.0296875
12 0.535547 0.505859 0.0351562 0.180469
12 0.566406 0.502344 0.03125 0.173437
13 0.534375 0.574609 0.0296875 0.0429688
13 0.567187 0.570312 0.0265625 0.0375
14 0.550781 0.367969 0.0296875 0.096875
15 0.539453 0.453906 0.0210938 0.04375
16 0.665234 0.732422 0.0773438 0.0585938
16 0.812891 0.725 0.0726563 0.0546875
17 0.676953 0.587891 0.0492187 0.0554687
17 0.7375 0.590234 0.065625 0.0585938
