0 0.488672 0.552344 0.346094 0.779687
1 0.495312 0.308203 0.332813 0.289844
2 0.495703 0.361328 0.332031 0.185156
3 0.429297 0.351953 0.0570312 0.0601563
3 0.565234 0.338281 0.0367188 0.0375
4 0.498828 0.354297 0.0195312 0.0585938
5 0.491016 0.408203 0.0648438 0.0101563
6 0.344922 0.289844 0.0320312 0.0421875
6 0.647266 0.292578 0.0289063 0.0429688
7 0.502344 0.197656 0.225 0.0703125
8 0.491406 0.464453 0.0328125 0.0398437
9 0.494141 0.555469 0.0914062 0.164062
10 0.3875 0.567578 0.142187 0.177344
10 0.586719 0.563672 0.121875 0.180469
11 0.334375 0.637109 0.0359375 0.0382813
11 0.632812 0.632031 0.0296875 0.04375
12 0.476172 0.786328 0.0742188 0.311719
12 0.539453 0.777734 0.0757812 0.302344
13 0.476172 0.903906 0.0742188 0.0765625
13 0.546484 0.888672 0.0617188 0.0804688
14 0.494922 0.535156 0.0320312 0.0734375
15 0.473438 0.65625 0.03125 0.0484375
15 0.526563 0.651563 0.03125 0.0484375
16 0.215234 0.825391 0.0742188 0.0492187
16 0.305469 0.815625 0.06875 0.0484375
17 0.666797 0.940625 0.0601563 0.0890625
17 0.735156 0.933203 0.0609375 0.0835937
