0 0.482812 0.529687 0.55 0.932813
1 0.480469 0.311719 0.535937 0.495312
2 0.478516 0.338672 0.536719 0.442969
3 0.420703 0.152734 0.107031 0.0632812
3 0.575 0.147266 0.0796875 0.0539063
4 0.490625 0.237109 0.0265625 0.0304687
5 0.492188 0.353125 0.214062 0.125
6 0.237891 0.283594 0.0492187 0.053125
6 0.725 0.241016 0.0421875 0.0648438
7 0.497266 0.0945312 0.302344 0.053125
8 0.504297 0.562891 0.0835937 0.0382813
9 0.494141 0.708594 0.246094 0.273438
10 0.321094 0.734375 0.154688 0.151562
10 0.677734 0.741016 0.146094 0.178906
11 0.280859 0.76875 0.0679687 0.0765625
11 0.720313 0.794531 0.0609375 0.06875
12 0.439844 0.912109 0.0515625 0.161719
12 0.505859 0.904297 0.0460938 0.152344
13 0.438281 0.972656 0.046875 0.040625
13 0.505078 0.958594 0.0445313 0.0421875
14 0.493359 0.7125 0.0757812 0.184375
15 0.508984 0.845313 0.0304687 0.040625
15 0.439063 0.855078 0.034375 0.0367188
16 0.858984 0.155469 0.110156 0.0890625
16 0.94375 0.154297 0.075 0.0835937
17 0.85625 0.226953 0.0515625 0.0539063
17 0.919531 0.228906 0.0484375 0.0609375
