0 0.470703 0.508984 0.346094 0.849219
1 0.4625 0.192969 0.24375 0.215625
2 0.464844 0.215234 0.245312 0.167969
3 0.4125 0.179688 0.01875 0.0234375
3 0.488281 0.172656 0.0296875 0.0203125
4 0.457031 0.19375 0.03125 0.028125
5 0.462109 0.236328 0.0617188 0.0335937
6 0.354297 0.165234 0.0226562 0.0320312
6 0.565625 0.153125 0.0296875 0.0375
7 0.457813 0.121094 0.18125 0.0640625
8 0.45625 0.30625 0.0453125 0.0359375
9 0.484766 0.469141 0.182031 0.330469
10 0.350781 0.478125 0.1 0.329688
10 0.601172 0.477344 0.0789062 0.278125
11 0.346484 0.6125 0.0804688 0.0625
11 0.609766 0.583984 0.0726563 0.0601563
12 0.472656 0.824609 0.0796875 0.203906
12 0.600781 0.801953 0.08125 0.189844
13 0.478906 0.897266 0.0703125 0.0664062
13 0.6 0.85 0.0828125 0.090625
14 0.465625 0.454688 0.0546875 0.1625
15 0.524219 0.396094 0.05 0.0375
16 0.734375 0.228906 0.115625 0.0984375
16 0.886719 0.222656 0.071875 0.096875
17 0.774219 0.371875 0.08125 0.0546875
17 0.892969 0.380078 0.0765625 0.0539063
