0 0.485938 0.546484 0.309375 0.567969
1 0.495312 0.3375 0.1625 0.148438
2 0.495703 0.353125 0.163281 0.1125
3 0.469141 0.343359 0.0523438 0.0226562
3 0.519922 0.338672 0.0601563 0.0195312
4 0.486328 0.372266 0.00859375 0.0320312
5 0.487891 0.390625 0.0398437 0.015625
6 0.432031 0.328125 0.0328125 0.0515625
6 0.55625 0.319922 0.0390625 0.0445313
7 0.486719 0.298438 0.101562 0.06875
8 0.492188 0.425391 0.0625 0.0398437
9 0.487891 0.544531 0.171094 0.210938
10 0.376953 0.536328 0.0851563 0.157031
10 0.592578 0.545312 0.0914062 0.151562
11 0.364453 0.567187 0.0601563 0.09375
11 0.601172 0.591016 0.0742188 0.0601563
12 0.438281 0.725 0.104688 0.20625
12 0.530078 0.735547 0.0882813 0.180469
13 0.422656 0.803516 0.0734375 0.0460938
13 0.533594 0.798047 0.078125 0.0554687
14 0.476562 0.547656 0.059375 0.2
15 0.543359 0.498828 0.0460938 0.0539063
16 0.30625 0.737891 0.078125 0.0648438
16 0.770312 0.763672 0.0734375 0.0742188
17 0.212109 0.862891 0.110156 0.0554687
17 0.769531 0.865625 0.125 0.0671875
