0 0.439453 0.402344 0.242969 0.510938
1 0.43125 0.285938 0.21875 0.254688
2 0.431641 0.332031 0.219531 0.1625
3 0.453125 0.272656 0.0421875 0.040625
3 0.414062 0.279687 0.034375 0.034375
4 0.435937 0.298438 0.015625 0.0375
5 0.436719 0.316406 0.0375 0.0265625
6 0.521094 0.278516 0.040625 0.0445313
6 0.332813 0.287109 0.021875 0.0335937
7 0.439453 0.274219 0.242969 0.254688
8 0.436328 0.419922 0.0429688 0.0289063
9 0.432812 0.471484 0.107813 0.0835937
10 0.35625 0.500391 0.06875 0.132031
10 0.514844 0.496094 0.08125 0.134375
11 0.537109 0.539453 0.0367188 0.0476562
11 0.346094 0.545703 0.0484375 0.0414062
12 0.443359 0.578125 0.0570312 0.159375
12 0.397266 0.572656 0.0632812 0.154688
13 0.443359 0.631641 0.0570312 0.0523438
13 0.397266 0.630859 0.0632812 0.0382813
14 0.43125 0.469922 0.01875 0.0554687
15 0.396094 0.539844 0.0140625 0.01875
15 0.456641 0.530078 0.0164063 0.0242188
16 0.646875 0.433203 0.0796875 0.0492187
16 0.744922 0.427344 0.0789062 0.05
17 0.745703 0.516406 0.0695313 0.0609375
17 0.652344 0.520312 0.0734375 0.06875
