0 0.203906 0.508984 0.3875 0.832031
1 0.202344 0.250781 0.390625 0.315625
2 0.203516 0.323047 0.388281 0.174219
3 0.124609 0.311719 0.0789062 0.06875
3 0.270313 0.33125 0.065625 0.0734375
4 0.187891 0.317969 0.0320312 0.046875
5 0.197266 0.364844 0.0601563 0.05
6 0.0320312 0.287109 0.046875 0.0804688
6 0.369141 0.298828 0.0539063 0.0664062
7 0.201172 0.201172 0.338281 0.219531
8 0.187109 0.407031 0.0585938 0.04375
9 0.192188 0.538672 0.090625 0.236719
10 0.131641 0.510547 0.0585938 0.180469
10 0.250781 0.527734 0.0609375 0.203906
11 0.142969 0.585547 0.04375 0.0445313
11 0.253125 0.603516 0.0671875 0.0570312
12 0.154688 0.833203 0.06875 0.178906
12 0.216406 0.825391 0.0625 0.175781
13 0.222266 0.885547 0.0617188 0.0554687
13 0.145313 0.894141 0.0609375 0.0539063
14 0.187109 0.528125 0.0398437 0.179688
15 0.164062 0.680078 0.0359375 0.0351562
15 0.211719 0.678516 0.03125 0.0351562
16 0.522266 0.588672 0.135156 0.0820312
16 0.700781 0.583203 0.125 0.0820312
17 0.525 0.725391 0.110937 0.0882813
17 0.716406 0.716016 0.117188 0.0742188
