0 0.5 0.407813 0.285938 0.470313
1 0.469922 0.213281 0.105469 0.078125
2 0.469141 0.219531 0.105469 0.0640625
3 0.45625 0.211328 0.015625 0.0179687
3 0.483203 0.207422 0.0132812 0.0148437
4 0.471875 0.216406 0.0078125 0.0109375
5 0.46875 0.226953 0.0203125 0.0148437
6 0.427734 0.211719 0.0195312 0.0234375
6 0.510938 0.198047 0.0203125 0.0210938
7 0.467969 0.191797 0.0703125 0.0335937
8 0.469141 0.262109 0.0304687 0.0320312
9 0.483203 0.351953 0.146094 0.183594
10 0.391016 0.342578 0.0632812 0.122656
10 0.58125 0.315625 0.117188 0.101562
11 0.378125 0.383203 0.0390625 0.0382813
11 0.61875 0.346484 0.0421875 0.0429688
12 0.503516 0.521875 0.0976562 0.239063
12 0.567578 0.51875 0.124219 0.210938
13 0.502734 0.614453 0.0960938 0.0554687
13 0.588672 0.589063 0.0804688 0.0703125
14 0.477344 0.298047 0.021875 0.0367188
15 0.536719 0.371875 0.0359375 0.0296875
16 0.533203 0.749609 0.0882813 0.0507812
16 0.648047 0.750391 0.0898438 0.0585938
17 0.517578 0.681641 0.0820312 0.0507812
17 0.634375 0.667969 0.09375 0.0546875
