0 0.450781 0.325 0.346875 0.573438
1 0.436328 0.138281 0.177344 0.165625
2 0.435156 0.173828 0.176563 0.0914062
3 0.395703 0.146094 0.0117188 0.0328125
3 0.441406 0.143359 0.009375 0.0242188
4 0.417578 0.169531 0.0148437 0.0109375
5 0.417578 0.195312 0.0257812 0.028125
6 0.355859 0.172656 0.0164063 0.0296875
6 0.509375 0.164453 0.0265625 0.0304687
7 0.416016 0.0898438 0.174219 0.1
8 0.442578 0.221875 0.0664062 0.03125
9 0.442969 0.33125 0.140625 0.2
10 0.326953 0.308203 0.0992187 0.105469
10 0.557422 0.317969 0.130469 0.142187
11 0.311328 0.336328 0.0664062 0.0523438
11 0.578516 0.352734 0.0851563 0.0710937
12 0.378125 0.510938 0.103125 0.189062
12 0.471094 0.515234 0.08125 0.191406
13 0.365625 0.572266 0.08125 0.0664062
13 0.475391 0.590234 0.0695313 0.0382813
14 0.437891 0.269141 0.0164063 0.0414062
15 0.391016 0.400391 0.0335937 0.0398437
15 0.49375 0.406641 0.034375 0.0414062
16 0.713672 0.271875 0.136719 0.096875
16 0.864844 0.263672 0.121875 0.0945312
17 0.687109 0.553516 0.155469 0.100781
17 0.857031 0.55 0.134375 0.101562
