0 0.460938 0.558594 0.276562 0.529687
1 0.41875 0.369922 0.1875 0.152344
2 0.41875 0.390625 0.1875 0.110937
3 0.391797 0.398828 0.0226562 0.0148437
3 0.433203 0.396094 0.0273438 0.0140625
4 0.418359 0.407813 0.00859375 0.025
5 0.416797 0.422656 0.0335937 0.0203125
6 0.497266 0.360547 0.0304687 0.0507812
6 0.341797 0.36875 0.0335937 0.0421875
7 0.416406 0.341797 0.148438 0.0960938
8 0.432031 0.456641 0.0375 0.0398437
9 0.448828 0.551172 0.0617188 0.158594
10 0.373437 0.557422 0.101562 0.171094
10 0.514453 0.552734 0.125781 0.152344
11 0.350391 0.609766 0.0554687 0.0664062
11 0.545312 0.604688 0.0625 0.0484375
12 0.426172 0.721484 0.0898438 0.203906
12 0.53125 0.717578 0.135937 0.200781
13 0.426172 0.789844 0.0898438 0.0671875
13 0.542578 0.7875 0.113281 0.0609375
14 0.441016 0.549219 0.0304687 0.09375
15 0.451172 0.657031 0.0273438 0.0390625
15 0.473438 0.649219 0.0265625 0.040625
16 0.233594 0.767578 0.103125 0.100781
16 0.692969 0.798828 0.117188 0.0882813
17 0.217969 0.590234 0.0859375 0.0773438
17 0.728125 0.580859 0.1125 0.100781
