0 0.458203 0.430078 0.244531 0.422656
1 0.485547 0.288672 0.175781 0.139844
2 0.485938 0.323828 0.175 0.0695313
3 0.453125 0.320312 0.0171875 0.0171875
3 0.510938 0.317188 0.021875 0.0078125
4 0.476953 0.325391 0.00546875 0.00703125
5 0.48125 0.337109 0.0265625 0.00546875
6 0.407422 0.319141 0.0179687 0.0335937
6 0.559375 0.305859 0.028125 0.0351562
7 0.490625 0.261719 0.165625 0.0859375
8 0.478516 0.359375 0.0164063 0.01875
9 0.463672 0.414844 0.0664062 0.10625
10 0.388672 0.366797 0.103906 0.0539063
10 0.538281 0.374219 0.0828125 0.0421875
11 0.351953 0.361719 0.0304687 0.04375
11 0.565625 0.372266 0.028125 0.0382813
12 0.434375 0.549609 0.0515625 0.175781
12 0.465625 0.548828 0.05 0.183594
13 0.428125 0.618359 0.0375 0.0382813
13 0.457813 0.622656 0.0328125 0.0359375
14 0.458594 0.479297 0.0140625 0.0320312
15 0.438672 0.477734 0.0273438 0.0398437
15 0.478516 0.483594 0.0226562 0.0421875
16 0.615625 0.557031 0.0625 0.0921875
16 0.691406 0.557031 0.0703125 0.101562
17 0.598828 0.655859 0.0976562 0.0710937
17 0.708984 0.659766 0.108594 0.0835937
