0 0.563281 0.395313 0.357812 0.6625
1 0.567578 0.216406 0.338281 0.304688
2 0.567969 0.255469 0.335938 0.223438
3 0.488672 0.219922 0.0210938 0.0210938
3 0.630078 0.222266 0.0179687 0.0210938
4 0.554688 0.243359 0.0265625 0.0398437
5 0.553516 0.292969 0.0789062 0.0296875
6 0.413281 0.167969 0.0265625 0.0453125
6 0.721875 0.190625 0.0296875 0.0453125
7 0.566797 0.112109 0.282031 0.0960938
8 0.542969 0.390625 0.0625 0.0640625
9 0.56875 0.503906 0.1 0.190625
10 0.457422 0.460156 0.141406 0.096875
10 0.672656 0.482812 0.1375 0.1375
11 0.410547 0.473047 0.0492187 0.0726563
11 0.702734 0.508984 0.0820312 0.0851563
12 0.544922 0.65625 0.102344 0.142187
12 0.639062 0.65 0.0875 0.15
13 0.530859 0.714844 0.0710937 0.021875
13 0.645703 0.707031 0.0726563 0.0359375
14 0.559766 0.508984 0.0273438 0.0976562
15 0.544141 0.632031 0.0320312 0.0328125
15 0.621875 0.625781 0.028125 0.028125
16 0.813281 0.546094 0.059375 0.0421875
16 0.914844 0.550781 0.0609375 0.0453125
17 0.808594 0.637109 0.0546875 0.0304687
17 0.909766 0.642969 0.0726563 0.0359375
