0 0.394922 0.276562 0.194531 0.310937
1 0.408594 0.176563 0.167187 0.104688
2 0.408984 0.201172 0.166406 0.0554687
3 0.389062 0.192188 0.0140625 0.0140625
3 0.423047 0.192578 0.0132812 0.0101563
4 0.405469 0.200781 0.0109375 0.009375
5 0.40625 0.213281 0.04375 0.01875
6 0.478516 0.1875 0.0257812 0.0265625
6 0.3375 0.1875 0.0234375 0.025
7 0.410547 0.155078 0.125781 0.0601563
8 0.398828 0.23125 0.0351562 0.01875
9 0.3875 0.279687 0.04375 0.084375
10 0.435156 0.276562 0.0546875 0.0734375
10 0.337891 0.273047 0.0742188 0.0664062
11 0.325 0.2875 0.05 0.0375
11 0.436328 0.297266 0.0523438 0.0320312
12 0.408984 0.370312 0.0382813 0.107813
12 0.358203 0.372266 0.0695313 0.113281
13 0.344531 0.414844 0.040625 0.028125
13 0.411719 0.410938 0.03125 0.0265625
14 0.390234 0.271094 0.0164063 0.0484375
15 0.398438 0.328125 0.0171875 0.01875
15 0.380859 0.327734 0.0164063 0.0195312
16 0.688281 0.41875 0.06875 0.046875
16 0.608203 0.424609 0.0695313 0.0523438
17 0.635156 0.344141 0.09375 0.0460938
17 0.639453 0.277734 0.0882813 0.0460938
