0 0.456641 0.375 0.342969 0.584375
1 0.469141 0.180859 0.239844 0.194531
2 0.470313 0.196875 0.240625 0.164062
3 0.442578 0.144531 0.0210938 0.0234375
3 0.510156 0.151172 0.0234375 0.0257812
4 0.464453 0.189453 0.0257812 0.0414062
5 0.451562 0.234375 0.0640625 0.0390625
6 0.367188 0.182031 0.0375 0.053125
6 0.569531 0.178125 0.04375 0.059375
7 0.468359 0.121094 0.175781 0.0703125
8 0.458984 0.296094 0.0367188 0.05625
9 0.456641 0.403125 0.125781 0.179688
10 0.347656 0.426953 0.11875 0.175781
10 0.568359 0.440234 0.117969 0.208594
11 0.321875 0.485547 0.06875 0.0585938
11 0.585547 0.501563 0.0835937 0.0859375
12 0.423438 0.571484 0.0609375 0.191406
12 0.509375 0.566016 0.0765625 0.197656
13 0.422656 0.640625 0.0609375 0.053125
13 0.510938 0.632812 0.071875 0.0625
14 0.458984 0.392969 0.0492187 0.11875
15 0.423828 0.455469 0.0367188 0.0453125
15 0.493359 0.440234 0.0273438 0.0351562
16 0.765234 0.607812 0.0960938 0.117188
16 0.879297 0.603906 0.0898438 0.110937
17 0.798438 0.234375 0.0734375 0.0859375
17 0.885938 0.227734 0.065625 0.0820312
