0 0.455859 0.25 0.128906 0.290625
1 0.45625 0.151562 0.09375 0.09375
2 0.45625 0.161328 0.09375 0.0726563
3 0.436719 0.149219 0.015625 0.0171875
3 0.473438 0.150781 0.0171875 0.01875
4 0.451562 0.169531 0.01875 0.021875
5 0.448828 0.186328 0.0289063 0.0101563
6 0.417578 0.135156 0.0148437 0.01875
6 0.496484 0.140625 0.0132812 0.0203125
7 0.458203 0.119922 0.0710937 0.0304687
8 0.445312 0.201953 0.01875 0.0148437
9 0.456641 0.248828 0.0570312 0.0898438
10 0.501563 0.247266 0.0359375 0.0867187
10 0.409766 0.253906 0.0367188 0.0921875
11 0.403906 0.286328 0.0234375 0.0242188
11 0.508594 0.277734 0.0234375 0.0257812
12 0.478516 0.327734 0.0351562 0.103906
12 0.445703 0.339453 0.0335937 0.110156
13 0.441016 0.383984 0.0179687 0.0210938
13 0.485938 0.367969 0.0203125 0.025
14 0.451953 0.231641 0.0101563 0.0273438
15 0.480859 0.287891 0.0164063 0.0226562
15 0.440234 0.301563 0.0148437 0.0265625
16 0.748828 0.259375 0.0523438 0.053125
16 0.687109 0.252344 0.0429688 0.0453125
17 0.739453 0.313672 0.0320312 0.0335937
17 0.686328 0.310547 0.0398437 0.0335937
