0 0.509766 0.470703 0.297656 0.596094
1 0.523828 0.288672 0.267969 0.232031
2 0.521094 0.339062 0.2625 0.13125
3 0.456641 0.307031 0.0132812 0.0171875
3 0.573047 0.319922 0.0132812 0.0179687
4 0.511719 0.325781 0.028125 0.0421875
5 0.514062 0.375391 0.040625 0.0226562
6 0.405469 0.299609 0.03125 0.0492187
6 0.635938 0.328516 0.0328125 0.0382813
7 0.540625 0.232422 0.232813 0.119531
8 0.505469 0.413281 0.0453125 0.03125
9 0.485547 0.491797 0.125781 0.144531
10 0.399219 0.506641 0.0765625 0.124219
10 0.569531 0.533203 0.0828125 0.164844
11 0.383203 0.541406 0.0460938 0.0546875
11 0.580078 0.586719 0.0554687 0.0578125
12 0.424219 0.657813 0.115625 0.225
12 0.515234 0.65 0.0664062 0.198437
13 0.400781 0.740625 0.06875 0.0578125
13 0.5125 0.727734 0.0734375 0.0429688
14 0.488281 0.488672 0.021875 0.0882813
15 0.454688 0.537109 0.0375 0.0273438
16 0.646484 0.723828 0.121094 0.107031
16 0.767578 0.711719 0.108594 0.0890625
17 0.172266 0.694141 0.0710937 0.0492187
17 0.278125 0.698047 0.0859375 0.0476562
