0 0.451172 0.532813 0.205469 0.34375
1 0.462891 0.413281 0.124219 0.104688
2 0.463281 0.432031 0.123438 0.0671875
3 0.444531 0.405859 0.01875 0.0132812
3 0.472266 0.414062 0.0148437 0.01875
4 0.453125 0.428516 0.0125 0.0148437
5 0.453906 0.441797 0.0296875 0.0195312
6 0.4125 0.421484 0.0234375 0.0398437
6 0.517578 0.417969 0.0148437 0.0234375
7 0.461328 0.374609 0.0757812 0.0273438
8 0.457422 0.466406 0.0226562 0.025
9 0.450781 0.533984 0.0578125 0.122656
10 0.398438 0.488672 0.1 0.0398437
10 0.512891 0.480859 0.0804688 0.0398437
11 0.369531 0.491797 0.0421875 0.0335937
11 0.541797 0.477344 0.0226562 0.0328125
12 0.410938 0.642969 0.071875 0.123438
12 0.482812 0.64375 0.071875 0.114062
13 0.497266 0.681641 0.0429688 0.0382813
13 0.403906 0.685937 0.0578125 0.0375
14 0.455859 0.534375 0.0132812 0.0515625
15 0.424219 0.60625 0.025 0.034375
15 0.470313 0.611328 0.021875 0.0320312
16 0.632422 0.770312 0.0648438 0.05625
16 0.725 0.766016 0.0671875 0.0539063
17 0.625 0.687891 0.0671875 0.0570312
17 0.687891 0.683203 0.0570312 0.0507812
