0 0.438672 0.464453 0.441406 0.788281
1 0.425781 0.191406 0.229687 0.235937
2 0.425781 0.242969 0.229687 0.132812
3 0.455859 0.219922 0.0445313 0.0164063
3 0.378516 0.228125 0.0320312 0.0203125
4 0.423047 0.235937 0.0351562 0.0453125
5 0.414062 0.280469 0.071875 0.0234375
6 0.324219 0.225781 0.025 0.0296875
6 0.526563 0.200781 0.0265625 0.046875
7 0.425 0.143359 0.2 0.138281
8 0.411328 0.320703 0.0539063 0.0398437
9 0.38125 0.447656 0.229687 0.264062
10 0.304688 0.330859 0.170313 0.235156
10 0.574609 0.312109 0.167969 0.249219
11 0.369141 0.232813 0.0398437 0.0359375
11 0.625 0.210547 0.0515625 0.0429688
12 0.287109 0.761719 0.0757812 0.190625
12 0.463672 0.741797 0.0710937 0.194531
13 0.282422 0.830078 0.0648438 0.0539063
13 0.464453 0.808203 0.0695313 0.0617188
14 0.392969 0.431641 0.0296875 0.0898438
15 0.446484 0.515234 0.0757812 0.0804688
15 0.305469 0.523438 0.075 0.08125
15 0.469141 0.378906 0.0382813 0.03125
16 0.763281 0.789453 0.040625 0.0492187
16 0.820703 0.789844 0.0367188 0.040625
17 0.589453 0.784766 0.0398437 0.0476562
17 0.648047 0.780078 0.0367188 0.0320312
