0 0.538281 0.508203 0.298438 0.753906
1 0.537891 0.272656 0.296094 0.282813
2 0.538281 0.315234 0.296875 0.197656
3 0.496484 0.330078 0.0195312 0.0273438
3 0.585938 0.339453 0.01875 0.0273438
4 0.550391 0.336719 0.0242188 0.0203125
5 0.541797 0.360938 0.0351562 0.01875
6 0.4125 0.259375 0.04375 0.0859375
6 0.655078 0.309375 0.0617188 0.08125
7 0.540234 0.232031 0.263281 0.2
8 0.540625 0.426563 0.0375 0.0375
9 0.545703 0.553125 0.169531 0.220312
10 0.454688 0.575391 0.059375 0.222656
10 0.630078 0.585156 0.0585938 0.242188
11 0.450781 0.661719 0.0390625 0.05
11 0.637109 0.682813 0.0445313 0.0484375
12 0.596875 0.767188 0.109375 0.235937
12 0.500781 0.761719 0.096875 0.240625
13 0.492578 0.853906 0.0632812 0.0546875
13 0.619531 0.858594 0.0640625 0.0515625
14 0.541406 0.540234 0.028125 0.117969
15 0.480859 0.694531 0.0460938 0.04375
15 0.611719 0.710156 0.0421875 0.0484375
16 0.929688 0.553906 0.0953125 0.08125
16 0.771875 0.558594 0.0984375 0.0875
17 0.849219 0.775 0.065625 0.0703125
17 0.935937 0.801172 0.065625 0.0539063
