0 0.458594 0.394922 0.370312 0.694531
1 0.446094 0.136719 0.1375 0.175
2 0.446094 0.183203 0.135937 0.0820312
3 0.419531 0.171484 0.0140625 0.0195312
3 0.471094 0.1625 0.0140625 0.0171875
4 0.446875 0.175 0.009375 0.0125
5 0.450391 0.198828 0.0242188 0.0179687
6 0.388281 0.169922 0.01875 0.0242188
6 0.506641 0.159766 0.0148437 0.0289063
7 0.444141 0.103906 0.146094 0.107813
8 0.457422 0.234375 0.0320312 0.0359375
9 0.484766 0.328516 0.110156 0.175781
10 0.353906 0.334766 0.157812 0.167969
10 0.550391 0.33125 0.0820312 0.173437
11 0.573438 0.393359 0.034375 0.0492187
11 0.3 0.285547 0.0515625 0.0617188
12 0.467578 0.655469 0.0992187 0.171875
12 0.590625 0.636328 0.110937 0.175781
13 0.467187 0.716406 0.096875 0.05
13 0.595703 0.689453 0.0976562 0.0695313
14 0.46875 0.315625 0.01875 0.0203125
15 0.519141 0.383594 0.0351562 0.0453125
15 0.448437 0.394141 0.034375 0.0429688
15 0.464062 0.448828 0.0328125 0.0320312
15 0.522266 0.437109 0.0289063 0.0304687
16 0.120703 0.7375 0.0898438 0.0546875
16 0.20625 0.735547 0.0765625 0.0554687
17 0.303125 0.727734 0.0734375 0.0460938
17 0.377734 0.723437 0.0648438 0.04375
