0 0.470313 0.402344 0.2625 0.653125
1 0.491016 0.185156 0.219531 0.215625
2 0.489063 0.233984 0.220312 0.117969
3 0.460938 0.211719 0.034375 0.0296875
3 0.535156 0.217578 0.0296875 0.0289063
4 0.501563 0.217969 0.0171875 0.0265625
5 0.5 0.254688 0.05 0.0203125
6 0.39375 0.205859 0.03125 0.0460938
6 0.577734 0.21875 0.0414062 0.04375
7 0.501953 0.13125 0.199219 0.10625
8 0.480859 0.3125 0.0664062 0.0671875
9 0.471484 0.417187 0.191406 0.165625
10 0.369922 0.444141 0.0601563 0.186719
10 0.568359 0.438281 0.0492187 0.192188
11 0.364063 0.516016 0.0453125 0.0429688
11 0.569531 0.510938 0.046875 0.0484375
12 0.41875 0.661328 0.053125 0.130469
12 0.485547 0.647266 0.0726563 0.147656
13 0.420703 0.703906 0.0476562 0.0453125
13 0.479297 0.692578 0.0632812 0.0539063
14 0.475391 0.397266 0.0367188 0.0539063
15 0.417969 0.532813 0.0484375 0.046875
15 0.507812 0.520703 0.0453125 0.0398437
16 0.657031 0.894922 0.0609375 0.0914062
16 0.745703 0.917969 0.0476562 0.0609375
17 0.230078 0.905859 0.114844 0.0992187
17 0.372266 0.932422 0.103906 0.0867187
