0 0.297656 0.630859 0.223438 0.446094
1 0.300781 0.502734 0.204687 0.188281
2 0.3 0.563672 0.204687 0.0648438
3 0.269141 0.547656 0.0445313 0.0109375
3 0.356641 0.547266 0.0382813 0.0117188
4 0.3125 0.55625 0.0125 0.0171875
5 0.314453 0.577344 0.0476562 0.01875
6 0.2125 0.54375 0.0265625 0.0234375
6 0.389453 0.545703 0.0257812 0.0242188
7 0.302344 0.469531 0.201563 0.123438
8 0.310547 0.600391 0.0226562 0.0164063
9 0.301563 0.653125 0.05 0.101562
10 0.237109 0.64375 0.0945312 0.065625
10 0.355859 0.655469 0.0617188 0.096875
11 0.20625 0.660156 0.03125 0.034375
11 0.364844 0.686719 0.0453125 0.03125
12 0.242188 0.753906 0.110937 0.114062
12 0.340625 0.772656 0.1 0.153125
13 0.204687 0.794141 0.03125 0.0304687
13 0.366016 0.830469 0.0492187 0.0375
14 0.304297 0.641406 0.0117188 0.0328125
15 0.293359 0.675 0.0132812 0.0203125
15 0.312109 0.676172 0.0132812 0.0210938
16 0.653516 0.380078 0.0851563 0.0601563
16 0.801562 0.383594 0.06875 0.0515625
17 0.656641 0.632812 0.0914062 0.053125
17 0.773438 0.630859 0.0890625 0.0414062
