0 0.498828 0.565625 0.257031 0.448437
1 0.490234 0.393359 0.130469 0.103906
2 0.489844 0.407813 0.129688 0.075
3 0.470703 0.404687 0.0335937 0.0109375
3 0.512109 0.402344 0.0257812 0.0078125
4 0.495312 0.417578 0.00625 0.0257812
5 0.490234 0.428906 0.0382813 0.0125
6 0.436328 0.388281 0.0226562 0.03125
6 0.544141 0.394141 0.0210938 0.0445313
7 0.486719 0.367188 0.104688 0.0484375
8 0.487891 0.463672 0.0585938 0.0554687
9 0.493359 0.541797 0.114844 0.138281
10 0.407031 0.535547 0.0703125 0.0992187
10 0.586328 0.529297 0.0804688 0.0914062
11 0.393359 0.558984 0.0429688 0.0507812
11 0.598437 0.548047 0.05625 0.0554687
12 0.451172 0.681641 0.0914062 0.208594
12 0.542969 0.693359 0.0921875 0.191406
13 0.4375 0.767578 0.0640625 0.0367188
13 0.553516 0.766406 0.0710937 0.0453125
14 0.488672 0.538672 0.0445313 0.107031
15 0.528906 0.523438 0.0265625 0.0375
16 0.738281 0.705078 0.0859375 0.0398437
16 0.837891 0.703516 0.0789062 0.0398437
17 0.560547 0.891406 0.0914062 0.0640625
17 0.359766 0.880469 0.0945312 0.065625
