0 0.471484 0.571094 0.246094 0.742188
1 0.463281 0.325781 0.23125 0.253125
2 0.463281 0.394922 0.23125 0.114844
3 0.412891 0.362109 0.0414062 0.0210938
3 0.504687 0.364063 0.0421875 0.0234375
4 0.454297 0.396484 0.0148437 0.0398437
5 0.459766 0.427734 0.0679687 0.0257812
6 0.361719 0.363281 0.021875 0.034375
6 0.567578 0.357031 0.0210938 0.0390625
7 0.462109 0.268359 0.228906 0.136719
8 0.467969 0.484375 0.0625 0.0796875
9 0.479687 0.611328 0.1375 0.196094
10 0.388281 0.627734 0.0546875 0.200781
10 0.564063 0.615234 0.059375 0.192969
11 0.379688 0.711328 0.0375 0.0351562
11 0.575391 0.7 0.0367188 0.0234375
12 0.449609 0.819922 0.0773438 0.246094
12 0.524219 0.815234 0.0734375 0.247656
13 0.444141 0.921875 0.0664062 0.0421875
13 0.530859 0.916797 0.0585938 0.0429688
14 0.466406 0.6125 0.01875 0.0703125
15 0.501172 0.581641 0.0398437 0.0320312
16 0.735156 0.623047 0.08125 0.0429688
16 0.832031 0.620703 0.0765625 0.0414062
17 0.733203 0.553516 0.0851563 0.0492187
17 0.837109 0.551172 0.0742188 0.0460938
