0 0.499219 0.485156 0.404687 0.939063
1 0.517969 0.156641 0.270313 0.280469
2 0.517578 0.207813 0.269531 0.178125
3 0.467578 0.132422 0.0507812 0.0179687
3 0.558984 0.145703 0.0460938 0.0195312
4 0.515234 0.193359 0.0304687 0.0304687
5 0.513672 0.259375 0.0273438 0.0328125
6 0.398828 0.165234 0.0304687 0.0679687
6 0.633203 0.153125 0.0382813 0.0671875
7 0.523828 0.0640625 0.230469 0.0921875
8 0.50625 0.294922 0.109375 0.0460938
9 0.505078 0.478906 0.275781 0.301563
10 0.35 0.498828 0.1 0.336719
10 0.661719 0.48125 0.0765625 0.307812
11 0.348047 0.631641 0.0648438 0.0710937
11 0.660156 0.6125 0.0734375 0.0453125
12 0.409766 0.779297 0.185156 0.349219
12 0.592969 0.751563 0.189062 0.317188
13 0.3875 0.91875 0.140625 0.06875
13 0.620703 0.882812 0.133594 0.0546875
14 0.482422 0.49375 0.0398437 0.125
15 0.41875 0.660937 0.0875 0.078125
15 0.582422 0.643359 0.0492187 0.0585938
16 0.745313 0.647266 0.084375 0.0523438
16 0.844922 0.666797 0.0757812 0.0632812
17 0.806641 0.375781 0.0929688 0.09375
17 0.902344 0.3875 0.0796875 0.115625
