0 0.355859 0.496484 0.278906 0.675781
1 0.358203 0.288672 0.274219 0.263281
2 0.35625 0.333203 0.279687 0.172656
3 0.308203 0.277734 0.0179687 0.0382813
3 0.382031 0.272266 0.015625 0.0351562
4 0.347266 0.308594 0.0101563 0.01875
5 0.344141 0.340234 0.0601563 0.0304687
6 0.478516 0.280469 0.0335937 0.0421875
6 0.239844 0.305078 0.0375 0.0460938
7 0.342969 0.229297 0.226562 0.142969
8 0.344531 0.432422 0.101562 0.0648438
9 0.347656 0.557422 0.115625 0.210156
10 0.254297 0.561719 0.0742188 0.201563
10 0.430078 0.55625 0.0679687 0.178125
11 0.237109 0.641016 0.0398437 0.0414062
11 0.439453 0.624219 0.0492187 0.0421875
12 0.321094 0.740625 0.04375 0.1875
12 0.375 0.738281 0.0640625 0.189062
13 0.321484 0.8125 0.0445313 0.04375
13 0.380469 0.805078 0.0515625 0.0539063
14 0.343359 0.565625 0.0226562 0.084375
15 0.315625 0.628906 0.0265625 0.0296875
15 0.371484 0.621875 0.0320312 0.0265625
16 0.644531 0.439453 0.059375 0.141406
16 0.726953 0.442578 0.0570312 0.127344
17 0.625 0.619531 0.0546875 0.0875
17 0.685547 0.628125 0.0460938 0.071875
