0 0.303516 0.585156 0.389844 0.653125
1 0.338672 0.325 0.186719 0.128125
2 0.340234 0.338281 0.185156 0.0984375
3 0.314063 0.326953 0.025 0.0257812
3 0.357031 0.316016 0.0265625 0.0257812
4 0.335547 0.34375 0.0132812 0.01875
5 0.332422 0.361328 0.0304687 0.0210938
6 0.261719 0.336328 0.028125 0.0273438
6 0.415625 0.316797 0.03125 0.0289063
7 0.344531 0.283594 0.126562 0.0453125
8 0.324219 0.411328 0.0421875 0.0601563
9 0.323437 0.550391 0.160938 0.224219
10 0.180859 0.488281 0.141406 0.1375
10 0.448828 0.492188 0.0992187 0.121875
11 0.149609 0.455078 0.0804688 0.0726563
11 0.469141 0.465234 0.0617188 0.0679687
12 0.280078 0.782422 0.117969 0.258594
12 0.385937 0.770703 0.148438 0.255469
13 0.279687 0.870703 0.117188 0.0882813
13 0.389844 0.860547 0.139063 0.0773438
14 0.31875 0.683594 0.0328125 0.034375
15 0.273438 0.704297 0.0296875 0.0367188
15 0.349219 0.695312 0.0328125 0.0296875
16 0.515625 0.775 0.071875 0.046875
16 0.501953 0.834375 0.0554687 0.0375
17 0.509375 0.617578 0.0609375 0.0679687
17 0.521094 0.684766 0.06875 0.0664062
