0 0.244922 0.615625 0.207031 0.64375
1 0.245312 0.396875 0.210938 0.20625
2 0.244141 0.465625 0.208594 0.06875
3 0.200391 0.451953 0.0367188 0.0117188
3 0.283594 0.452734 0.0296875 0.0101563
4 0.240234 0.459766 0.00859375 0.0132812
5 0.238672 0.474219 0.0320312 0.0109375
6 0.155078 0.454297 0.0257812 0.0226562
6 0.333594 0.446875 0.025 0.025
7 0.239453 0.359766 0.196094 0.130469
8 0.234375 0.507422 0.0578125 0.0289063
9 0.239063 0.609375 0.117188 0.2
10 0.165625 0.619141 0.04375 0.163281
10 0.313672 0.605078 0.0664062 0.169531
11 0.159766 0.688672 0.0335937 0.0226562
11 0.3 0.674609 0.0171875 0.0273438
12 0.224609 0.820703 0.0710937 0.236719
12 0.283203 0.815625 0.0664062 0.242188
13 0.230469 0.921484 0.03125 0.0320312
13 0.286719 0.915234 0.028125 0.0382813
14 0.232813 0.599219 0.025 0.1125
15 0.217188 0.74375 0.053125 0.0890625
15 0.278516 0.733984 0.0585938 0.0929688
16 0.621484 0.715234 0.0398437 0.0726563
16 0.702734 0.707031 0.0523438 0.0671875
17 0.636719 0.608203 0.1125 0.0789062
17 0.788672 0.609766 0.108594 0.0914062
