0 0.514844 0.595703 0.2375 0.538281
1 0.513281 0.391797 0.153125 0.117969
2 0.514062 0.420703 0.15 0.0539063
3 0.492969 0.405078 0.0234375 0.0195312
3 0.535156 0.405469 0.0203125 0.01875
4 0.516016 0.408203 0.0132812 0.0210938
5 0.517578 0.428516 0.0335937 0.0132812
6 0.453906 0.408984 0.0296875 0.0289063
6 0.575 0.407422 0.0265625 0.0257812
7 0.513281 0.363281 0.117188 0.0609375
8 0.516406 0.457813 0.0484375 0.0359375
9 0.516797 0.540625 0.128906 0.145313
10 0.432031 0.547266 0.0640625 0.144531
10 0.602344 0.54375 0.059375 0.142187
11 0.413672 0.605078 0.0304687 0.0351562
11 0.609766 0.592187 0.0445313 0.0453125
12 0.471094 0.732422 0.0875 0.260156
12 0.542188 0.726562 0.0734375 0.25625
13 0.455859 0.832422 0.0492187 0.0570312
13 0.547266 0.819141 0.0445313 0.0570312
14 0.51875 0.53125 0.021875 0.0859375
15 0.485156 0.582812 0.040625 0.040625
16 0.770703 0.601562 0.0960938 0.0578125
16 0.927344 0.601562 0.096875 0.0484375
17 0.738672 0.444141 0.110156 0.0554687
17 0.917188 0.425781 0.1 0.0671875
