0 0.440234 0.346875 0.330469 0.60625
1 0.416797 0.109375 0.144531 0.129688
2 0.416797 0.129297 0.144531 0.0898438
3 0.401953 0.116406 0.0132812 0.009375
3 0.420703 0.108203 0.0132812 0.0148437
4 0.414453 0.124609 0.0101563 0.0101563
5 0.414453 0.133594 0.0460938 0.0359375
6 0.36875 0.10625 0.0484375 0.0453125
6 0.472266 0.104688 0.0335937 0.0359375
7 0.426563 0.0722656 0.090625 0.0539063
8 0.427344 0.21875 0.0421875 0.128125
9 0.433203 0.384375 0.119531 0.217188
10 0.330078 0.405469 0.108594 0.178125
10 0.546094 0.408984 0.115625 0.111719
11 0.325391 0.471484 0.0992187 0.0460938
11 0.570312 0.429688 0.06875 0.0703125
12 0.423828 0.561719 0.0867187 0.176563
12 0.5 0.555469 0.115625 0.153125
13 0.424219 0.610938 0.0875 0.0765625
13 0.512109 0.592969 0.0914062 0.078125
14 0.424609 0.374609 0.0398437 0.138281
15 0.469531 0.431641 0.03125 0.0320312
15 0.405078 0.448437 0.0273438 0.0328125
16 0.695312 0.373828 0.0890625 0.0601563
16 0.825 0.369531 0.0859375 0.065625
17 0.705859 0.501953 0.119531 0.0945312
17 0.846094 0.471094 0.1125 0.104688
