0 0.503125 0.610156 0.175 0.401562
1 0.49375 0.462891 0.15625 0.107031
2 0.49375 0.485938 0.15625 0.0609375
3 0.475391 0.471875 0.0242188 0.021875
3 0.510938 0.473047 0.0234375 0.0257812
4 0.494531 0.476172 0.015625 0.0195312
5 0.494922 0.492188 0.0351562 0.0125
6 0.429688 0.470703 0.028125 0.0304687
6 0.557031 0.471094 0.0296875 0.028125
7 0.488672 0.436328 0.102344 0.0539063
8 0.500391 0.526172 0.0351562 0.0414062
9 0.504297 0.591016 0.0726563 0.105469
10 0.445703 0.597266 0.0523438 0.102344
10 0.562891 0.595313 0.0554687 0.103125
11 0.434375 0.635938 0.0296875 0.025
11 0.577344 0.632422 0.0265625 0.0289063
12 0.463281 0.723047 0.0734375 0.175781
12 0.514062 0.724219 0.04375 0.170313
13 0.452344 0.791406 0.0515625 0.0390625
13 0.514062 0.785547 0.04375 0.0476562
14 0.505469 0.598437 0.0203125 0.0640625
15 0.482422 0.650781 0.0273438 0.0296875
16 0.724219 0.725781 0.096875 0.05
16 0.855859 0.735547 0.0929688 0.0523438
17 0.71875 0.819922 0.0734375 0.0601563
17 0.838281 0.821875 0.0765625 0.0515625
