0 0.507812 0.434375 0.484375 0.7
1 0.503906 0.233203 0.332813 0.297656
2 0.503125 0.285156 0.332813 0.192188
3 0.432422 0.216016 0.0289063 0.0304687
3 0.580859 0.206641 0.0304687 0.0320312
4 0.497266 0.251953 0.0414062 0.0585938
5 0.504687 0.296094 0.08125 0.05625
6 0.358594 0.253516 0.040625 0.0539063
6 0.651563 0.224219 0.0375 0.0578125
7 0.503125 0.148047 0.209375 0.125781
8 0.477734 0.386719 0.0710937 0.0390625
9 0.49375 0.532422 0.19375 0.277344
10 0.346875 0.418359 0.160938 0.160156
10 0.663281 0.420703 0.173437 0.269531
11 0.301953 0.371094 0.0710937 0.065625
11 0.717578 0.323047 0.0648438 0.0726563
12 0.452734 0.716016 0.0710937 0.135156
12 0.553125 0.713281 0.071875 0.117188
13 0.432812 0.750781 0.0328125 0.040625
13 0.569141 0.7375 0.0414062 0.0453125
14 0.489063 0.483594 0.040625 0.101562
15 0.453906 0.629687 0.04375 0.05
16 0.7875 0.789062 0.0875 0.08125
16 0.873047 0.776953 0.0648438 0.0632812
17 0.758594 0.675781 0.075 0.065625
17 0.85 0.672656 0.0703125 0.0640625
