0 0.410156 0.464844 0.445312 0.515625
1 0.415234 0.277734 0.178906 0.136719
2 0.414844 0.291406 0.179688 0.109375
3 0.389844 0.260937 0.01875 0.0234375
3 0.437109 0.257812 0.0226562 0.0390625
4 0.412109 0.269531 0.0117188 0.0203125
5 0.414062 0.300781 0.0328125 0.0296875
6 0.485938 0.271484 0.0328125 0.0429688
6 0.345313 0.291406 0.0390625 0.0453125
7 0.425781 0.238281 0.140625 0.0546875
8 0.392578 0.35625 0.0460938 0.05625
9 0.392188 0.411719 0.129688 0.110937
10 0.266406 0.432031 0.153125 0.117188
10 0.538672 0.370312 0.186719 0.078125
11 0.6 0.369531 0.0640625 0.0796875
11 0.227734 0.432812 0.0835937 0.117188
12 0.405078 0.580859 0.0960938 0.278906
12 0.483984 0.541797 0.144531 0.225781
13 0.407422 0.671875 0.0914062 0.101562
13 0.513281 0.59375 0.0859375 0.121875
14 0.396094 0.413281 0.0234375 0.075
15 0.355469 0.465625 0.03125 0.028125
15 0.454297 0.417187 0.0398437 0.034375
16 0.723437 0.489844 0.0734375 0.115625
16 0.823047 0.4625 0.0773438 0.128125
17 0.925781 0.439063 0.0515625 0.0859375
17 0.976562 0.429297 0.046875 0.0726563
