0 0.476562 0.505078 0.284375 0.644531
1 0.496484 0.283984 0.202344 0.197656
2 0.496484 0.332422 0.202344 0.0976562
3 0.468359 0.310547 0.0414062 0.0289063
3 0.525781 0.304688 0.0359375 0.0296875
4 0.49375 0.333203 0.01875 0.0242188
5 0.495703 0.351953 0.0445313 0.0242188
6 0.581641 0.302344 0.0273438 0.0359375
6 0.410547 0.300781 0.0289063 0.0328125
7 0.500391 0.24375 0.160156 0.117188
8 0.486328 0.389453 0.0382813 0.0335937
9 0.48125 0.467578 0.0796875 0.136719
10 0.392188 0.498437 0.1125 0.165625
10 0.568359 0.480078 0.0992187 0.125781
11 0.358984 0.548047 0.0429688 0.0664062
11 0.59375 0.519141 0.046875 0.0460938
12 0.507422 0.677344 0.0773438 0.295312
12 0.41875 0.674219 0.104688 0.296875
13 0.394531 0.798047 0.05625 0.0476562
13 0.516016 0.801953 0.0585938 0.0476562
14 0.476562 0.459766 0.015625 0.0742188
15 0.448437 0.548828 0.028125 0.0445313
15 0.499219 0.546875 0.0265625 0.03125
16 0.726172 0.375781 0.0867187 0.0859375
16 0.722656 0.456641 0.075 0.0679687
17 0.715625 0.578125 0.078125 0.0734375
17 0.712109 0.655859 0.0585938 0.0804688
