0 0.269531 0.551172 0.415625 0.741406
1 0.269531 0.308984 0.31875 0.249219
2 0.270313 0.353125 0.317188 0.1625
3 0.230469 0.332031 0.05625 0.0609375
3 0.304688 0.332031 0.0625 0.065625
4 0.263672 0.364844 0.0289063 0.0328125
5 0.266016 0.386719 0.0757812 0.0265625
6 0.139844 0.316016 0.053125 0.0867187
6 0.404297 0.31875 0.0476562 0.0625
7 0.274609 0.2375 0.257031 0.104688
8 0.263672 0.448828 0.0554687 0.0539063
9 0.276172 0.58125 0.192969 0.2375
10 0.128906 0.600391 0.129688 0.186719
10 0.414453 0.573047 0.124219 0.196094
11 0.090625 0.658984 0.053125 0.0695313
11 0.445312 0.645312 0.0640625 0.053125
12 0.220312 0.805859 0.0984375 0.232031
12 0.340234 0.799609 0.141406 0.219531
13 0.208594 0.892578 0.075 0.0585938
13 0.355078 0.88125 0.110156 0.05625
14 0.265625 0.547266 0.046875 0.0929688
15 0.208984 0.715234 0.0429688 0.0429688
15 0.350781 0.710156 0.0421875 0.040625
16 0.737109 0.812109 0.114844 0.0914062
16 0.755078 0.888281 0.141406 0.0828125
17 0.59375 0.845313 0.096875 0.0609375
17 0.588281 0.919922 0.109375 0.0726563
