0 0.48125 0.410156 0.223438 0.5
1 0.455078 0.242578 0.169531 0.163281
2 0.455859 0.265234 0.169531 0.117969
3 0.439844 0.247656 0.0140625 0.021875
3 0.480469 0.236328 0.015625 0.0179687
4 0.464844 0.257812 0.0203125 0.01875
5 0.473438 0.280078 0.0484375 0.0320312
6 0.525 0.224609 0.0265625 0.0351562
6 0.386328 0.275781 0.0289063 0.028125
7 0.455469 0.204297 0.129688 0.0898438
8 0.473438 0.333203 0.034375 0.0460938
9 0.504297 0.433984 0.0929688 0.169531
10 0.455078 0.420703 0.0445313 0.130469
10 0.530859 0.410938 0.0867187 0.123438
11 0.460156 0.465625 0.034375 0.0390625
11 0.552734 0.448437 0.0382813 0.0453125
12 0.514844 0.577734 0.0546875 0.160156
12 0.558594 0.569922 0.0640625 0.150781
13 0.514453 0.640234 0.0523438 0.0335937
13 0.567969 0.628906 0.0453125 0.0328125
14 0.504297 0.439063 0.0523438 0.109375
15 0.504687 0.524219 0.025 0.0359375
15 0.544141 0.508594 0.0195312 0.0265625
16 0.696484 0.415625 0.0664062 0.0703125
16 0.741406 0.457422 0.0640625 0.0695313
17 0.759766 0.563672 0.0664062 0.0507812
17 0.766406 0.645312 0.0765625 0.0515625
