0 0.495312 0.373437 0.310937 0.626563
1 0.496484 0.232422 0.307031 0.339844
2 0.483984 0.281641 0.282031 0.241406
3 0.446484 0.183984 0.0351562 0.0367188
3 0.542969 0.187109 0.0328125 0.0351562
4 0.486328 0.247266 0.0320312 0.0257812
5 0.469922 0.308594 0.0804688 0.040625
6 0.602344 0.245703 0.0453125 0.0585938
6 0.367578 0.254688 0.0460938 0.0734375
7 0.5125 0.144922 0.273438 0.161719
8 0.45625 0.408203 0.05 0.0320312
9 0.452734 0.488281 0.114844 0.140625
10 0.372266 0.502344 0.0601563 0.13125
10 0.542188 0.507422 0.05625 0.167969
11 0.365625 0.553906 0.04375 0.028125
11 0.548047 0.575781 0.0429688 0.0296875
12 0.410938 0.616016 0.05625 0.136719
12 0.467969 0.613281 0.0671875 0.13125
13 0.410938 0.667969 0.05625 0.03125
13 0.480859 0.661328 0.0414062 0.0351562
14 0.45 0.495312 0.0265625 0.090625
15 0.487109 0.532422 0.0304687 0.0445313
16 0.208594 0.634375 0.101562 0.0875
16 0.260547 0.705469 0.122656 0.1125
17 0.344141 0.826562 0.136719 0.103125
17 0.503125 0.826953 0.151562 0.107031
