0 0.444531 0.441016 0.471875 0.692969
1 0.478125 0.173828 0.185938 0.157031
2 0.475391 0.204297 0.185156 0.0945312
3 0.446094 0.191406 0.0109375 0.0109375
3 0.508984 0.185547 0.0101563 0.00859375
4 0.471875 0.199609 0.0125 0.0242188
5 0.474609 0.228906 0.0335937 0.0109375
6 0.558203 0.185156 0.0226562 0.028125
6 0.401953 0.192578 0.0351562 0.0414062
7 0.489453 0.13125 0.183594 0.0640625
8 0.469531 0.259375 0.0484375 0.0359375
9 0.447266 0.39375 0.217969 0.246875
10 0.288281 0.412109 0.176563 0.241406
10 0.616406 0.395313 0.13125 0.246875
11 0.248828 0.5 0.0898438 0.0671875
11 0.629687 0.487109 0.0984375 0.0632812
12 0.469141 0.633594 0.110156 0.270313
12 0.378516 0.644531 0.111719 0.284375
13 0.378906 0.757812 0.0984375 0.0546875
13 0.466406 0.746875 0.0953125 0.046875
14 0.46875 0.321484 0.0234375 0.0492187
15 0.371094 0.535156 0.046875 0.05625
15 0.490625 0.521094 0.0546875 0.05
16 0.752344 0.438672 0.084375 0.0835937
16 0.85625 0.420312 0.084375 0.0875
17 0.685156 0.615234 0.0953125 0.0820312
17 0.795703 0.598828 0.0773438 0.0867187
