0 0.451562 0.336719 0.209375 0.432812
1 0.420703 0.182422 0.142969 0.124219
2 0.421094 0.199609 0.140625 0.0882813
3 0.396875 0.187891 0.028125 0.0210938
3 0.437891 0.176563 0.0226562 0.025
4 0.415234 0.197266 0.00546875 0.0164063
5 0.424609 0.217578 0.0210938 0.0132812
6 0.480078 0.169141 0.0226562 0.0273438
6 0.361328 0.196875 0.0210938 0.025
7 0.416016 0.176172 0.121094 0.111719
8 0.428125 0.247266 0.040625 0.0257812
9 0.449219 0.326172 0.110937 0.150781
10 0.380078 0.344922 0.0648438 0.188281
10 0.511719 0.342578 0.0875 0.164844
11 0.376953 0.419922 0.0523438 0.0367188
11 0.531641 0.407031 0.0476562 0.0359375
12 0.433203 0.467187 0.0539063 0.170313
12 0.494531 0.460156 0.075 0.179688
13 0.424219 0.539844 0.03125 0.0234375
13 0.508203 0.537891 0.0460938 0.0226562
14 0.440625 0.321484 0.0296875 0.0820312
15 0.494141 0.396484 0.0257812 0.0289063
15 0.421875 0.416016 0.0296875 0.0289063
16 0.622266 0.303516 0.0570312 0.0851563
16 0.705859 0.295312 0.0570312 0.0671875
17 0.819531 0.285156 0.0765625 0.0421875
17 0.916016 0.282813 0.0867187 0.046875
