0 0.428125 0.458203 0.470313 0.682031
1 0.430859 0.250391 0.280469 0.263281
2 0.430078 0.269141 0.282031 0.225781
3 0.392969 0.179688 0.0359375 0.0390625
3 0.460156 0.179297 0.0375 0.0460938
4 0.429297 0.221875 0.0257812 0.0203125
5 0.427734 0.255078 0.0554687 0.0617188
6 0.546484 0.190234 0.0476562 0.0492187
6 0.305859 0.239844 0.0304687 0.0484375
7 0.386328 0.153125 0.149219 0.0703125
8 0.451562 0.390234 0.05 0.0492187
9 0.432422 0.495703 0.239844 0.178906
10 0.309766 0.486719 0.233594 0.148438
10 0.566016 0.489844 0.192969 0.165625
11 0.217578 0.534375 0.0492187 0.05
11 0.643359 0.546875 0.0382813 0.05
12 0.385156 0.683594 0.084375 0.229687
12 0.510547 0.666016 0.0789062 0.219531
13 0.510938 0.754687 0.078125 0.040625
13 0.385547 0.774609 0.0835937 0.0460938
14 0.451953 0.467969 0.0242188 0.0625
15 0.402734 0.533984 0.0460938 0.0507812
15 0.491016 0.523047 0.0414062 0.0570312
16 0.75 0.572266 0.090625 0.0570312
16 0.882031 0.553516 0.0890625 0.0554687
17 0.739453 0.437891 0.0429688 0.0570312
17 0.809375 0.454688 0.0453125 0.06875
