0 0.516406 0.435156 0.196875 0.36875
1 0.516406 0.346875 0.196875 0.192188
2 0.516406 0.388672 0.196875 0.108594
3 0.485547 0.345703 0.0210938 0.0164063
3 0.534375 0.347266 0.021875 0.0210938
4 0.508594 0.385937 0.0140625 0.034375
5 0.508984 0.415234 0.0476562 0.0335937
6 0.429297 0.372656 0.0226562 0.0359375
6 0.601953 0.361328 0.0257812 0.0304687
7 0.526172 0.300391 0.171094 0.0992187
8 0.501953 0.448437 0.0242188 0.025
9 0.501172 0.501953 0.0351562 0.0929688
10 0.460547 0.508984 0.0460938 0.0882813
10 0.536719 0.494922 0.04375 0.0757812
11 0.451172 0.540234 0.0273438 0.0257812
11 0.547266 0.519531 0.0226562 0.0265625
12 0.516406 0.575 0.0265625 0.071875
12 0.498437 0.580078 0.028125 0.0789062
13 0.519141 0.6 0.0210938 0.021875
13 0.501172 0.608594 0.0226562 0.021875
14 0.502734 0.512891 0.0132812 0.0570312
15 0.494531 0.552344 0.0140625 0.021875
15 0.513281 0.55 0.0125 0.0171875
16 0.705078 0.513281 0.0492187 0.0375
16 0.760938 0.509375 0.0484375 0.0359375
17 0.697266 0.584766 0.0601563 0.0476562
17 0.775781 0.581641 0.0625 0.0507812
