0 0.479687 0.372656 0.228125 0.378125
1 0.489453 0.239063 0.149219 0.104688
2 0.489453 0.251953 0.149219 0.0789062
3 0.50625 0.230078 0.025 0.0101563
3 0.471484 0.234375 0.0320312 0.015625
4 0.490234 0.244922 0.0117188 0.0117188
5 0.492188 0.264062 0.0265625 0.021875
6 0.426563 0.246484 0.021875 0.0195312
6 0.550781 0.223438 0.0265625 0.0234375
7 0.488281 0.206641 0.0734375 0.0445313
8 0.491797 0.294922 0.0242188 0.0445313
9 0.483203 0.383984 0.0992187 0.147656
10 0.423438 0.358594 0.114062 0.09375
10 0.544141 0.341797 0.0976562 0.0617188
11 0.580078 0.358594 0.0257812 0.028125
11 0.382812 0.390625 0.0328125 0.0296875
12 0.453125 0.505859 0.05 0.110156
12 0.497266 0.5 0.0351562 0.114062
13 0.448047 0.544141 0.0398437 0.0335937
13 0.496875 0.542969 0.0328125 0.0265625
14 0.486328 0.360547 0.0210938 0.0398437
15 0.448047 0.439453 0.0210938 0.0304687
15 0.508984 0.432812 0.0226562 0.025
16 0.677344 0.368359 0.0546875 0.0695313
16 0.709766 0.375391 0.0460938 0.0648438
17 0.64375 0.448437 0.0359375 0.040625
17 0.688672 0.442578 0.0382813 0.0382813
