0 0.430078 0.407813 0.269531 0.445312
1 0.429688 0.258203 0.134375 0.141406
2 0.429688 0.277344 0.134375 0.101562
3 0.452344 0.242188 0.021875 0.0265625
3 0.409766 0.241797 0.0273438 0.0304687
4 0.430859 0.259375 0.0164063 0.0234375
5 0.428125 0.286719 0.0484375 0.0265625
6 0.370312 0.254297 0.0125 0.0242188
6 0.487891 0.243359 0.0164063 0.0289063
7 0.432422 0.206641 0.0882813 0.0398437
8 0.432812 0.335547 0.025 0.0226562
9 0.431641 0.399609 0.0851563 0.125781
10 0.516016 0.405469 0.0976562 0.13125
10 0.343359 0.407813 0.0945312 0.120313
11 0.324219 0.428125 0.0546875 0.08125
11 0.542578 0.4375 0.0460938 0.0671875
12 0.405469 0.542969 0.071875 0.171875
12 0.482812 0.523438 0.090625 0.146875
13 0.49375 0.577734 0.0640625 0.0382813
13 0.404687 0.608203 0.0671875 0.0398437
14 0.433594 0.398047 0.025 0.0851563
15 0.403125 0.440234 0.0203125 0.0242188
15 0.463281 0.439844 0.0234375 0.0265625
16 0.725781 0.657422 0.0828125 0.0585938
16 0.626953 0.652344 0.0835937 0.046875
17 0.611719 0.548047 0.0734375 0.0523438
17 0.711719 0.544141 0.071875 0.0601563
