0 0.435156 0.535937 0.442188 0.779687
1 0.471484 0.297266 0.363281 0.296094
2 0.471875 0.3375 0.360938 0.217188
3 0.416406 0.253125 0.0328125 0.0390625
3 0.516406 0.250391 0.0296875 0.0382813
4 0.452344 0.305469 0.0296875 0.0390625
5 0.466016 0.373047 0.107031 0.0226562
6 0.628125 0.280859 0.0484375 0.0601563
6 0.319922 0.287109 0.0570312 0.0617188
7 0.502734 0.192969 0.289844 0.0859375
8 0.426563 0.460938 0.065625 0.0546875
9 0.405859 0.589453 0.183594 0.239844
10 0.276953 0.547266 0.124219 0.138281
10 0.557031 0.528125 0.1375 0.121875
11 0.253906 0.558594 0.0734375 0.090625
11 0.583984 0.528906 0.0835937 0.0875
12 0.421875 0.832031 0.103125 0.15625
12 0.291406 0.840234 0.128125 0.158594
13 0.278516 0.879297 0.0992187 0.0804688
13 0.421875 0.870703 0.101562 0.0789062
14 0.410156 0.521875 0.01875 0.03125
15 0.468359 0.554688 0.0632812 0.059375
16 0.802734 0.363672 0.121094 0.124219
16 0.821094 0.445703 0.1125 0.121094
17 0.813281 0.601953 0.10625 0.108594
17 0.817187 0.73125 0.114062 0.115625
