0 0.476172 0.414844 0.235156 0.332813
1 0.469141 0.29375 0.161719 0.0953125
2 0.468359 0.310156 0.160156 0.0625
3 0.496094 0.292969 0.0265625 0.021875
3 0.446875 0.298828 0.028125 0.0210938
4 0.471484 0.303906 0.0210938 0.015625
5 0.469922 0.324219 0.0398437 0.0234375
6 0.536328 0.290625 0.0242188 0.0234375
6 0.398828 0.292969 0.0210938 0.0171875
7 0.473438 0.2625 0.104688 0.028125
8 0.457422 0.346094 0.0257812 0.01875
9 0.462109 0.389453 0.107031 0.0929688
10 0.553125 0.383984 0.08125 0.0679687
10 0.387891 0.400391 0.0585938 0.0867187
11 0.571484 0.401562 0.0445313 0.0328125
11 0.378516 0.430859 0.0398437 0.0257812
12 0.424219 0.504297 0.08125 0.153906
12 0.496094 0.499219 0.075 0.142187
13 0.421875 0.557813 0.0765625 0.046875
13 0.503125 0.553906 0.0609375 0.0328125
14 0.460938 0.390625 0.0125 0.021875
15 0.41875 0.445703 0.025 0.0335937
15 0.50625 0.439844 0.028125 0.021875
16 0.750391 0.362891 0.0679687 0.0476562
16 0.858984 0.355859 0.0695313 0.0539063
17 0.754297 0.453516 0.0554687 0.0476562
17 0.857422 0.441016 0.0570312 0.0523438
