0 0.433984 0.372266 0.241406 0.447656
1 0.401172 0.225781 0.174219 0.153125
2 0.400781 0.255078 0.175 0.0929688
3 0.369141 0.24375 0.0335937 0.0296875
3 0.442578 0.237109 0.0320312 0.0335937
4 0.411328 0.264453 0.00859375 0.0132812
5 0.420312 0.285547 0.0203125 0.00859375
6 0.319922 0.228125 0.0132812 0.0265625
6 0.480469 0.225 0.0125 0.03125
7 0.399609 0.187891 0.153906 0.0773438
8 0.427734 0.301953 0.0273438 0.0101563
9 0.440234 0.353516 0.0632812 0.0992187
10 0.384375 0.349609 0.0515625 0.0695313
10 0.4875 0.336719 0.06875 0.05
11 0.371094 0.372266 0.025 0.0257812
11 0.512109 0.35 0.0179687 0.0234375
12 0.435937 0.494922 0.0578125 0.197656
12 0.508594 0.482422 0.0890625 0.174219
13 0.432812 0.576562 0.0484375 0.034375
13 0.533984 0.557031 0.0382813 0.0265625
14 0.4375 0.3625 0.025 0.0625
15 0.434375 0.409375 0.0140625 0.0265625
15 0.473047 0.40625 0.0210938 0.021875
16 0.682422 0.573438 0.0476562 0.0421875
16 0.808984 0.571094 0.0554687 0.04375
17 0.650391 0.443359 0.0664062 0.0429688
17 0.76875 0.455078 0.075 0.0492187
