0 0.3875 0.278125 0.178125 0.320312
1 0.378906 0.180078 0.145313 0.124219
2 0.378125 0.196875 0.145313 0.0890625
3 0.350781 0.175 0.01875 0.0203125
3 0.405859 0.164062 0.0179687 0.0203125
4 0.367969 0.198828 0.0171875 0.0242188
5 0.378906 0.217188 0.0265625 0.01875
6 0.31875 0.198437 0.0234375 0.03125
6 0.438281 0.179688 0.0234375 0.0328125
7 0.378125 0.155078 0.1125 0.0726563
8 0.381641 0.247656 0.0304687 0.0421875
9 0.387891 0.299219 0.0570312 0.0921875
10 0.330859 0.303516 0.0648438 0.0710937
10 0.441406 0.258594 0.0703125 0.0375
11 0.314844 0.319922 0.0328125 0.0382813
11 0.458203 0.25625 0.0351562 0.0328125
12 0.375781 0.385156 0.0390625 0.10625
12 0.416016 0.373047 0.0554687 0.0820312
13 0.373437 0.422656 0.034375 0.03125
13 0.421484 0.401562 0.0445313 0.025
14 0.385547 0.296094 0.0164063 0.046875
15 0.371875 0.334375 0.021875 0.0203125
16 0.648047 0.461328 0.0554687 0.0460938
16 0.755469 0.470703 0.0484375 0.0507812
17 0.647266 0.591797 0.0695313 0.0476562
17 0.757812 0.608203 0.0765625 0.0445313
