0 0.445703 0.417969 0.371094 0.639062
1 0.459375 0.211719 0.342187 0.225
2 0.460156 0.240234 0.342187 0.166406
3 0.426172 0.216016 0.0351562 0.0382813
3 0.510156 0.227734 0.0328125 0.0367188
4 0.470313 0.241406 0.0265625 0.03125
5 0.458984 0.275391 0.0570312 0.0445313
6 0.319531 0.203125 0.059375 0.0921875
6 0.604688 0.219531 0.0515625 0.0890625
7 0.460156 0.146484 0.257812 0.0945312
8 0.435547 0.350781 0.0851563 0.09375
9 0.423438 0.482031 0.167187 0.192188
10 0.319141 0.466797 0.116406 0.139844
10 0.534766 0.467578 0.108594 0.135156
11 0.297266 0.503125 0.0726563 0.065625
11 0.553125 0.500391 0.0734375 0.0695313
12 0.354297 0.65 0.0867187 0.175
12 0.441406 0.645312 0.0921875 0.160938
13 0.341797 0.709375 0.0617188 0.0546875
13 0.427734 0.701562 0.0507812 0.0484375
14 0.423438 0.503125 0.03125 0.1125
15 0.360547 0.584766 0.0242188 0.0445313
15 0.473438 0.591797 0.028125 0.0492187
16 0.801562 0.728516 0.040625 0.0398437
16 0.833203 0.755859 0.0429688 0.0460938
17 0.670312 0.721094 0.0515625 0.040625
17 0.704297 0.746094 0.0398437 0.0421875
