0 0.435156 0.380469 0.404687 0.60625
1 0.446484 0.199609 0.291406 0.238281
2 0.445312 0.254297 0.290625 0.128906
3 0.391406 0.218359 0.059375 0.0382813
3 0.491406 0.221484 0.071875 0.0460938
4 0.432812 0.226562 0.0234375 0.0234375
5 0.435156 0.274609 0.078125 0.0664062
6 0.321094 0.226953 0.0390625 0.0523438
6 0.569531 0.223047 0.0421875 0.0648438
7 0.432031 0.141016 0.2375 0.117969
8 0.448828 0.330859 0.0476562 0.0367188
9 0.459375 0.413281 0.159375 0.14375
10 0.313281 0.397266 0.151562 0.0773438
10 0.576953 0.380078 0.111719 0.0695313
11 0.265234 0.397266 0.0539063 0.0742188
11 0.603516 0.380078 0.0585938 0.0695313
12 0.403516 0.581641 0.127344 0.207031
12 0.531641 0.577734 0.111719 0.207031
13 0.379297 0.659766 0.0804688 0.0492187
13 0.536719 0.654297 0.103125 0.0523438
14 0.445703 0.388281 0.0351562 0.0390625
15 0.437891 0.445312 0.0507812 0.059375
15 0.494531 0.437109 0.0421875 0.0492187
16 0.238281 0.598437 0.0640625 0.046875
16 0.251563 0.669531 0.0640625 0.0484375
17 0.753906 0.565234 0.0671875 0.0398437
17 0.761328 0.607812 0.0585938 0.0390625
