0 0.359766 0.406641 0.191406 0.558594
1 0.339062 0.217188 0.139063 0.179688
2 0.339453 0.260156 0.135156 0.09375
3 0.313672 0.225391 0.0335937 0.0257812
3 0.367578 0.233203 0.0304687 0.0257812
4 0.341797 0.244141 0.00859375 0.0257812
5 0.344531 0.280859 0.015625 0.0132812
6 0.397266 0.244531 0.0195312 0.0375
6 0.283594 0.237891 0.0234375 0.0445313
7 0.339453 0.166016 0.139844 0.0773438
8 0.342578 0.3125 0.0382813 0.0328125
9 0.348047 0.408984 0.102344 0.172656
10 0.283203 0.423828 0.0382813 0.188281
10 0.403125 0.417969 0.0390625 0.179688
11 0.283984 0.503906 0.0320312 0.028125
11 0.409766 0.494531 0.0257812 0.0265625
12 0.323828 0.578906 0.0820312 0.184375
12 0.408594 0.584766 0.09375 0.203906
13 0.317578 0.65 0.0695313 0.0421875
13 0.426563 0.664453 0.059375 0.0445313
14 0.361719 0.337109 0.0171875 0.00859375
15 0.310937 0.502734 0.01875 0.0226562
15 0.391406 0.49375 0.021875 0.021875
16 0.708203 0.251563 0.0773438 0.0625
16 0.804297 0.244141 0.0742188 0.0539063
17 0.798438 0.433203 0.0859375 0.0554687
17 0.689453 0.432422 0.0804688 0.0523438
