0 0.378906 0.289453 0.20625 0.394531
1 0.401172 0.142969 0.138281 0.0984375
2 0.401562 0.158984 0.139063 0.0679687
3 0.378516 0.137109 0.0257812 0.0164063
3 0.408203 0.152734 0.0242188 0.0226562
4 0.3875 0.154297 0.0109375 0.0132812
5 0.387891 0.170313 0.0335937 0.015625
6 0.344531 0.139844 0.021875 0.0265625
6 0.457422 0.150781 0.0257812 0.03125
7 0.402734 0.119141 0.0945312 0.0507812
8 0.389453 0.195703 0.0289063 0.0195312
9 0.371484 0.263281 0.0804688 0.126562
10 0.309375 0.267969 0.065625 0.125
10 0.445312 0.275 0.06875 0.129688
11 0.299609 0.311719 0.0429688 0.0390625
11 0.459766 0.323047 0.0367188 0.0320312
12 0.347266 0.403125 0.0554687 0.164062
12 0.387891 0.402734 0.0476562 0.164844
13 0.341406 0.464844 0.0421875 0.040625
13 0.386719 0.464453 0.0375 0.0414062
14 0.380078 0.270313 0.0257812 0.06875
15 0.346094 0.339062 0.0265625 0.0375
15 0.396094 0.338281 0.03125 0.0390625
16 0.612891 0.225 0.103906 0.06875
16 0.741016 0.215625 0.0789062 0.05625
17 0.596094 0.355469 0.11875 0.0796875
17 0.716016 0.347266 0.0929688 0.0679687
