0 0.437109 0.420703 0.244531 0.433594
1 0.458203 0.266406 0.183594 0.125
2 0.458203 0.287109 0.183594 0.0835937
3 0.488672 0.261719 0.0195312 0.0203125
3 0.429297 0.265625 0.0179687 0.0203125
4 0.454297 0.273438 0.0210938 0.01875
5 0.457031 0.305078 0.0484375 0.0273438
6 0.528125 0.273047 0.0453125 0.0554687
6 0.388281 0.282422 0.04375 0.0414062
7 0.449609 0.235547 0.138281 0.0632812
8 0.453516 0.342969 0.0273438 0.0390625
9 0.450781 0.398438 0.0890625 0.121875
10 0.36875 0.400391 0.107813 0.100781
10 0.521094 0.408594 0.0765625 0.142187
11 0.334766 0.430469 0.0414062 0.040625
11 0.540234 0.463672 0.0382813 0.0320312
12 0.422266 0.544922 0.0773438 0.185156
12 0.491016 0.544141 0.0929688 0.183594
13 0.422266 0.602734 0.0773438 0.0695313
13 0.499219 0.594141 0.0765625 0.0835937
14 0.452344 0.412109 0.0265625 0.0789062
15 0.471875 0.386719 0.021875 0.028125
16 0.743359 0.442578 0.0632812 0.102344
16 0.810937 0.455078 0.0578125 0.105469
17 0.691016 0.548047 0.0914062 0.0710937
17 0.797266 0.548047 0.0867187 0.0648438
