0 0.455078 0.28125 0.122656 0.31875
1 0.452734 0.174609 0.117969 0.102344
2 0.453125 0.192188 0.11875 0.06875
3 0.431641 0.172656 0.0195312 0.0125
3 0.472266 0.168359 0.0195312 0.0148437
4 0.448047 0.188281 0.00859375 0.0140625
5 0.453125 0.205078 0.021875 0.0179687
6 0.401172 0.184375 0.0148437 0.021875
6 0.50625 0.169141 0.0125 0.0226562
7 0.450781 0.148438 0.0953125 0.05
8 0.458203 0.225781 0.0226562 0.0140625
9 0.467578 0.278125 0.0726563 0.101562
10 0.433203 0.281641 0.0335937 0.0976562
10 0.489453 0.275391 0.0523438 0.0929688
11 0.428125 0.321484 0.0203125 0.0164063
11 0.507812 0.315625 0.0140625 0.0125
12 0.450391 0.382812 0.0445313 0.121875
12 0.489453 0.376563 0.0476562 0.1125
13 0.45 0.434766 0.04375 0.0179687
13 0.494922 0.427734 0.0367188 0.0164063
14 0.462109 0.275391 0.0195312 0.0601563
15 0.441797 0.312109 0.0148437 0.0242188
15 0.488281 0.305078 0.021875 0.0289063
16 0.774219 0.169531 0.0375 0.0265625
16 0.823047 0.165625 0.0382813 0.028125
17 0.776563 0.208594 0.034375 0.0328125
17 0.835547 0.195703 0.0351562 0.0289063
