0 0.513281 0.531641 0.398438 0.883594
1 0.509766 0.257422 0.282031 0.319531
2 0.509375 0.327344 0.279687 0.176563
3 0.457422 0.272266 0.0117188 0.0148437
3 0.558203 0.278125 0.0117188 0.0125
4 0.503516 0.294922 0.0320312 0.0664062
5 0.507031 0.367578 0.08125 0.0289063
6 0.387891 0.275391 0.0367188 0.0726563
6 0.625 0.303125 0.046875 0.0875
7 0.511719 0.169922 0.223438 0.155469
8 0.495703 0.426172 0.0710937 0.0523438
9 0.515625 0.583203 0.184375 0.300781
10 0.370312 0.667578 0.110937 0.430469
10 0.655469 0.626953 0.1125 0.391406
11 0.65 0.792578 0.0609375 0.0601563
11 0.355859 0.844141 0.0804688 0.0820312
12 0.462891 0.8375 0.100781 0.240625
12 0.535937 0.845703 0.0828125 0.255469
13 0.535937 0.956641 0.0609375 0.0320312
13 0.440625 0.942578 0.0546875 0.0304687
14 0.493359 0.510156 0.0273438 0.028125
15 0.462891 0.752344 0.0601563 0.0546875
15 0.549219 0.762891 0.028125 0.0851563
16 0.752344 0.353906 0.0578125 0.065625
16 0.832422 0.344922 0.0523438 0.0585938
17 0.771484 0.463281 0.0632812 0.040625
17 0.860938 0.460547 0.06875 0.0476562
