0 0.430859 0.457031 0.439844 0.715625
1 0.481641 0.240625 0.336719 0.28125
2 0.48125 0.297266 0.3375 0.167969
3 0.419922 0.230469 0.0585938 0.034375
3 0.508594 0.235156 0.03125 0.040625
4 0.457031 0.285938 0.0234375 0.0328125
5 0.451172 0.329688 0.0539063 0.028125
6 0.334375 0.276172 0.04375 0.108594
6 0.61875 0.26875 0.0625 0.09375
7 0.470313 0.160938 0.2625 0.120313
8 0.454688 0.386328 0.0421875 0.0273438
9 0.437891 0.490234 0.189844 0.189844
10 0.288281 0.408984 0.154688 0.244531
10 0.573047 0.391016 0.141406 0.163281
11 0.61875 0.334766 0.05 0.0523438
11 0.257031 0.339062 0.0921875 0.104688
12 0.371875 0.691016 0.132812 0.228906
12 0.545703 0.682422 0.108594 0.263281
13 0.347266 0.784766 0.0835937 0.0398437
13 0.567578 0.793359 0.0648438 0.0429688
14 0.44375 0.501172 0.0171875 0.0789062
15 0.394531 0.538672 0.0375 0.0304687
15 0.489844 0.517969 0.0328125 0.025
16 0.761328 0.676953 0.0632812 0.0398437
16 0.854688 0.664453 0.05625 0.0460938
17 0.779687 0.779297 0.059375 0.0820312
17 0.862109 0.785547 0.0648438 0.0820312
