0 0.35625 0.448047 0.275 0.544531
1 0.394141 0.249609 0.164844 0.147656
2 0.39375 0.283594 0.165625 0.0796875
3 0.358594 0.2625 0.028125 0.0359375
3 0.40625 0.264844 0.0296875 0.0375
4 0.380078 0.279297 0.0101563 0.0132812
5 0.376563 0.299609 0.03125 0.0132812
6 0.317578 0.258984 0.0117188 0.0148437
6 0.462891 0.265625 0.0273438 0.0234375
7 0.395703 0.214062 0.142969 0.0765625
8 0.385156 0.326172 0.0296875 0.0210938
9 0.362891 0.410547 0.127344 0.160156
10 0.272266 0.438672 0.0601563 0.0851563
10 0.453125 0.406641 0.08125 0.119531
11 0.2625 0.465625 0.040625 0.03125
11 0.474219 0.448437 0.0390625 0.0359375
12 0.272656 0.599609 0.107813 0.241406
12 0.379688 0.589844 0.123438 0.226562
13 0.2625 0.701172 0.05 0.0382813
13 0.414844 0.685937 0.053125 0.034375
14 0.372266 0.408984 0.0242188 0.0585938
15 0.410547 0.510938 0.0382813 0.0546875
15 0.307031 0.510156 0.053125 0.053125
16 0.655469 0.311328 0.1 0.0523438
16 0.657031 0.378906 0.101562 0.0609375
17 0.651953 0.167187 0.0835937 0.0421875
17 0.661719 0.214844 0.0875 0.05
