0 0.515234 0.521094 0.164844 0.392188
1 0.515234 0.400391 0.164844 0.152344
2 0.514844 0.428906 0.165625 0.0921875
3 0.475 0.409375 0.0375 0.03125
3 0.542969 0.409375 0.0328125 0.0265625
4 0.516406 0.419531 0.0078125 0.0140625
5 0.51875 0.441797 0.0171875 0.00859375
6 0.442969 0.408203 0.01875 0.0429688
6 0.586719 0.412109 0.0203125 0.0367188
7 0.520703 0.360938 0.138281 0.0703125
8 0.514062 0.478125 0.021875 0.0140625
9 0.512109 0.514062 0.0289063 0.0625
10 0.484766 0.537891 0.0289063 0.0914062
10 0.540625 0.530078 0.0265625 0.0835937
11 0.475391 0.573828 0.00859375 0.0195312
11 0.545703 0.5625 0.0164063 0.01875
12 0.490234 0.680859 0.0445313 0.0710937
12 0.536719 0.677344 0.046875 0.0671875
13 0.486328 0.706641 0.0367188 0.0195312
13 0.542188 0.700781 0.034375 0.0203125
14 0.514062 0.522656 0.0140625 0.0296875
15 0.501953 0.568359 0.0195312 0.0242188
16 0.719922 0.679688 0.0835937 0.0546875
16 0.83125 0.653125 0.0734375 0.0578125
17 0.714844 0.610938 0.0734375 0.05
17 0.799609 0.587109 0.0585938 0.0398437
