0 0.375 0.472656 0.503125 0.65625
1 0.409375 0.20625 0.18125 0.123438
2 0.409375 0.21875 0.18125 0.0953125
3 0.38125 0.207813 0.028125 0.0140625
3 0.430469 0.2 0.0234375 0.0140625
4 0.404687 0.221875 0.0125 0.0140625
5 0.40625 0.229687 0.034375 0.0234375
6 0.332813 0.203125 0.028125 0.0328125
6 0.485156 0.188281 0.0296875 0.034375
7 0.410156 0.170313 0.139063 0.0546875
8 0.408594 0.269531 0.0546875 0.04375
9 0.414062 0.382812 0.20625 0.254688
10 0.271484 0.372266 0.127344 0.124219
10 0.561328 0.326562 0.128906 0.139063
11 0.237109 0.403906 0.0617188 0.05625
11 0.598437 0.363281 0.05625 0.06875
12 0.272656 0.625781 0.295312 0.2875
12 0.470313 0.639844 0.1625 0.325
13 0.189062 0.722656 0.134375 0.090625
13 0.470313 0.754687 0.165625 0.0953125
14 0.416406 0.378125 0.0515625 0.189062
15 0.327344 0.515625 0.0734375 0.0578125
15 0.470313 0.510938 0.053125 0.0578125
16 0.726562 0.514844 0.14375 0.11875
16 0.695312 0.621094 0.146875 0.115625
17 0.758594 0.728906 0.145313 0.1125
17 0.751172 0.85625 0.127344 0.145313
