0 0.4875 0.358594 0.240625 0.565625
1 0.487891 0.270703 0.241406 0.386719
2 0.485938 0.362891 0.239063 0.197656
3 0.448828 0.294141 0.0523438 0.0585938
3 0.514062 0.298438 0.0421875 0.0453125
4 0.477734 0.333984 0.0164063 0.0164063
5 0.4625 0.3875 0.05625 0.040625
6 0.586328 0.304297 0.0398437 0.0585938
6 0.380469 0.310547 0.0265625 0.0554687
7 0.501953 0.113281 0.117969 0.075
8 0.466016 0.466016 0.0226562 0.0273438
9 0.469922 0.523438 0.0898438 0.107813
10 0.407422 0.513281 0.0445313 0.0234375
10 0.51875 0.501953 0.034375 0.0320312
11 0.398047 0.513672 0.0242188 0.0226562
11 0.525 0.502344 0.021875 0.03125
12 0.460156 0.601172 0.0234375 0.0742188
12 0.486719 0.592187 0.0296875 0.0703125
13 0.458984 0.621875 0.0210938 0.0328125
13 0.489063 0.612891 0.0234375 0.0289063
14 0.467969 0.530859 0.0234375 0.0570312
15 0.451172 0.543359 0.0210938 0.0257812
15 0.490234 0.535547 0.0257812 0.0304687
16 0.761328 0.558984 0.0757812 0.0367188
16 0.757812 0.612109 0.084375 0.0445313
17 0.795312 0.378516 0.0875 0.0648438
17 0.791406 0.436719 0.090625 0.065625
