0 0.517188 0.383984 0.3125 0.461719
1 0.525391 0.211328 0.128906 0.113281
2 0.526953 0.242578 0.116406 0.0492187
3 0.506641 0.2375 0.0148437 0.0171875
3 0.545312 0.235547 0.0171875 0.0195312
4 0.526172 0.2375 0.0101563 0.021875
5 0.527344 0.255859 0.0234375 0.0164063
6 0.478516 0.241406 0.0195312 0.021875
6 0.574609 0.235937 0.0210938 0.025
7 0.525 0.202734 0.128125 0.0960938
8 0.530078 0.272266 0.0304687 0.0210938
9 0.519141 0.333594 0.0882813 0.114062
10 0.612891 0.322656 0.117969 0.09375
10 0.421484 0.323047 0.119531 0.0789062
11 0.382031 0.342578 0.040625 0.0398437
11 0.654297 0.352344 0.0351562 0.0328125
12 0.492188 0.496094 0.0796875 0.234375
12 0.550781 0.492969 0.075 0.229687
13 0.476562 0.591406 0.0453125 0.0421875
13 0.554688 0.589063 0.053125 0.0375
14 0.525391 0.317969 0.0179687 0.040625
15 0.55625 0.421875 0.028125 0.0421875
15 0.483984 0.417969 0.0257812 0.0421875
16 0.794922 0.409375 0.0523438 0.096875
16 0.843359 0.408984 0.0476562 0.0835937
17 0.876953 0.542969 0.117969 0.059375
17 0.760156 0.544531 0.120313 0.05625
