0 0.457422 0.433594 0.236719 0.479687
1 0.46875 0.269141 0.179688 0.149219
2 0.469141 0.298438 0.178906 0.090625
3 0.441016 0.302344 0.0304687 0.0203125
3 0.48125 0.295703 0.0359375 0.0179687
4 0.460156 0.310156 0.0078125 0.01875
5 0.459766 0.322266 0.0429688 0.0195312
6 0.394531 0.301953 0.0296875 0.0351562
6 0.541406 0.276562 0.034375 0.046875
7 0.470313 0.25 0.153125 0.109375
8 0.45625 0.347656 0.025 0.0203125
9 0.455469 0.437891 0.0625 0.161719
10 0.394531 0.429688 0.109375 0.145313
10 0.521094 0.428125 0.10625 0.142187
11 0.546094 0.477734 0.0546875 0.0445313
11 0.366016 0.479297 0.0523438 0.0445313
12 0.483984 0.606641 0.0507812 0.0851563
12 0.447266 0.626172 0.0507812 0.0898438
13 0.448437 0.644922 0.046875 0.0523438
13 0.489453 0.622656 0.0382813 0.053125
14 0.452734 0.432031 0.0210938 0.0484375
15 0.471875 0.481641 0.0265625 0.0398437
15 0.435156 0.489453 0.0203125 0.0429688
16 0.774609 0.389453 0.0695313 0.0492187
16 0.779297 0.486328 0.0554687 0.0414062
17 0.774219 0.558594 0.0609375 0.0359375
17 0.763281 0.641016 0.059375 0.0445313
