0 0.475391 0.485156 0.349219 0.65
1 0.462109 0.279687 0.322656 0.240625
2 0.461719 0.328906 0.321875 0.140625
3 0.513672 0.297656 0.0460938 0.028125
3 0.423828 0.299609 0.0367188 0.0320312
4 0.471094 0.334375 0.01875 0.0203125
5 0.467578 0.364063 0.0429688 0.0234375
6 0.609375 0.279297 0.0265625 0.0414062
6 0.314453 0.283594 0.0273438 0.05
7 0.457422 0.213281 0.233594 0.10625
8 0.476953 0.401562 0.0414062 0.0140625
9 0.489453 0.511328 0.152344 0.208594
10 0.414453 0.536328 0.0851563 0.224219
10 0.573828 0.501172 0.0835937 0.186719
11 0.414844 0.614453 0.084375 0.0664062
11 0.580469 0.557031 0.071875 0.075
12 0.459375 0.697266 0.0984375 0.178906
12 0.573438 0.708594 0.154688 0.203125
13 0.598047 0.771094 0.105469 0.078125
13 0.445703 0.757422 0.0710937 0.0585938
14 0.489453 0.459375 0.0460938 0.0515625
15 0.558594 0.625391 0.034375 0.0320312
15 0.450391 0.635156 0.0367188 0.0484375
16 0.752734 0.436719 0.132031 0.0921875
16 0.757031 0.524219 0.128125 0.071875
17 0.775781 0.667188 0.0953125 0.0765625
17 0.7875 0.762891 0.0921875 0.0554687
