0 0.256641 0.383203 0.292969 0.419531
1 0.256641 0.228125 0.182031 0.10625
2 0.256641 0.236719 0.182031 0.0890625
3 0.232813 0.219922 0.03125 0.0398437
3 0.287109 0.216016 0.0335937 0.0429688
4 0.257031 0.223047 0.0203125 0.0289063
5 0.258594 0.251563 0.0625 0.0421875
6 0.180859 0.24375 0.0304687 0.053125
6 0.328906 0.216797 0.0375 0.0492187
7 0.249609 0.199219 0.121094 0.0484375
8 0.261328 0.292578 0.0335937 0.0476562
9 0.266797 0.365234 0.0882813 0.110156
10 0.170313 0.389453 0.117188 0.125781
10 0.356641 0.378516 0.0929688 0.133594
11 0.15 0.417187 0.078125 0.0703125
11 0.373828 0.407031 0.0585938 0.0765625
12 0.233203 0.501953 0.0679687 0.178906
12 0.304688 0.492188 0.0890625 0.1625
13 0.231641 0.549219 0.0648438 0.084375
13 0.306641 0.529297 0.0851563 0.0882813
14 0.265234 0.346484 0.0179687 0.0460938
15 0.247656 0.392969 0.028125 0.0328125
15 0.285547 0.388672 0.0242188 0.0382813
16 0.504297 0.508984 0.0929688 0.163281
16 0.622266 0.505078 0.0882813 0.155469
17 0.765234 0.526953 0.0867187 0.192969
17 0.880469 0.512109 0.0703125 0.171094
