0 0.453516 0.31875 0.139844 0.345313
1 0.453516 0.215234 0.138281 0.136719
2 0.453516 0.241406 0.138281 0.084375
3 0.476172 0.205469 0.0320312 0.0125
3 0.424609 0.208594 0.0273438 0.009375
4 0.447266 0.2375 0.0132812 0.009375
5 0.450391 0.260937 0.0148437 0.0125
6 0.394141 0.219141 0.0195312 0.0320312
6 0.513672 0.214844 0.0179687 0.028125
7 0.453516 0.169922 0.0976562 0.0460938
8 0.45 0.289453 0.0203125 0.0210938
9 0.456641 0.341406 0.0492187 0.10625
10 0.482031 0.342187 0.0265625 0.107813
10 0.428906 0.350391 0.0234375 0.102344
11 0.430859 0.394922 0.0148437 0.0117188
11 0.483984 0.388672 0.0164063 0.0132812
12 0.471094 0.436328 0.021875 0.0992187
12 0.446875 0.440234 0.0265625 0.102344
13 0.471484 0.476562 0.0210938 0.01875
13 0.446094 0.482031 0.01875 0.0171875
14 0.448437 0.351562 0.0171875 0.0625
15 0.468359 0.397656 0.0179687 0.028125
15 0.445312 0.403516 0.0203125 0.0289063
16 0.548438 0.488672 0.0359375 0.0539063
16 0.585938 0.485938 0.040625 0.0609375
17 0.226953 0.499219 0.0679687 0.05
17 0.326172 0.504687 0.0648438 0.0484375
