0 0.434375 0.457031 0.521875 0.76875
1 0.405469 0.186719 0.201563 0.21875
2 0.405859 0.232813 0.200781 0.128125
3 0.377734 0.214453 0.0335937 0.0179687
3 0.436719 0.20625 0.0359375 0.0140625
4 0.413281 0.219531 0.021875 0.0421875
5 0.417187 0.259766 0.0421875 0.0164063
6 0.322266 0.223438 0.0304687 0.0359375
6 0.487891 0.198828 0.0320312 0.0539063
7 0.396484 0.153516 0.166406 0.150781
8 0.417578 0.304688 0.0476562 0.040625
9 0.420312 0.421484 0.145313 0.207031
10 0.267969 0.435937 0.176563 0.173437
10 0.5875 0.391016 0.204687 0.114844
11 0.21875 0.480469 0.078125 0.0828125
11 0.651953 0.407031 0.0726563 0.08125
12 0.369922 0.722656 0.102344 0.232813
12 0.458594 0.716016 0.078125 0.228906
13 0.370312 0.804297 0.096875 0.0648438
13 0.458203 0.796484 0.0757812 0.0648438
14 0.436719 0.362109 0.0234375 0.0210938
15 0.453906 0.475391 0.0453125 0.0617188
16 0.754687 0.3 0.0984375 0.0609375
16 0.905859 0.287891 0.0820312 0.0507812
17 0.763281 0.406641 0.126562 0.0742188
17 0.918359 0.392969 0.103906 0.0625
