0 0.525781 0.489844 0.539062 0.775
1 0.533594 0.254688 0.376563 0.298438
2 0.530469 0.302344 0.373437 0.203125
3 0.464844 0.241406 0.0421875 0.0375
3 0.565234 0.236719 0.0617188 0.05625
4 0.511328 0.296094 0.0523438 0.0625
5 0.519531 0.354297 0.125 0.0460938
6 0.369141 0.272656 0.0539063 0.09375
6 0.682031 0.251172 0.0765625 0.0976562
7 0.517969 0.179297 0.264062 0.149219
8 0.516406 0.433984 0.104688 0.0929688
9 0.529297 0.569141 0.261719 0.186719
10 0.327344 0.439063 0.153125 0.25625
10 0.678906 0.454297 0.21875 0.239844
11 0.308594 0.373437 0.109375 0.11875
11 0.741016 0.373828 0.110156 0.0929688
12 0.446094 0.770703 0.128125 0.210156
12 0.599609 0.760547 0.132031 0.197656
13 0.425391 0.835156 0.0789062 0.0828125
13 0.596094 0.823438 0.053125 0.0671875
14 0.517188 0.553516 0.04375 0.138281
15 0.435937 0.613281 0.0359375 0.040625
15 0.607812 0.606641 0.0359375 0.0476562
16 0.860547 0.549219 0.167969 0.084375
16 0.8625 0.637891 0.164062 0.0804688
17 0.810156 0.716016 0.135937 0.0585938
17 0.791797 0.78125 0.147656 0.0546875
