0 0.411719 0.489453 0.40625 0.824219
1 0.45625 0.201953 0.303125 0.247656
2 0.45625 0.241406 0.303125 0.170313
3 0.401172 0.179688 0.0289063 0.021875
3 0.503906 0.182812 0.0296875 0.0234375
4 0.438672 0.229687 0.0226562 0.0375
5 0.430078 0.287891 0.0664062 0.0445313
6 0.326953 0.191797 0.0445313 0.0710937
6 0.583594 0.202734 0.046875 0.0726563
7 0.449219 0.139844 0.214062 0.120313
8 0.450781 0.348438 0.0546875 0.071875
9 0.417969 0.489063 0.279687 0.290625
10 0.269141 0.519922 0.108594 0.319531
10 0.5625 0.514453 0.10625 0.339844
11 0.268359 0.645312 0.107031 0.065625
11 0.561719 0.651563 0.103125 0.0671875
12 0.305859 0.755078 0.192969 0.292969
12 0.492578 0.742188 0.200781 0.26875
13 0.307031 0.851562 0.190625 0.096875
13 0.516406 0.8375 0.153125 0.0796875
14 0.428906 0.460156 0.040625 0.107813
15 0.354297 0.449609 0.0554687 0.0585938
15 0.334375 0.647656 0.0640625 0.0796875
15 0.510156 0.642578 0.0484375 0.0523438
16 0.768359 0.530078 0.155469 0.0867187
16 0.758594 0.619922 0.15 0.0867187
17 0.728125 0.734375 0.134375 0.0734375
17 0.71875 0.837109 0.129688 0.0710937
