0 0.429688 0.547656 0.4875 0.795312
1 0.454297 0.289062 0.224219 0.278125
2 0.455078 0.34375 0.224219 0.165625
3 0.411328 0.2875 0.0492187 0.0375
3 0.494922 0.280078 0.0632812 0.0398437
4 0.452344 0.325 0.0109375 0.034375
5 0.462891 0.369531 0.0679687 0.034375
6 0.358594 0.299219 0.0296875 0.0390625
6 0.555469 0.280469 0.021875 0.0375
7 0.455469 0.200781 0.171875 0.0984375
8 0.457813 0.435937 0.059375 0.0546875
9 0.456641 0.599609 0.144531 0.286719
10 0.298047 0.589844 0.221094 0.2
10 0.588672 0.567969 0.167969 0.196875
11 0.216797 0.659766 0.0570312 0.0585938
11 0.645703 0.632422 0.0539063 0.0679687
12 0.360547 0.826953 0.202344 0.235156
12 0.537109 0.808203 0.150781 0.233594
13 0.583594 0.906641 0.0578125 0.0367188
13 0.295703 0.927734 0.0710937 0.0335937
14 0.449219 0.582812 0.065625 0.176563
15 0.385547 0.703906 0.0273438 0.0328125
15 0.517188 0.688281 0.040625 0.040625
16 0.731641 0.808984 0.0929688 0.0320312
16 0.729688 0.853516 0.0953125 0.0320312
17 0.847656 0.783203 0.0609375 0.0445313
17 0.835547 0.853516 0.0742188 0.0617188
