0 0.544141 0.380078 0.241406 0.347656
1 0.551953 0.262891 0.175781 0.113281
2 0.551953 0.267578 0.175781 0.103906
3 0.546094 0.271875 0.015625 0.0125
3 0.571094 0.277344 0.0125 0.0171875
4 0.553516 0.295703 0.0132812 0.0117188
5 0.551562 0.303516 0.05 0.0210938
6 0.478516 0.2375 0.0304687 0.04375
6 0.617188 0.282031 0.0453125 0.03125
7 0.569531 0.235937 0.123438 0.059375
8 0.548828 0.323437 0.0257812 0.0140625
9 0.547266 0.353125 0.0664062 0.05625
10 0.501563 0.316797 0.0328125 0.0898438
10 0.620703 0.36875 0.0882813 0.0609375
11 0.500391 0.289844 0.0320312 0.0375
11 0.640234 0.375391 0.0492187 0.0476562
12 0.489453 0.464844 0.132031 0.178125
12 0.582422 0.460938 0.0789062 0.170313
13 0.471484 0.539062 0.0960938 0.028125
13 0.582422 0.529297 0.0789062 0.0335937
14 0.55 0.354687 0.0125 0.034375
15 0.536719 0.391016 0.021875 0.0257812
15 0.570703 0.389844 0.0242188 0.0234375
16 0.837109 0.450391 0.0460938 0.0304687
16 0.901563 0.454688 0.0390625 0.0359375
17 0.838672 0.507422 0.0585938 0.0507812
17 0.913672 0.501172 0.0585938 0.0398437
