0 0.560547 0.473047 0.488281 0.766406
1 0.508984 0.25625 0.382031 0.332813
2 0.508984 0.309766 0.385156 0.225781
3 0.444922 0.265625 0.0460938 0.021875
3 0.576562 0.244922 0.046875 0.0289063
4 0.511719 0.296094 0.0140625 0.0234375
5 0.508984 0.344922 0.0992187 0.0523438
6 0.348438 0.308984 0.05625 0.133594
6 0.672266 0.252344 0.0507812 0.110937
7 0.5 0.159766 0.251563 0.139844
8 0.554297 0.401953 0.0679687 0.0554687
9 0.593359 0.499609 0.211719 0.247656
10 0.441016 0.528516 0.0960938 0.210156
10 0.720703 0.449609 0.167969 0.183594
11 0.780078 0.5125 0.0507812 0.0578125
11 0.425 0.610938 0.0640625 0.04375
12 0.557031 0.721094 0.08125 0.251563
12 0.686719 0.718359 0.203125 0.275781
13 0.741406 0.817969 0.09375 0.0765625
13 0.562891 0.817578 0.0523438 0.0585938
14 0.575 0.503516 0.05 0.113281
15 0.535547 0.640234 0.0382813 0.0632812
15 0.680859 0.609375 0.0539063 0.0546875
16 0.814844 0.317969 0.134375 0.1
16 0.832031 0.392578 0.110937 0.0945312
17 0.753516 0.158984 0.105469 0.0914062
17 0.848047 0.144531 0.0820312 0.0984375
