0 0.470703 0.528906 0.330469 0.865625
1 0.476953 0.217188 0.242969 0.234375
2 0.476172 0.258594 0.236719 0.151562
3 0.5125 0.209375 0.0359375 0.0375
3 0.435937 0.204297 0.0375 0.0414062
4 0.471875 0.243359 0.0328125 0.0273438
5 0.475 0.287109 0.1125 0.0367188
6 0.373047 0.221094 0.0304687 0.0375
6 0.574609 0.231641 0.0367188 0.0351562
7 0.480078 0.146094 0.194531 0.0890625
8 0.471094 0.348438 0.0234375 0.0375
9 0.479687 0.498047 0.23125 0.271094
10 0.583203 0.490625 0.0820312 0.254688
10 0.363281 0.492578 0.090625 0.246094
11 0.365234 0.591406 0.0820312 0.04375
11 0.585547 0.59375 0.0757812 0.046875
12 0.555469 0.782813 0.15625 0.359375
12 0.417187 0.787891 0.128125 0.341406
13 0.577734 0.934375 0.114844 0.053125
13 0.398438 0.935547 0.0828125 0.0414062
14 0.473828 0.502344 0.0273438 0.104688
15 0.550781 0.692578 0.0484375 0.0679687
15 0.415625 0.691797 0.05 0.0726563
16 0.731641 0.602344 0.0507812 0.078125
16 0.798828 0.598437 0.0382813 0.071875
17 0.722266 0.732031 0.0726563 0.114062
17 0.802734 0.732422 0.0757812 0.0992187
