0 0.569141 0.584375 0.311719 0.584375
1 0.507031 0.382422 0.184375 0.178906
2 0.507422 0.400781 0.185156 0.134375
3 0.471484 0.382812 0.0351562 0.0390625
3 0.519922 0.365234 0.0351562 0.0351562
4 0.508203 0.415625 0.0476562 0.0578125
5 0.520703 0.448828 0.0445313 0.0320312
6 0.437109 0.437109 0.0460938 0.0554687
6 0.579688 0.363672 0.0390625 0.0585938
7 0.499219 0.359766 0.14375 0.133594
8 0.538281 0.484375 0.0453125 0.0640625
9 0.555078 0.59375 0.147656 0.20625
10 0.482031 0.624609 0.0625 0.119531
10 0.636328 0.555859 0.122656 0.0898438
11 0.482031 0.660547 0.0609375 0.0476562
11 0.674219 0.567578 0.046875 0.0664062
12 0.576562 0.763281 0.114062 0.223438
12 0.658984 0.740234 0.130469 0.178906
13 0.595313 0.841406 0.075 0.0671875
13 0.685156 0.798828 0.0796875 0.0601563
14 0.546484 0.588281 0.0695313 0.0984375
15 0.55 0.721875 0.0375 0.0453125
15 0.621484 0.682422 0.0398437 0.0429688
16 0.776563 0.696875 0.09375 0.040625
16 0.458594 0.788672 0.084375 0.0742188
17 0.785937 0.763672 0.0859375 0.0554687
17 0.501563 0.874609 0.0890625 0.105469
