0 0.392188 0.586719 0.5625 0.8125
1 0.421875 0.379688 0.5 0.395313
2 0.423438 0.413281 0.503125 0.328125
3 0.341797 0.340234 0.0945312 0.0382813
3 0.497266 0.351562 0.0867187 0.0421875
4 0.398828 0.416016 0.0242188 0.105469
5 0.415234 0.497656 0.178906 0.0453125
6 0.237109 0.323047 0.127344 0.121094
6 0.605469 0.381641 0.126562 0.144531
7 0.419141 0.263672 0.363281 0.160156
8 0.380078 0.594141 0.114844 0.0632812
9 0.340234 0.727344 0.275781 0.239063
10 0.173047 0.584375 0.125781 0.2125
10 0.560937 0.614453 0.189062 0.283594
11 0.156641 0.527344 0.0960938 0.096875
11 0.617969 0.501563 0.0765625 0.0625
12 0.200781 0.897266 0.154688 0.171094
12 0.342969 0.904687 0.134375 0.175
13 0.160938 0.947266 0.0765625 0.0710937
13 0.344922 0.974219 0.119531 0.0375
14 0.335547 0.725391 0.0539063 0.186719
15 0.230469 0.759375 0.046875 0.0828125
15 0.446875 0.780469 0.0390625 0.0609375
16 0.670312 0.845703 0.126562 0.0664062
16 0.801953 0.85 0.108594 0.059375
17 0.719922 0.663281 0.0835937 0.0796875
17 0.807031 0.682422 0.104688 0.0648438
