0 0.253906 0.441406 0.275 0.60625
1 0.240234 0.253125 0.210156 0.18125
2 0.239844 0.278125 0.207813 0.126562
3 0.217578 0.245703 0.0320312 0.0367188
3 0.266406 0.237109 0.0375 0.0429688
4 0.242969 0.278516 0.0125 0.0132812
5 0.246875 0.3 0.0625 0.0171875
6 0.146484 0.247266 0.0179687 0.0304687
6 0.33125 0.250391 0.0234375 0.0289063
7 0.23125 0.183984 0.164062 0.0945312
8 0.233984 0.351562 0.0554687 0.034375
9 0.248828 0.458203 0.130469 0.202344
10 0.158594 0.455469 0.0828125 0.176563
10 0.345703 0.460156 0.0867187 0.153125
11 0.148828 0.522656 0.0601563 0.0375
11 0.355078 0.511328 0.0664062 0.0507812
12 0.194531 0.645703 0.09375 0.189844
12 0.308203 0.633984 0.139844 0.199219
13 0.192578 0.713281 0.0867187 0.053125
13 0.338672 0.707422 0.0789062 0.0492187
14 0.253516 0.446875 0.0273438 0.107813
15 0.208984 0.571875 0.0507812 0.040625
15 0.299609 0.564063 0.0476562 0.0453125
16 0.681641 0.288281 0.114844 0.184375
16 0.821875 0.294922 0.0890625 0.183594
17 0.645312 0.549609 0.115625 0.0726563
17 0.776172 0.55 0.128906 0.06875
