0 0.495312 0.596094 0.245312 0.479687
1 0.502344 0.419141 0.151562 0.121094
2 0.502344 0.444141 0.15 0.0632812
3 0.483984 0.430859 0.0257812 0.0148437
3 0.516406 0.428516 0.015625 0.0132812
4 0.5 0.441016 0.0140625 0.0148437
5 0.5 0.458203 0.0203125 0.00859375
6 0.444141 0.439844 0.0320312 0.0296875
6 0.562891 0.427344 0.0273438 0.0296875
7 0.5 0.389062 0.11875 0.0625
8 0.501563 0.483984 0.05625 0.0398437
9 0.505859 0.572266 0.139844 0.161719
10 0.409766 0.581641 0.0632812 0.171094
10 0.595703 0.579297 0.0460938 0.160156
11 0.396875 0.648047 0.040625 0.0382813
11 0.599219 0.640234 0.0328125 0.0382813
12 0.471094 0.737109 0.075 0.191406
12 0.538281 0.728125 0.0796875 0.192188
13 0.554297 0.794531 0.0429688 0.0515625
13 0.477734 0.811328 0.0335937 0.0382813
14 0.496094 0.567969 0.0296875 0.117188
15 0.540234 0.6125 0.0492187 0.0421875
16 0.774609 0.439453 0.0835937 0.0554687
16 0.892969 0.436328 0.084375 0.0585938
17 0.806641 0.563281 0.103906 0.0625
17 0.807031 0.684766 0.103125 0.0695313
