0 0.447266 0.446875 0.366406 0.807813
1 0.421875 0.123828 0.126562 0.161719
2 0.421875 0.162891 0.126562 0.0835937
3 0.398438 0.145703 0.01875 0.0148437
3 0.446875 0.14375 0.01875 0.0171875
4 0.425391 0.154688 0.0148437 0.015625
5 0.425781 0.175 0.0421875 0.025
6 0.367969 0.150391 0.01875 0.0257812
6 0.476953 0.141797 0.0164063 0.0242188
7 0.41875 0.0914062 0.139063 0.096875
8 0.426953 0.221875 0.0351562 0.0453125
9 0.43125 0.332031 0.154688 0.195312
10 0.325781 0.369922 0.0828125 0.261719
10 0.564844 0.355859 0.132812 0.238281
11 0.603516 0.448437 0.0554687 0.053125
11 0.316797 0.473047 0.0648438 0.0554687
12 0.342578 0.691797 0.157031 0.317969
12 0.510156 0.686719 0.0890625 0.303125
13 0.337109 0.776563 0.146094 0.148438
13 0.516406 0.76875 0.078125 0.1375
14 0.437891 0.332031 0.0179687 0.1125
15 0.378906 0.425 0.05625 0.0703125
15 0.484766 0.416797 0.0523438 0.0710937
16 0.128516 0.751563 0.127344 0.0734375
16 0.122266 0.886328 0.114844 0.0585938
17 0.664453 0.724609 0.116406 0.103906
17 0.817187 0.725 0.115625 0.0984375
