0 0.483203 0.55625 0.314844 0.70625
1 0.445703 0.287891 0.214844 0.158594
2 0.445312 0.308203 0.2125 0.116406
3 0.396484 0.296094 0.0210938 0.021875
3 0.483984 0.288672 0.0242188 0.0226562
4 0.437891 0.299219 0.0195312 0.028125
5 0.435937 0.333203 0.0546875 0.0289063
6 0.348438 0.294141 0.01875 0.0445313
6 0.54375 0.271875 0.0140625 0.040625
7 0.451172 0.244141 0.180469 0.0710937
8 0.456641 0.381641 0.0460938 0.0523438
9 0.484766 0.5375 0.200781 0.257812
10 0.366797 0.545703 0.0804688 0.188281
10 0.581641 0.494922 0.116406 0.132031
11 0.359375 0.605859 0.0546875 0.0632812
11 0.600781 0.536719 0.05625 0.0453125
12 0.433594 0.776172 0.126562 0.242969
12 0.552734 0.780469 0.113281 0.251563
13 0.417969 0.865625 0.0953125 0.0640625
13 0.564844 0.867578 0.0890625 0.0789062
14 0.476172 0.535547 0.0398437 0.113281
15 0.541797 0.7125 0.0351562 0.0359375
16 0.180078 0.148828 0.144531 0.0945312
16 0.179688 0.248047 0.165625 0.0960938
17 0.125781 0.482031 0.132812 0.0546875
17 0.127344 0.555859 0.13125 0.0476562
