0 0.507422 0.482812 0.230469 0.470313
1 0.496875 0.354687 0.196875 0.209375
2 0.496094 0.414062 0.195312 0.090625
3 0.458594 0.398438 0.040625 0.053125
3 0.547266 0.396094 0.0414062 0.053125
4 0.502734 0.420312 0.0242188 0.015625
5 0.508203 0.438281 0.0476562 0.021875
6 0.411328 0.40625 0.0257812 0.0453125
6 0.578906 0.399219 0.0296875 0.0390625
7 0.498047 0.310547 0.194531 0.121094
8 0.503125 0.461719 0.0328125 0.0234375
9 0.501563 0.542188 0.0796875 0.148438
10 0.437891 0.526953 0.0914062 0.105469
10 0.577344 0.515234 0.0875 0.0789062
11 0.411328 0.554297 0.0367188 0.0507812
11 0.607031 0.534375 0.0296875 0.040625
12 0.467578 0.662109 0.0601563 0.108594
12 0.522656 0.660547 0.053125 0.103906
13 0.460156 0.703906 0.0453125 0.0265625
13 0.529687 0.697266 0.0390625 0.0320312
14 0.501563 0.545312 0.0234375 0.0890625
15 0.525 0.512109 0.0234375 0.0320312
16 0.7125 0.335547 0.04375 0.0742188
16 0.770312 0.335938 0.0390625 0.075
17 0.70625 0.489844 0.1 0.065625
17 0.823828 0.477734 0.0945312 0.0757812
