0 0.511719 0.560937 0.403125 0.701562
1 0.422656 0.296484 0.182812 0.169531
2 0.423047 0.328906 0.182031 0.104688
3 0.385547 0.298047 0.0414062 0.0445313
3 0.448828 0.301953 0.0367188 0.0382813
4 0.421094 0.316797 0.0171875 0.0148437
5 0.427734 0.340625 0.0367188 0.021875
6 0.346094 0.292969 0.025 0.03125
6 0.505078 0.289062 0.0179687 0.0234375
7 0.426563 0.253906 0.160938 0.08125
8 0.446875 0.388672 0.0359375 0.0273438
9 0.465625 0.515625 0.165625 0.242188
10 0.351953 0.535937 0.0835937 0.185938
10 0.568359 0.54375 0.0976562 0.192188
11 0.338281 0.612109 0.05625 0.0351562
11 0.588281 0.622266 0.0578125 0.0351562
12 0.376563 0.75625 0.132812 0.282813
12 0.603125 0.767969 0.220312 0.285938
13 0.371875 0.873828 0.123438 0.0476562
13 0.642578 0.855469 0.141406 0.110937
14 0.458984 0.488672 0.0320312 0.0929688
15 0.414062 0.588672 0.034375 0.0335937
15 0.510547 0.587891 0.0351562 0.0382813
16 0.840234 0.834766 0.0726563 0.0648438
16 0.898828 0.833984 0.0429688 0.0507812
17 0.832031 0.744141 0.078125 0.0632812
17 0.905078 0.736328 0.0695313 0.0632812
