0 0.472656 0.552344 0.221875 0.528125
1 0.469141 0.382812 0.186719 0.189062
2 0.469141 0.399609 0.186719 0.155469
3 0.499219 0.3625 0.0515625 0.08125
3 0.432031 0.377734 0.04375 0.0679687
4 0.4625 0.417578 0.025 0.0335937
5 0.461719 0.448047 0.05 0.0367188
6 0.3875 0.412109 0.0234375 0.0382813
6 0.542578 0.402344 0.0398437 0.053125
7 0.486328 0.318359 0.141406 0.0617188
8 0.470313 0.48125 0.025 0.0359375
9 0.476562 0.585547 0.114062 0.191406
10 0.402734 0.580859 0.0648438 0.0929688
10 0.555859 0.583203 0.0554687 0.107031
11 0.390625 0.612109 0.040625 0.0304687
11 0.558594 0.616797 0.05 0.0398437
12 0.415234 0.740625 0.107031 0.13125
12 0.512891 0.745313 0.0882813 0.142187
13 0.394922 0.793359 0.0664062 0.0257812
13 0.522656 0.801953 0.06875 0.0289063
14 0.470703 0.623828 0.0289063 0.0804688
15 0.421094 0.661719 0.0125 0.0296875
15 0.523047 0.65625 0.0164063 0.034375
16 0.683984 0.726953 0.0695313 0.0429688
16 0.691406 0.676953 0.075 0.0523438
17 0.708203 0.591016 0.0867187 0.0460938
17 0.694922 0.623047 0.0726563 0.0554687
