0 0.429688 0.492578 0.407813 0.571094
1 0.429297 0.295312 0.186719 0.176563
2 0.429297 0.307031 0.186719 0.153125
3 0.398047 0.299219 0.0242188 0.0171875
3 0.434375 0.289844 0.025 0.021875
4 0.423828 0.317188 0.0226562 0.0203125
5 0.421094 0.3375 0.0671875 0.0328125
6 0.346875 0.297266 0.021875 0.0523438
6 0.50625 0.254688 0.0328125 0.0484375
7 0.416406 0.239453 0.110937 0.0648438
8 0.421875 0.410938 0.0484375 0.0859375
9 0.434375 0.506641 0.15625 0.155469
10 0.294922 0.521094 0.138281 0.18125
10 0.562891 0.507812 0.141406 0.117188
11 0.592969 0.508984 0.08125 0.114844
11 0.269922 0.576172 0.0882813 0.0710937
12 0.387109 0.672656 0.0882813 0.210938
12 0.498828 0.65625 0.105469 0.201563
13 0.384766 0.751953 0.0835937 0.0523438
13 0.508203 0.730859 0.0867187 0.0523438
14 0.427344 0.499609 0.0390625 0.110156
15 0.385156 0.592969 0.0203125 0.0515625
15 0.516016 0.593359 0.0148437 0.0554687
16 0.375781 0.908594 0.0875 0.0453125
16 0.519531 0.897266 0.0765625 0.0351562
17 0.384766 0.832812 0.0914062 0.053125
17 0.509375 0.81875 0.0875 0.053125
