0 0.402734 0.573438 0.349219 0.853125
1 0.428906 0.30625 0.246875 0.3125
2 0.429297 0.386719 0.249219 0.146875
3 0.408984 0.326562 0.0476562 0.025
3 0.468359 0.332031 0.0382813 0.021875
4 0.425 0.373047 0.025 0.0320312
5 0.41875 0.408203 0.059375 0.0351562
6 0.322266 0.3625 0.0351562 0.0765625
6 0.514062 0.394141 0.0796875 0.0632812
7 0.448437 0.260547 0.259375 0.228906
8 0.402344 0.467969 0.0203125 0.0265625
9 0.392969 0.650391 0.226562 0.347656
10 0.270703 0.695312 0.0867187 0.221875
10 0.510156 0.661328 0.075 0.232031
11 0.284766 0.780859 0.0492187 0.0507812
11 0.525391 0.755859 0.0429688 0.0414062
12 0.3625 0.907031 0.08125 0.185938
12 0.493359 0.899219 0.0992187 0.201563
13 0.3625 0.977734 0.08125 0.0382813
13 0.504687 0.986328 0.0765625 0.0273438
14 0.396484 0.666016 0.0382813 0.161719
15 0.357422 0.750781 0.0320312 0.0234375
15 0.462891 0.731641 0.0398437 0.0320312
16 0.736328 0.815234 0.0523438 0.0492187
16 0.808594 0.8125 0.053125 0.0484375
17 0.730078 0.880469 0.0523438 0.0546875
17 0.796484 0.878125 0.0445313 0.04375
