0 0.45 0.35 0.225 0.478125
1 0.45 0.225781 0.225 0.23125
2 0.45 0.275 0.225 0.132812
3 0.39375 0.257812 0.034375 0.059375
3 0.495703 0.255859 0.0304687 0.0585938
4 0.443359 0.280078 0.0179687 0.0164063
5 0.444141 0.306641 0.0320312 0.0132812
6 0.350391 0.226172 0.0242188 0.0367188
6 0.55 0.226562 0.025 0.0375
7 0.453906 0.161719 0.189062 0.104688
8 0.445312 0.346875 0.05 0.0265625
9 0.444531 0.415625 0.05 0.115625
10 0.389844 0.422656 0.0890625 0.125
10 0.504687 0.425391 0.0734375 0.130469
11 0.367578 0.454297 0.0445313 0.0617188
11 0.515625 0.462109 0.0515625 0.0570312
12 0.410547 0.528906 0.0617188 0.11875
12 0.458594 0.526953 0.05625 0.121094
13 0.406641 0.567578 0.0539063 0.0414062
13 0.455469 0.563281 0.05 0.0484375
14 0.448047 0.426563 0.0226562 0.0796875
15 0.457813 0.460547 0.0125 0.0195312
15 0.432031 0.464453 0.0171875 0.0179687
16 0.776563 0.525391 0.0703125 0.0867187
16 0.697656 0.524609 0.078125 0.0804688
17 0.816406 0.659375 0.0796875 0.08125
17 0.816016 0.767188 0.0679687 0.09375
