0 0.45625 0.461719 0.278125 0.653125
1 0.44375 0.214844 0.185938 0.15625
2 0.443359 0.251953 0.186719 0.0804688
3 0.40625 0.232813 0.0296875 0.0171875
3 0.483203 0.226562 0.0367188 0.0171875
4 0.44375 0.242188 0.0109375 0.0140625
5 0.451172 0.263281 0.0492187 0.021875
6 0.361719 0.2375 0.021875 0.025
6 0.526953 0.230859 0.0164063 0.0351562
7 0.437891 0.175391 0.160156 0.0726563
8 0.455859 0.304688 0.0445313 0.0375
9 0.454297 0.427344 0.146094 0.220312
10 0.361328 0.450391 0.0835937 0.257031
10 0.549219 0.462891 0.0828125 0.282031
11 0.356641 0.548438 0.0695313 0.0609375
11 0.546484 0.572266 0.0804688 0.0632812
12 0.394531 0.650391 0.11875 0.260156
12 0.491406 0.655469 0.0828125 0.260937
13 0.384766 0.757031 0.0976562 0.046875
13 0.489063 0.764453 0.0671875 0.0367188
14 0.455859 0.433203 0.0257812 0.172656
15 0.400391 0.546484 0.0335937 0.0539063
15 0.514453 0.554297 0.0289063 0.0476562
16 0.625 0.767188 0.0796875 0.04375
16 0.710156 0.771875 0.06875 0.0453125
17 0.788281 0.768359 0.0546875 0.0429688
17 0.837891 0.764062 0.0414062 0.04375
