0 0.418359 0.467187 0.263281 0.43125
1 0.429688 0.314453 0.15625 0.125781
2 0.429688 0.326562 0.15625 0.101562
3 0.402734 0.288672 0.0210938 0.0226562
3 0.433984 0.286719 0.0226562 0.021875
4 0.414453 0.325 0.0289063 0.025
5 0.421484 0.349219 0.0648438 0.028125
6 0.367969 0.316016 0.0328125 0.0539063
6 0.494922 0.308594 0.0257812 0.059375
7 0.429688 0.266797 0.075 0.0304687
8 0.425781 0.398828 0.040625 0.0695313
9 0.414453 0.490625 0.0960938 0.146875
10 0.339062 0.472656 0.104688 0.1
10 0.504687 0.457813 0.090625 0.071875
11 0.511719 0.459375 0.0765625 0.06875
11 0.315234 0.488281 0.0570312 0.06875
12 0.364844 0.613672 0.08125 0.138281
12 0.457031 0.586328 0.084375 0.124219
13 0.464453 0.633203 0.0695313 0.0304687
13 0.356641 0.662891 0.0648438 0.0398437
14 0.407813 0.490234 0.046875 0.117969
15 0.370312 0.565234 0.0234375 0.0414062
15 0.459766 0.548047 0.0320312 0.0429688
16 0.609375 0.577734 0.059375 0.0460938
16 0.675781 0.58125 0.0546875 0.0390625
17 0.703906 0.640625 0.0703125 0.0421875
17 0.610938 0.649609 0.0625 0.0445313
