0 0.457422 0.362109 0.203906 0.378906
1 0.457422 0.245312 0.203906 0.145313
2 0.457422 0.271484 0.203906 0.0929688
3 0.415234 0.253125 0.0382813 0.0328125
3 0.485547 0.260547 0.0492187 0.0398437
4 0.44375 0.273438 0.0046875 0.0140625
5 0.446484 0.29375 0.0429688 0.0125
6 0.367969 0.243359 0.025 0.0320312
6 0.546875 0.258594 0.025 0.0296875
7 0.465625 0.210938 0.170313 0.0765625
8 0.446484 0.317578 0.0585938 0.0320312
9 0.434766 0.380078 0.0851563 0.0960938
10 0.389844 0.382031 0.0515625 0.090625
10 0.4875 0.377734 0.0390625 0.0835937
11 0.494141 0.410547 0.0257812 0.0179687
11 0.374219 0.418359 0.0203125 0.0179687
12 0.389844 0.516797 0.053125 0.0617188
12 0.446094 0.525 0.0390625 0.0515625
13 0.446094 0.538281 0.0390625 0.025
13 0.385156 0.535547 0.04375 0.0242188
14 0.448437 0.358594 0.0109375 0.0125
15 0.403906 0.434375 0.01875 0.0375
15 0.451562 0.441016 0.015625 0.0320312
16 0.671094 0.409766 0.0953125 0.0664062
16 0.837891 0.388281 0.0882813 0.0609375
17 0.674219 0.540625 0.090625 0.0609375
17 0.844141 0.514062 0.0945312 0.0625
