0 0.4125 0.486719 0.360938 0.59375
1 0.407813 0.294141 0.321875 0.205469
2 0.40625 0.339062 0.323437 0.115625
3 0.351953 0.310156 0.0304687 0.0359375
3 0.441797 0.309766 0.0382813 0.0320312
4 0.402344 0.332813 0.0296875 0.0234375
5 0.396094 0.355078 0.0609375 0.0320312
6 0.543359 0.323828 0.0460938 0.0414062
6 0.270703 0.314063 0.0492187 0.0625
7 0.416016 0.238672 0.214844 0.0945312
8 0.421875 0.404297 0.0578125 0.0476562
9 0.40625 0.487109 0.189062 0.174219
10 0.541406 0.460156 0.101562 0.120313
10 0.285547 0.486719 0.100781 0.165625
11 0.275 0.545703 0.0828125 0.0492187
11 0.558203 0.48125 0.0664062 0.0796875
12 0.306641 0.735156 0.0742188 0.096875
12 0.484766 0.715625 0.0804688 0.10625
13 0.303516 0.764844 0.0648438 0.034375
13 0.485938 0.744922 0.0796875 0.0476562
14 0.405469 0.476562 0.0234375 0.0515625
15 0.347656 0.591016 0.0796875 0.0585938
15 0.475781 0.568359 0.040625 0.0445313
16 0.614453 0.704297 0.0929688 0.0773438
16 0.712109 0.710938 0.0820312 0.084375
17 0.820312 0.719922 0.0796875 0.0585938
17 0.911719 0.715234 0.0890625 0.0429688
