0 0.496875 0.317188 0.209375 0.501563
1 0.499219 0.150391 0.1875 0.132031
2 0.498828 0.18125 0.186719 0.0734375
3 0.475781 0.160938 0.0328125 0.025
3 0.522266 0.160156 0.0382813 0.0265625
4 0.498437 0.170313 0.009375 0.0125
5 0.501563 0.193359 0.0328125 0.0132812
6 0.581641 0.162109 0.0210938 0.0320312
6 0.417969 0.160938 0.025 0.03125
7 0.499219 0.136719 0.159375 0.140625
8 0.501563 0.221484 0.025 0.0210938
9 0.49375 0.304688 0.10625 0.151562
10 0.430859 0.292969 0.0742188 0.107813
10 0.548438 0.297266 0.065625 0.132031
11 0.415625 0.330469 0.040625 0.0328125
11 0.560937 0.348828 0.0375 0.0273438
12 0.451562 0.500391 0.059375 0.110156
12 0.560547 0.501953 0.0757812 0.122656
13 0.450781 0.5375 0.0578125 0.0390625
13 0.566406 0.542578 0.065625 0.0398437
14 0.496875 0.292187 0.028125 0.0765625
15 0.467578 0.388281 0.0351562 0.0375
15 0.542578 0.387891 0.0320312 0.0351562
16 0.732422 0.1875 0.0835937 0.078125
16 0.821094 0.191797 0.0625 0.0820312
17 0.717578 0.297656 0.0523438 0.0625
17 0.778906 0.309375 0.04375 0.06875
