0 0.417578 0.342969 0.186719 0.457813
1 0.416797 0.179688 0.133594 0.125
2 0.416016 0.203516 0.133594 0.0789062
3 0.389844 0.172656 0.009375 0.015625
3 0.431641 0.178516 0.0101563 0.0148437
4 0.409766 0.201953 0.00703125 0.0164063
5 0.414062 0.216797 0.04375 0.0226562
6 0.359766 0.189062 0.0210938 0.028125
6 0.474219 0.187109 0.015625 0.0335937
7 0.41875 0.135937 0.084375 0.0375
8 0.400391 0.251172 0.0398437 0.0335937
9 0.425391 0.333594 0.0960938 0.140625
10 0.480078 0.328125 0.0570312 0.0875
10 0.358594 0.316797 0.0625 0.103906
11 0.344531 0.355078 0.0328125 0.0273438
11 0.492578 0.356641 0.0304687 0.0304687
12 0.475 0.519141 0.0515625 0.0757812
12 0.384766 0.522266 0.0617188 0.0976562
13 0.377344 0.550391 0.0453125 0.0398437
13 0.483203 0.539844 0.0351562 0.034375
14 0.414453 0.325781 0.0304687 0.090625
15 0.460156 0.417578 0.0421875 0.0414062
15 0.393359 0.416797 0.0398437 0.0429688
16 0.589063 0.687891 0.0703125 0.0382813
16 0.589844 0.632812 0.065625 0.05
17 0.612109 0.526953 0.0726563 0.0429688
17 0.617969 0.444531 0.08125 0.0640625
