0 0.440625 0.376563 0.217188 0.440625
1 0.461719 0.227344 0.175 0.142187
2 0.461719 0.252344 0.175 0.0890625
3 0.438281 0.230469 0.03125 0.0234375
3 0.490625 0.235156 0.0203125 0.0265625
4 0.457813 0.253125 0.0171875 0.025
5 0.457031 0.271094 0.05 0.0265625
6 0.396094 0.247266 0.04375 0.0460938
6 0.534375 0.230469 0.0296875 0.0453125
7 0.463281 0.183594 0.11875 0.0546875
8 0.455469 0.298438 0.04375 0.03125
9 0.449219 0.360938 0.103125 0.134375
10 0.385156 0.346094 0.10625 0.107813
10 0.5125 0.375781 0.0640625 0.129688
11 0.347656 0.379688 0.03125 0.040625
11 0.526563 0.41875 0.0390625 0.04375
12 0.396875 0.497656 0.078125 0.196875
12 0.446875 0.500781 0.059375 0.178125
13 0.383594 0.572266 0.0484375 0.0492187
13 0.451562 0.567969 0.05 0.0453125
14 0.446094 0.369531 0.021875 0.0640625
15 0.413672 0.422656 0.0242188 0.0203125
15 0.453125 0.425 0.025 0.0265625
16 0.377344 0.655469 0.0578125 0.0390625
16 0.457813 0.650781 0.059375 0.0359375
17 0.38125 0.700781 0.0546875 0.0390625
17 0.453125 0.694531 0.0484375 0.0359375
