0 0.379297 0.357031 0.296094 0.5375
1 0.409375 0.208203 0.234375 0.238281
2 0.401953 0.277734 0.219531 0.0992187
3 0.346484 0.238672 0.0351562 0.0195312
3 0.46875 0.242188 0.0328125 0.0203125
4 0.413672 0.253125 0.0367188 0.0359375
5 0.403906 0.297656 0.0921875 0.0375
6 0.304688 0.257031 0.025 0.0296875
6 0.499609 0.258984 0.0226562 0.0273438
7 0.409375 0.158594 0.234375 0.1375
8 0.394141 0.328516 0.0273438 0.0132812
9 0.363672 0.407813 0.105469 0.148438
10 0.303906 0.392578 0.110937 0.116406
10 0.437891 0.413672 0.0460938 0.138281
11 0.262891 0.435156 0.0289063 0.0328125
11 0.441016 0.46875 0.0398437 0.028125
12 0.288281 0.528906 0.1125 0.117188
12 0.364844 0.55 0.053125 0.148438
13 0.255859 0.565234 0.0460938 0.0429688
13 0.365234 0.605078 0.0523438 0.0382813
14 0.373047 0.413281 0.0367188 0.114062
15 0.328906 0.482031 0.028125 0.0234375
15 0.372266 0.486719 0.0210938 0.0203125
16 0.537891 0.576562 0.0695313 0.03125
16 0.604297 0.571484 0.0617188 0.0320312
17 0.705469 0.549609 0.071875 0.0335937
17 0.779297 0.550391 0.0789062 0.0289063
