0 0.359375 0.335156 0.248438 0.535937
1 0.373828 0.183203 0.214844 0.233594
2 0.373437 0.225391 0.210938 0.144531
3 0.315234 0.196484 0.0164063 0.0179687
3 0.411719 0.188281 0.015625 0.0171875
4 0.371484 0.233984 0.0132812 0.0195312
5 0.373047 0.250781 0.0460938 0.0328125
6 0.283984 0.199219 0.0382813 0.05
6 0.455469 0.181641 0.04375 0.0507812
7 0.368359 0.111328 0.177344 0.0851563
8 0.371875 0.308203 0.05625 0.0445313
9 0.373828 0.383984 0.0773438 0.127344
10 0.293359 0.377344 0.105469 0.114062
10 0.436719 0.375391 0.0875 0.107031
11 0.258594 0.416406 0.0359375 0.0359375
11 0.453125 0.408594 0.05 0.0390625
12 0.344922 0.51875 0.0429688 0.164062
12 0.426563 0.515234 0.065625 0.157031
13 0.345703 0.578906 0.0492187 0.046875
13 0.432031 0.56875 0.0515625 0.046875
14 0.373437 0.389062 0.0203125 0.09375
15 0.347266 0.435156 0.0242188 0.021875
15 0.400391 0.430859 0.0257812 0.0335937
16 0.7 0.34375 0.0453125 0.0890625
16 0.778516 0.346094 0.0492187 0.0953125
17 0.639062 0.639062 0.1125 0.2125
17 0.740234 0.63125 0.0820312 0.204687
