0 0.390625 0.409766 0.317188 0.586719
1 0.44375 0.189062 0.139063 0.139063
2 0.442969 0.217188 0.1375 0.0828125
3 0.421875 0.195312 0.0203125 0.0375
3 0.451953 0.198437 0.0195312 0.0375
4 0.438281 0.201172 0.0046875 0.0148437
5 0.436328 0.228906 0.0195312 0.025
6 0.5 0.203516 0.0234375 0.0226562
6 0.385937 0.208594 0.0234375 0.028125
7 0.444531 0.151172 0.104688 0.0632812
8 0.432812 0.269531 0.021875 0.034375
9 0.428516 0.330469 0.166406 0.171875
10 0.523828 0.370703 0.0414062 0.189844
10 0.295703 0.243359 0.119531 0.116406
11 0.263281 0.212109 0.05 0.0554687
11 0.524609 0.438672 0.0398437 0.0507812
12 0.362109 0.60625 0.0789062 0.179688
12 0.451562 0.612109 0.059375 0.175781
13 0.357031 0.678516 0.0734375 0.0335937
13 0.451172 0.684375 0.0507812 0.0296875
14 0.424219 0.347656 0.0390625 0.114062
15 0.385156 0.4375 0.046875 0.0578125
16 0.710156 0.207031 0.109375 0.104688
16 0.803906 0.208984 0.0953125 0.0882813
17 0.691016 0.325 0.103906 0.0625
17 0.776953 0.325391 0.0945312 0.0601563
