0 0.502734 0.601953 0.583594 0.772656
1 0.497656 0.310937 0.176563 0.170313
2 0.498047 0.338281 0.175781 0.115625
3 0.524609 0.295312 0.0273438 0.028125
3 0.461328 0.303906 0.0304687 0.034375
4 0.489063 0.335156 0.021875 0.0265625
5 0.495312 0.364453 0.0578125 0.0226562
6 0.572656 0.317969 0.0265625 0.0375
6 0.417578 0.325 0.0148437 0.021875
7 0.489063 0.267969 0.185938 0.10625
8 0.504687 0.433594 0.06875 0.1125
9 0.530469 0.632422 0.273438 0.316406
10 0.309766 0.435547 0.192969 0.321094
10 0.708203 0.467969 0.175781 0.26875
11 0.246094 0.314453 0.065625 0.0757812
11 0.767969 0.354297 0.05625 0.0414062
12 0.54375 0.878906 0.164062 0.214062
12 0.378125 0.871484 0.175 0.230469
13 0.328516 0.953125 0.0757812 0.06875
13 0.591406 0.95625 0.06875 0.059375
14 0.494141 0.592578 0.0351562 0.177344
15 0.407422 0.792188 0.0539063 0.0703125
15 0.56875 0.810937 0.0625 0.0703125
16 0.742578 0.819141 0.0539063 0.0382813
16 0.846875 0.813672 0.05625 0.0460938
17 0.844922 0.882031 0.0632812 0.05
17 0.747656 0.882812 0.0671875 0.046875
