0 0.475391 0.406641 0.314844 0.674219
1 0.475391 0.211328 0.314844 0.283594
2 0.475 0.258594 0.314063 0.189062
3 0.41875 0.183203 0.01875 0.0226562
3 0.534766 0.176172 0.0179687 0.0210938
4 0.479297 0.245312 0.0257812 0.0421875
5 0.475 0.3 0.0765625 0.0296875
6 0.334766 0.224609 0.0335937 0.0460938
6 0.618359 0.229687 0.0304687 0.0453125
7 0.471484 0.122656 0.252344 0.107813
8 0.481641 0.375 0.0335937 0.05625
9 0.461719 0.487891 0.153125 0.192969
10 0.366406 0.510156 0.0734375 0.215625
10 0.551953 0.494531 0.0664062 0.209375
11 0.54375 0.578906 0.0484375 0.0421875
11 0.358203 0.589063 0.0585938 0.0578125
12 0.413672 0.657813 0.0851563 0.16875
12 0.486328 0.653516 0.0914062 0.169531
13 0.407813 0.716406 0.0734375 0.053125
13 0.486719 0.70625 0.0921875 0.0625
14 0.462891 0.509375 0.0132812 0.0609375
15 0.402734 0.564844 0.0335937 0.0375
15 0.517969 0.555078 0.03125 0.0382813
16 0.709766 0.602344 0.103906 0.059375
16 0.84375 0.611328 0.1 0.0554687
17 0.692969 0.737109 0.1125 0.0726563
17 0.821094 0.735938 0.10625 0.071875
