0 0.350781 0.554297 0.334375 0.553906
1 0.350391 0.392969 0.232031 0.225
2 0.350781 0.433203 0.232813 0.146094
3 0.325781 0.403125 0.0375 0.0359375
3 0.364844 0.400391 0.0203125 0.0304687
4 0.361328 0.422656 0.0164063 0.01875
5 0.353516 0.441406 0.0320312 0.0296875
6 0.450781 0.382031 0.0328125 0.0375
6 0.249219 0.40625 0.0296875 0.04375
7 0.353516 0.322656 0.171094 0.08125
8 0.355859 0.512109 0.0273438 0.0367188
9 0.358203 0.602734 0.136719 0.163281
10 0.249219 0.599219 0.128125 0.103125
10 0.4625 0.623828 0.103125 0.0867187
11 0.489844 0.628516 0.046875 0.0789062
11 0.219531 0.605469 0.0671875 0.0921875
12 0.314844 0.778906 0.0640625 0.0984375
12 0.433984 0.754687 0.0539063 0.0703125
13 0.315625 0.797656 0.065625 0.0609375
13 0.434375 0.763281 0.053125 0.0515625
14 0.358203 0.602734 0.0335937 0.121094
15 0.324219 0.642188 0.0375 0.0515625
16 0.669531 0.4625 0.10625 0.084375
16 0.848437 0.450781 0.107813 0.08125
17 0.649219 0.619922 0.123438 0.0867187
17 0.839844 0.591406 0.123438 0.0828125
