0 0.479687 0.536719 0.328125 0.526563
1 0.480078 0.36875 0.327344 0.1875
2 0.48125 0.392188 0.329688 0.140625
3 0.422656 0.365234 0.0484375 0.0554687
3 0.506641 0.359766 0.0507812 0.0617188
4 0.480469 0.405469 0.03125 0.0390625
5 0.486328 0.432812 0.132031 0.046875
6 0.343359 0.370312 0.0523438 0.0953125
6 0.598828 0.383594 0.0867187 0.115625
7 0.456641 0.310156 0.128906 0.0671875
8 0.478906 0.480078 0.05 0.0648438
9 0.480859 0.604297 0.130469 0.213281
10 0.378125 0.586719 0.121875 0.176563
10 0.572656 0.567969 0.1375 0.135937
11 0.357422 0.622656 0.0789062 0.104688
11 0.608594 0.584766 0.0640625 0.100781
12 0.494531 0.75 0.065625 0.0984375
12 0.542969 0.725781 0.05 0.0953125
13 0.5 0.778906 0.053125 0.040625
13 0.543359 0.758203 0.0492187 0.0320312
14 0.489453 0.598437 0.0601563 0.139063
15 0.469141 0.673047 0.0445313 0.0445313
15 0.527734 0.646875 0.0289063 0.0328125
16 0.764844 0.740234 0.1125 0.191406
16 0.877734 0.736719 0.0773438 0.148438
17 0.191797 0.649609 0.103906 0.214844
17 0.276953 0.640625 0.0804688 0.171875
