0 0.531641 0.603906 0.494531 0.779687
1 0.53125 0.414844 0.49375 0.401562
2 0.532031 0.471875 0.49375 0.2875
3 0.383594 0.398438 0.0359375 0.0296875
3 0.622266 0.348828 0.0585938 0.0398437
4 0.527734 0.382031 0.0367188 0.046875
5 0.501563 0.472656 0.110937 0.0859375
6 0.306641 0.455078 0.0429688 0.0523438
6 0.759766 0.445312 0.0367188 0.05625
7 0.553125 0.284766 0.390625 0.139844
8 0.508984 0.642188 0.0851563 0.0828125
9 0.480469 0.753516 0.140625 0.171094
10 0.384375 0.776563 0.053125 0.179688
10 0.575 0.765234 0.0796875 0.169531
11 0.372656 0.849219 0.0296875 0.034375
11 0.600781 0.828906 0.028125 0.0390625
12 0.440625 0.908984 0.05625 0.164844
12 0.499219 0.895703 0.0625 0.147656
13 0.44375 0.971875 0.0328125 0.0390625
13 0.511328 0.947656 0.0335937 0.0421875
14 0.472266 0.75 0.0210938 0.078125
15 0.439844 0.804297 0.0359375 0.0398437
16 0.659766 0.707422 0.0914062 0.0554687
16 0.777734 0.713672 0.119531 0.0726563
17 0.770703 0.892969 0.0710937 0.0703125
17 0.873437 0.887109 0.0640625 0.0664062
