0 0.460156 0.526563 0.532813 0.896875
1 0.459766 0.321484 0.533594 0.489844
2 0.459766 0.408594 0.535156 0.31875
3 0.373828 0.289453 0.0929688 0.0226562
3 0.580078 0.284375 0.100781 0.021875
4 0.458594 0.308984 0.0390625 0.0460938
5 0.459375 0.408984 0.120313 0.0601563
6 0.234766 0.363281 0.0867187 0.1875
6 0.676562 0.354687 0.1 0.209375
7 0.474219 0.178516 0.459375 0.200781
8 0.452734 0.587891 0.0992187 0.0726563
9 0.425781 0.680078 0.229687 0.161719
10 0.288672 0.646094 0.127344 0.14375
10 0.593359 0.630469 0.157031 0.117188
11 0.245703 0.607422 0.0414062 0.0664062
11 0.644922 0.591797 0.0539063 0.0398437
12 0.330859 0.885938 0.0664062 0.175
12 0.526563 0.821875 0.0890625 0.16875
13 0.343359 0.951172 0.0398437 0.0429688
13 0.529687 0.876953 0.0796875 0.0570312
14 0.430078 0.673438 0.0570312 0.05625
15 0.330469 0.759375 0.0515625 0.0609375
15 0.501172 0.732422 0.0664062 0.0195312
16 0.755859 0.710156 0.0601563 0.125
16 0.86875 0.722656 0.0515625 0.104688
17 0.801562 0.419922 0.0765625 0.0960938
17 0.898047 0.40625 0.0617188 0.09375
