0 0.573438 0.513672 0.339062 0.788281
1 0.526953 0.255469 0.191406 0.26875
2 0.526172 0.314844 0.191406 0.148438
3 0.557422 0.275391 0.0210938 0.0210938
3 0.492969 0.276562 0.0140625 0.00625
4 0.529297 0.300781 0.0226562 0.046875
5 0.54375 0.350781 0.053125 0.0328125
6 0.453125 0.301172 0.04375 0.0632812
6 0.606641 0.275781 0.0304687 0.0703125
7 0.526172 0.188281 0.147656 0.13125
8 0.552734 0.4 0.0445313 0.0328125
9 0.575781 0.546875 0.145313 0.28125
10 0.45625 0.569531 0.101562 0.329688
10 0.693359 0.582422 0.0976562 0.353906
11 0.689063 0.726562 0.0703125 0.065625
11 0.441016 0.709766 0.0664062 0.0492187
12 0.53125 0.783594 0.0703125 0.21875
12 0.611719 0.789453 0.090625 0.233594
13 0.620313 0.886719 0.0734375 0.0390625
13 0.526953 0.876172 0.0617188 0.0335937
14 0.550391 0.475391 0.0210938 0.0273438
15 0.530469 0.709375 0.0359375 0.0625
15 0.602344 0.702344 0.0453125 0.059375
16 0.801562 0.334375 0.05625 0.0453125
16 0.890625 0.325781 0.053125 0.0359375
17 0.808594 0.428516 0.059375 0.0335937
17 0.910937 0.419922 0.0453125 0.0320312
