0 0.334375 0.632812 0.446875 0.717187
1 0.255469 0.326953 0.173437 0.0976562
2 0.25625 0.341406 0.171875 0.0703125
3 0.283594 0.338281 0.0109375 0.015625
3 0.214844 0.335156 0.0078125 0.0109375
4 0.247656 0.336719 0.021875 0.0296875
5 0.253906 0.357422 0.03125 0.00703125
6 0.184766 0.3375 0.0304687 0.0453125
6 0.327344 0.325391 0.028125 0.0382813
7 0.251953 0.301953 0.114844 0.0476562
8 0.257031 0.407813 0.0375 0.078125
9 0.272656 0.58125 0.176563 0.289062
10 0.402734 0.569531 0.113281 0.114062
10 0.153516 0.553125 0.0757812 0.1625
11 0.428906 0.602344 0.059375 0.04375
11 0.151172 0.598828 0.0679687 0.0710937
12 0.180078 0.826172 0.139844 0.294531
12 0.428125 0.837109 0.260937 0.308594
13 0.154688 0.950781 0.0859375 0.0421875
13 0.509766 0.962109 0.0976562 0.0539063
14 0.266797 0.584375 0.0382813 0.198437
15 0.214453 0.489063 0.0289063 0.0421875
15 0.326953 0.644141 0.0257812 0.0351562
15 0.215234 0.649609 0.0210938 0.0382813
16 0.870313 0.396875 0.040625 0.0640625
16 0.776563 0.415234 0.0546875 0.119531
17 0.894531 0.585938 0.0375 0.0796875
17 0.80625 0.581641 0.05625 0.0960938
