0 0.457813 0.414844 0.314063 0.639062
1 0.459766 0.190234 0.174219 0.191406
2 0.458594 0.227734 0.173437 0.117969
3 0.436719 0.183594 0.03125 0.0296875
3 0.487891 0.183594 0.0304687 0.028125
4 0.455469 0.222656 0.0203125 0.021875
5 0.462109 0.247656 0.0460938 0.025
6 0.380859 0.214062 0.0148437 0.0328125
6 0.536719 0.207422 0.0171875 0.0320312
7 0.4625 0.147656 0.16875 0.104688
8 0.45625 0.299609 0.0515625 0.0429688
9 0.461328 0.410156 0.125781 0.192188
10 0.355859 0.415234 0.107031 0.189844
10 0.562891 0.413281 0.0945312 0.170313
11 0.583594 0.475 0.05625 0.046875
11 0.327734 0.485938 0.0507812 0.0484375
12 0.438281 0.614453 0.0703125 0.246094
12 0.519922 0.598437 0.0929688 0.234375
13 0.433203 0.689453 0.0601563 0.0945312
13 0.529297 0.66875 0.0742188 0.09375
14 0.462109 0.410938 0.0382813 0.16875
15 0.415234 0.490234 0.0320312 0.0304687
15 0.505859 0.472266 0.0195312 0.0273438
16 0.702344 0.342578 0.0921875 0.0726563
16 0.874219 0.325 0.0828125 0.065625
17 0.710938 0.475781 0.1 0.0796875
17 0.873047 0.453125 0.102344 0.0671875
