0 0.435156 0.308984 0.3 0.491406
1 0.458203 0.146094 0.147656 0.164062
2 0.457813 0.182031 0.146875 0.0921875
3 0.421875 0.160156 0.0203125 0.0203125
3 0.481641 0.160547 0.0132812 0.0148437
4 0.45625 0.171875 0.0265625 0.0203125
5 0.449609 0.205469 0.0476562 0.03125
6 0.397266 0.157812 0.0242188 0.0359375
6 0.517969 0.155469 0.0265625 0.0328125
7 0.453906 0.10625 0.120313 0.084375
8 0.441016 0.228906 0.0289063 0.0203125
9 0.440625 0.310547 0.0859375 0.141406
10 0.347266 0.292187 0.122656 0.103125
10 0.53125 0.279297 0.10625 0.0789062
11 0.298828 0.325 0.0257812 0.0375
11 0.558203 0.296875 0.0523438 0.0359375
12 0.407422 0.457813 0.0898438 0.19375
12 0.491797 0.425781 0.0789062 0.139063
13 0.382031 0.535156 0.040625 0.0390625
13 0.509766 0.474219 0.0429688 0.0421875
14 0.437891 0.276953 0.0179687 0.0445313
15 0.415234 0.355078 0.0367188 0.0554687
15 0.469531 0.335156 0.0296875 0.0453125
15 0.404687 0.403906 0.0203125 0.028125
15 0.478906 0.380469 0.025 0.0265625
16 0.651953 0.418359 0.0851563 0.0648438
16 0.767188 0.423438 0.0828125 0.06875
17 0.685156 0.543359 0.107813 0.0867187
17 0.83125 0.557422 0.121875 0.105469
