0 0.398047 0.501563 0.297656 0.542188
1 0.403516 0.336719 0.260156 0.210938
2 0.403516 0.377734 0.260156 0.127344
3 0.361328 0.331641 0.0304687 0.0351562
3 0.417969 0.338672 0.0296875 0.0429688
4 0.394531 0.348438 0.0234375 0.0609375
5 0.390234 0.396094 0.0398437 0.0328125
6 0.298828 0.344141 0.0507812 0.0492187
6 0.508203 0.347656 0.0492187 0.05
7 0.417969 0.267188 0.170313 0.071875
8 0.403516 0.447266 0.0304687 0.0257812
9 0.395703 0.544141 0.0601563 0.189844
10 0.332422 0.480859 0.0851563 0.135156
10 0.479687 0.488281 0.134375 0.110937
11 0.313672 0.442188 0.0476562 0.0578125
11 0.510938 0.459375 0.071875 0.053125
12 0.314063 0.683984 0.126562 0.171094
12 0.433984 0.678906 0.105469 0.159375
13 0.300781 0.732422 0.0984375 0.0742188
13 0.433594 0.725781 0.10625 0.065625
14 0.394141 0.497656 0.0226562 0.0578125
15 0.377734 0.571875 0.0289063 0.028125
15 0.408203 0.572656 0.0226562 0.03125
16 0.626172 0.814453 0.0882813 0.0539063
16 0.641797 0.870703 0.0929688 0.0460938
17 0.654297 0.70625 0.0695313 0.071875
17 0.756641 0.682813 0.0804688 0.0671875
