0 0.571094 0.537891 0.596875 0.924219
1 0.570703 0.319922 0.596094 0.491406
2 0.572266 0.417969 0.592969 0.295312
3 0.475781 0.356641 0.0890625 0.0414062
3 0.672656 0.367578 0.090625 0.0414062
4 0.560547 0.403516 0.0523438 0.0429688
5 0.558984 0.478125 0.225781 0.096875
6 0.302734 0.334766 0.0554687 0.133594
6 0.828125 0.342969 0.0796875 0.145313
7 0.564844 0.176563 0.467187 0.204687
8 0.555469 0.578125 0.0859375 0.0546875
9 0.526172 0.728125 0.297656 0.270313
10 0.338281 0.728906 0.078125 0.254688
10 0.715625 0.718359 0.08125 0.249219
11 0.342578 0.838281 0.0492187 0.034375
11 0.725391 0.828906 0.0601563 0.0296875
12 0.455078 0.907422 0.130469 0.185156
12 0.590234 0.902734 0.139844 0.194531
13 0.441797 0.985156 0.0554687 0.0296875
13 0.591406 0.984766 0.0546875 0.0304687
14 0.561328 0.719531 0.0210938 0.125
15 0.460938 0.804297 0.0734375 0.0804688
15 0.623437 0.795312 0.05625 0.0640625
16 0.133594 0.921875 0.075 0.0375
16 0.228906 0.933594 0.0625 0.03125
17 0.791406 0.934766 0.059375 0.0320312
17 0.869922 0.937891 0.0554687 0.0320312
