0 0.520703 0.492188 0.578906 0.803125
1 0.520312 0.248047 0.2875 0.314844
2 0.520703 0.305078 0.286719 0.202344
3 0.470703 0.239063 0.0414062 0.0515625
3 0.551953 0.230469 0.0476562 0.0484375
4 0.510938 0.266016 0.0640625 0.0992187
5 0.517969 0.343359 0.08125 0.0617188
6 0.638281 0.241406 0.0515625 0.075
6 0.405469 0.240625 0.0546875 0.071875
7 0.534766 0.163281 0.244531 0.142187
8 0.528125 0.410156 0.0828125 0.0953125
9 0.516406 0.551172 0.159375 0.250781
10 0.338281 0.596875 0.209375 0.348438
10 0.700781 0.580859 0.217188 0.305469
11 0.298828 0.725 0.128906 0.09375
11 0.758984 0.694922 0.100781 0.0757812
12 0.449609 0.773438 0.116406 0.2375
12 0.594141 0.754687 0.171094 0.267188
13 0.436328 0.860156 0.0867187 0.0640625
13 0.626953 0.848437 0.107031 0.08125
14 0.514062 0.535156 0.0546875 0.173437
15 0.582812 0.672266 0.0796875 0.100781
15 0.462891 0.696094 0.0554687 0.0703125
16 0.121094 0.544141 0.132812 0.177344
16 0.233203 0.536328 0.0898438 0.111719
17 0.823438 0.399219 0.132812 0.115625
17 0.951953 0.395313 0.0960938 0.0875
