0 0.500391 0.448047 0.213281 0.403906
1 0.466797 0.321484 0.138281 0.149219
2 0.466797 0.358594 0.138281 0.075
3 0.490625 0.34375 0.028125 0.0125
3 0.442188 0.336719 0.0296875 0.0140625
4 0.467578 0.360547 0.00703125 0.0164063
5 0.471484 0.380078 0.0304687 0.0148437
6 0.408594 0.353516 0.021875 0.0320312
6 0.523828 0.35625 0.0242188 0.034375
7 0.459375 0.276172 0.129688 0.0585938
8 0.464062 0.403516 0.025 0.0179687
9 0.483594 0.457031 0.078125 0.096875
10 0.430078 0.469922 0.0585938 0.122656
10 0.557031 0.476172 0.1 0.119531
11 0.430078 0.514062 0.0585938 0.034375
11 0.577344 0.507812 0.059375 0.05625
12 0.471484 0.569531 0.0648438 0.15
12 0.540234 0.569141 0.0929688 0.160156
13 0.471094 0.629687 0.0640625 0.0296875
13 0.551953 0.625781 0.0695313 0.046875
14 0.482422 0.454688 0.0242188 0.0640625
15 0.478906 0.520312 0.0171875 0.03125
15 0.518359 0.517188 0.0289063 0.028125
16 0.830078 0.682422 0.111719 0.100781
16 0.920703 0.751563 0.116406 0.104688
17 0.156641 0.733203 0.0851563 0.0445313
17 0.145703 0.767578 0.0960938 0.0539063
