0 0.427734 0.485938 0.580469 0.971875
1 0.447656 0.171484 0.26875 0.342969
2 0.447656 0.255469 0.26875 0.175
3 0.388672 0.184766 0.0445313 0.0335937
3 0.498047 0.186719 0.0460938 0.034375
4 0.441406 0.236719 0.025 0.0609375
5 0.44375 0.295312 0.0796875 0.03125
6 0.324609 0.221484 0.0226562 0.0320312
6 0.569922 0.221094 0.0242188 0.0359375
7 0.452734 0.107422 0.291406 0.214844
8 0.446875 0.366016 0.04375 0.0585938
9 0.425391 0.489063 0.185156 0.290625
10 0.242578 0.302734 0.208594 0.307031
10 0.613672 0.335938 0.207031 0.242188
11 0.182031 0.194922 0.0890625 0.0914062
11 0.662891 0.259766 0.107031 0.0898438
12 0.332422 0.797266 0.160156 0.344531
12 0.5 0.798828 0.173437 0.346094
13 0.301563 0.940625 0.0984375 0.05625
13 0.539453 0.942578 0.0945312 0.0585938
14 0.421484 0.525391 0.0664062 0.177344
15 0.357812 0.660547 0.0421875 0.0585938
15 0.488672 0.65625 0.0414062 0.0578125
16 0.686719 0.521484 0.1 0.0710937
16 0.810937 0.524609 0.090625 0.0710937
17 0.673828 0.6375 0.0992187 0.059375
17 0.805469 0.639062 0.104688 0.053125
