0 0.414062 0.55 0.582812 0.790625
1 0.427734 0.233594 0.177344 0.157812
2 0.428125 0.263281 0.176563 0.0984375
3 0.398047 0.225781 0.0117188 0.0125
3 0.440625 0.225391 0.0203125 0.0226562
4 0.423047 0.252734 0.0117188 0.0117188
5 0.424609 0.273047 0.0539063 0.0414062
6 0.50625 0.245312 0.0203125 0.03125
6 0.352344 0.241406 0.0265625 0.0296875
7 0.425 0.186719 0.125 0.0640625
8 0.428125 0.340234 0.0578125 0.0679687
9 0.409766 0.457422 0.172656 0.185156
10 0.230469 0.51875 0.2125 0.140625
10 0.600781 0.553906 0.20625 0.165625
11 0.675391 0.576172 0.0570312 0.119531
11 0.160938 0.542578 0.0734375 0.0929688
12 0.320312 0.732031 0.190625 0.396875
12 0.481641 0.741797 0.132031 0.403906
13 0.293359 0.896094 0.136719 0.0703125
13 0.492578 0.917188 0.110156 0.053125
14 0.407813 0.484766 0.034375 0.110156
15 0.460938 0.596094 0.059375 0.05625
15 0.365234 0.591797 0.0476562 0.0492187
16 0.651172 0.915625 0.0898438 0.0515625
16 0.752344 0.918359 0.107813 0.0554687
17 0.653516 0.833203 0.0820312 0.0679687
17 0.739062 0.8375 0.0890625 0.0640625
