0 0.313281 0.530469 0.409375 0.732812
1 0.314063 0.294531 0.332813 0.260937
2 0.314063 0.3125 0.332813 0.225
3 0.258984 0.274219 0.0289063 0.028125
3 0.321094 0.273438 0.0375 0.0328125
4 0.290625 0.332422 0.03125 0.0429688
5 0.291406 0.396875 0.0609375 0.0375
6 0.186719 0.252734 0.078125 0.105469
6 0.434766 0.263281 0.0914062 0.0875
7 0.303516 0.207031 0.182031 0.0859375
8 0.285547 0.455469 0.100781 0.0953125
9 0.286328 0.585547 0.253906 0.191406
10 0.15 0.547656 0.0828125 0.134375
10 0.449609 0.510938 0.136719 0.10625
11 0.138672 0.521484 0.0585938 0.0820312
11 0.493359 0.485547 0.0492187 0.0554687
12 0.411719 0.775391 0.154688 0.242969
12 0.188281 0.776563 0.13125 0.225
13 0.421875 0.859766 0.135937 0.0742188
13 0.188281 0.858984 0.13125 0.0601563
14 0.296484 0.58125 0.0460938 0.117188
15 0.394141 0.599609 0.0460938 0.0789062
15 0.188281 0.610547 0.0515625 0.0710937
16 0.669922 0.482812 0.0945312 0.0578125
16 0.823828 0.466797 0.0914062 0.0601563
17 0.629297 0.839063 0.0851563 0.078125
17 0.516406 0.817187 0.096875 0.075
