0 0.462109 0.425391 0.185156 0.332031
1 0.469531 0.326953 0.170313 0.133594
2 0.469922 0.358984 0.169531 0.0710937
3 0.43125 0.339062 0.021875 0.009375
3 0.496484 0.346875 0.0195312 0.0078125
4 0.457031 0.350391 0.009375 0.0117188
5 0.456641 0.367578 0.0335937 0.0117188
6 0.392578 0.334766 0.0132812 0.0179687
6 0.546875 0.333984 0.0140625 0.0195312
7 0.477344 0.298438 0.146875 0.078125
8 0.454688 0.396875 0.01875 0.0140625
9 0.465625 0.451172 0.05625 0.105469
10 0.404687 0.439063 0.06875 0.06875
10 0.511719 0.449219 0.0546875 0.0703125
11 0.382812 0.458984 0.025 0.0273438
11 0.524219 0.471094 0.028125 0.0265625
12 0.451562 0.544141 0.0328125 0.0914062
12 0.485547 0.545703 0.0382813 0.0929688
13 0.451953 0.579688 0.0335937 0.0234375
13 0.485156 0.578516 0.0390625 0.0273438
14 0.464453 0.446094 0.0148437 0.0390625
15 0.458984 0.516406 0.0179687 0.0265625
15 0.480859 0.516406 0.0132812 0.0265625
16 0.599609 0.562891 0.0554687 0.0398437
16 0.700781 0.561328 0.0640625 0.0414062
17 0.657422 0.683203 0.0914062 0.0476562
17 0.801562 0.685156 0.0828125 0.040625
