0 0.528906 0.323437 0.210938 0.403125
1 0.529687 0.226562 0.210938 0.209375
2 0.528906 0.265625 0.210938 0.132812
3 0.507812 0.244531 0.028125 0.034375
3 0.5625 0.230859 0.0296875 0.0320312
4 0.535547 0.263672 0.00703125 0.0210938
5 0.542969 0.292969 0.021875 0.0234375
6 0.440625 0.287109 0.034375 0.0335937
6 0.621484 0.216797 0.0257812 0.0351562
7 0.516016 0.196875 0.183594 0.148438
8 0.55 0.3375 0.0375 0.0421875
9 0.552734 0.383594 0.0742188 0.0796875
10 0.600781 0.373828 0.046875 0.0492187
10 0.514844 0.404687 0.021875 0.0546875
11 0.615625 0.3875 0.0171875 0.021875
11 0.5125 0.421875 0.0171875 0.0203125
12 0.578125 0.457813 0.04375 0.110937
12 0.550391 0.467187 0.0476562 0.114062
13 0.588281 0.496484 0.021875 0.0335937
13 0.563672 0.507812 0.0195312 0.0328125
14 0.551953 0.383984 0.0210938 0.0476562
15 0.565625 0.425 0.015625 0.0203125
15 0.546875 0.428906 0.015625 0.021875
16 0.311328 0.542969 0.0210938 0.0875
16 0.277734 0.549609 0.0304687 0.0835937
17 0.439063 0.524219 0.0234375 0.101562
17 0.393359 0.533203 0.0289063 0.100781
