0 0.494922 0.303906 0.277344 0.36875
1 0.494922 0.179688 0.164844 0.120313
2 0.494922 0.201563 0.166406 0.075
3 0.469922 0.186719 0.0414062 0.0375
3 0.523047 0.183203 0.0414062 0.0367188
4 0.496094 0.196484 0.0203125 0.0179687
5 0.485156 0.217578 0.034375 0.0242188
6 0.425781 0.182422 0.025 0.0351562
6 0.562109 0.180859 0.0289063 0.0273438
7 0.496484 0.146875 0.121094 0.053125
8 0.492578 0.246875 0.0304687 0.0328125
9 0.494922 0.313281 0.116406 0.115625
10 0.401562 0.341016 0.0890625 0.119531
10 0.582422 0.305469 0.0976562 0.096875
11 0.3875 0.376172 0.059375 0.0492187
11 0.604297 0.331641 0.0539063 0.0429688
12 0.476953 0.422266 0.0664062 0.127344
12 0.562891 0.419531 0.0632812 0.126562
13 0.479297 0.464844 0.0632812 0.04375
13 0.564844 0.461719 0.059375 0.0421875
14 0.494922 0.306641 0.0257812 0.0835937
15 0.464062 0.323828 0.0234375 0.0289063
15 0.525 0.322266 0.025 0.0257812
16 0.764844 0.444531 0.0578125 0.0359375
16 0.849609 0.442969 0.0507812 0.03125
17 0.775781 0.557422 0.0546875 0.0445313
17 0.870703 0.548047 0.0617188 0.0429688
