0 0.625 0.441797 0.4875 0.742969
1 0.637891 0.330078 0.463281 0.522656
2 0.634766 0.463672 0.464844 0.257031
3 0.733594 0.394922 0.0578125 0.0945312
3 0.541797 0.416797 0.0523438 0.0789062
4 0.65625 0.430859 0.0484375 0.0679687
5 0.661328 0.500781 0.0960938 0.084375
6 0.840234 0.385156 0.0539063 0.1
6 0.446094 0.449609 0.0765625 0.0898438
7 0.609375 0.315625 0.457813 0.492188
8 0.659375 0.594922 0.0375 0.0367188
9 0.672266 0.672266 0.0648438 0.136719
10 0.604297 0.696094 0.0742188 0.164062
10 0.738281 0.667969 0.0828125 0.08125
11 0.598437 0.750781 0.0625 0.053125
11 0.755859 0.687109 0.0460938 0.0429688
12 0.669922 0.769141 0.0367188 0.0835937
12 0.707031 0.754687 0.04375 0.0765625
13 0.667969 0.795703 0.0328125 0.0304687
13 0.712109 0.776563 0.0335937 0.0328125
14 0.675391 0.678125 0.0335937 0.103125
15 0.666406 0.744141 0.01875 0.0273438
15 0.696094 0.730859 0.0234375 0.0289063
16 0.328906 0.744141 0.0609375 0.0898438
16 0.257031 0.747656 0.071875 0.101562
17 0.429688 0.753516 0.059375 0.0820312
17 0.499219 0.755859 0.0515625 0.0789062
