0 0.160156 0.285156 0.23125 0.414062
1 0.186328 0.141016 0.135156 0.125781
2 0.186719 0.164062 0.135937 0.078125
3 0.160156 0.15 0.0234375 0.0109375
3 0.201953 0.148438 0.0242188 0.0109375
4 0.178516 0.158984 0.00390625 0.0117188
5 0.183984 0.175 0.0460938 0.0234375
6 0.127734 0.142578 0.0164063 0.0273438
6 0.242969 0.144141 0.021875 0.0382813
7 0.180859 0.107422 0.108594 0.0585938
8 0.172656 0.214062 0.0234375 0.0375
9 0.180469 0.280859 0.0796875 0.110156
10 0.103125 0.262891 0.117188 0.0742188
10 0.236328 0.276953 0.0789062 0.0835937
11 0.0578125 0.283984 0.0265625 0.0320312
11 0.266016 0.301563 0.0195312 0.034375
12 0.124609 0.402734 0.110156 0.161719
12 0.185547 0.407813 0.0710937 0.16875
13 0.102734 0.457422 0.0664062 0.0523438
13 0.185547 0.472266 0.0710937 0.0382813
14 0.176563 0.280469 0.025 0.075
15 0.157422 0.332813 0.0242188 0.01875
15 0.200391 0.339453 0.0257812 0.0164063
16 0.5875 0.369141 0.242188 0.180469
16 0.869922 0.271094 0.200781 0.20625
17 0.610938 0.665625 0.279687 0.389062
17 0.865234 0.637109 0.172656 0.355469
