0 0.514453 0.455078 0.219531 0.628906
1 0.515234 0.251953 0.217969 0.224219
2 0.514844 0.304297 0.21875 0.119531
3 0.470703 0.265625 0.0164063 0.01875
3 0.550781 0.270313 0.0171875 0.015625
4 0.517969 0.285156 0.015625 0.0140625
5 0.521484 0.309375 0.0382813 0.0203125
6 0.415625 0.272266 0.021875 0.0335937
6 0.610938 0.274219 0.0234375 0.0375
7 0.513672 0.182812 0.186719 0.084375
8 0.517969 0.36875 0.0265625 0.0265625
9 0.526953 0.472656 0.116406 0.192188
10 0.479297 0.464453 0.0523438 0.175781
10 0.561328 0.463281 0.0632812 0.175
11 0.468359 0.536719 0.0273438 0.0328125
11 0.582422 0.533594 0.0179687 0.034375
12 0.499609 0.664844 0.0554687 0.20625
12 0.557813 0.661328 0.059375 0.205469
13 0.492969 0.750781 0.04375 0.0359375
13 0.564063 0.747266 0.0484375 0.0351562
14 0.519531 0.407813 0.0171875 0.0484375
15 0.488672 0.587109 0.0335937 0.0507812
15 0.566016 0.583203 0.0367188 0.0492187
16 0.729688 0.464844 0.0734375 0.046875
16 0.808594 0.466797 0.0828125 0.0460938
17 0.709766 0.564844 0.0601563 0.040625
17 0.771484 0.558984 0.0617188 0.0445313
