0 0.426563 0.327734 0.198437 0.425781
1 0.435156 0.171484 0.101562 0.107031
2 0.434766 0.200781 0.100781 0.046875
3 0.419922 0.19375 0.00859375 0.0109375
3 0.451172 0.195312 0.00859375 0.009375
4 0.432031 0.200781 0.00625 0.0140625
5 0.433984 0.212891 0.0210938 0.0148437
6 0.393359 0.190625 0.0179687 0.01875
6 0.476172 0.202344 0.0179687 0.0203125
7 0.439844 0.155469 0.0875 0.0734375
8 0.43125 0.2375 0.0328125 0.0421875
9 0.438672 0.300781 0.100781 0.1125
10 0.361328 0.30625 0.0664062 0.117188
10 0.504687 0.309375 0.0390625 0.115625
11 0.344922 0.350391 0.0335937 0.0289063
11 0.508984 0.352344 0.0289063 0.0296875
12 0.420312 0.445312 0.05625 0.190625
12 0.474219 0.441797 0.0515625 0.191406
13 0.41875 0.521875 0.0375 0.0375
13 0.482031 0.517188 0.034375 0.0390625
14 0.433984 0.302344 0.0242188 0.0609375
15 0.410547 0.334375 0.0242188 0.028125
16 0.714453 0.501563 0.0773438 0.0609375
16 0.830469 0.504297 0.0703125 0.0554687
17 0.660156 0.634766 0.0765625 0.0445313
17 0.786719 0.626563 0.075 0.0515625
