0 0.469922 0.483594 0.475781 0.825
1 0.444922 0.164062 0.185156 0.185938
2 0.444922 0.205859 0.185156 0.100781
3 0.421484 0.175 0.0195312 0.0296875
3 0.461719 0.173437 0.01875 0.021875
4 0.44375 0.194141 0.0203125 0.0210938
5 0.451562 0.214453 0.0578125 0.0351562
6 0.369141 0.1875 0.0335937 0.0390625
6 0.522656 0.169531 0.0296875 0.0265625
7 0.428125 0.116797 0.19375 0.0851563
8 0.452734 0.279297 0.0945312 0.0945312
9 0.451953 0.474219 0.157031 0.3375
10 0.319531 0.407422 0.173437 0.197656
10 0.610156 0.423047 0.19375 0.207031
11 0.270313 0.460156 0.0765625 0.09375
11 0.663672 0.48125 0.0835937 0.0875
12 0.439453 0.760547 0.0960938 0.264844
12 0.557813 0.725781 0.15625 0.267188
13 0.435937 0.866797 0.0890625 0.0523438
13 0.581641 0.825391 0.107031 0.0710937
14 0.447656 0.484766 0.0375 0.260156
15 0.502344 0.509766 0.040625 0.0617188
16 0.436328 0.932813 0.0976562 0.0703125
16 0.617578 0.909375 0.125781 0.059375
17 0.779687 0.905859 0.101562 0.0539063
17 0.900391 0.915234 0.103906 0.0554687
