0 0.498047 0.560547 0.227344 0.502344
1 0.495312 0.380078 0.134375 0.139844
2 0.495312 0.404687 0.134375 0.0875
3 0.471875 0.3875 0.0265625 0.0296875
3 0.517969 0.387109 0.0265625 0.0289063
4 0.500391 0.391406 0.0257812 0.0171875
5 0.499219 0.415625 0.0390625 0.0234375
6 0.439063 0.382031 0.021875 0.03125
6 0.550391 0.376563 0.0242188 0.0328125
7 0.494141 0.34375 0.0976562 0.06875
8 0.499219 0.466016 0.0328125 0.0398437
9 0.500781 0.546875 0.096875 0.154688
10 0.421484 0.541016 0.0742188 0.125781
10 0.571484 0.526172 0.0789062 0.111719
11 0.396094 0.590234 0.0234375 0.0273438
11 0.6 0.567187 0.021875 0.0296875
12 0.482422 0.710156 0.0554687 0.201563
12 0.534375 0.695312 0.0703125 0.19375
13 0.492188 0.788672 0.0375 0.0445313
13 0.553906 0.771875 0.03125 0.040625
14 0.498437 0.552344 0.0203125 0.06875
15 0.534375 0.585938 0.0234375 0.0453125
16 0.730859 0.736719 0.0601563 0.0421875
16 0.840234 0.73125 0.0601563 0.0421875
17 0.713672 0.583594 0.0523438 0.0609375
17 0.773828 0.575 0.0492187 0.0609375
