0 0.509375 0.471484 0.3875 0.746094
1 0.41875 0.228906 0.184375 0.257812
2 0.419141 0.275391 0.188281 0.164844
3 0.380469 0.23125 0.028125 0.028125
3 0.441016 0.228906 0.0304687 0.0359375
4 0.413672 0.234375 0.0242188 0.0265625
5 0.414844 0.280078 0.05 0.0414062
6 0.337891 0.24375 0.0226562 0.0484375
6 0.501172 0.237891 0.0210938 0.0351562
7 0.423047 0.203125 0.210156 0.204687
8 0.433594 0.367188 0.04375 0.04375
9 0.473047 0.492578 0.107031 0.275781
10 0.408984 0.508984 0.0757812 0.228906
10 0.524219 0.454688 0.115625 0.2
11 0.411328 0.604297 0.0351562 0.0382813
11 0.558203 0.530078 0.0460938 0.0492187
12 0.500781 0.700391 0.0875 0.280469
12 0.6125 0.635938 0.178125 0.1375
13 0.674219 0.6625 0.053125 0.084375
13 0.498047 0.8 0.0820312 0.08125
14 0.460547 0.436328 0.0398437 0.0585938
15 0.491016 0.513672 0.0289063 0.0398437
16 0.549219 0.917578 0.0828125 0.0679687
16 0.717969 0.818359 0.08125 0.0820312
17 0.528516 0.855469 0.0664062 0.0703125
17 0.725391 0.717187 0.0757812 0.0796875
