0 0.403906 0.451562 0.185938 0.351562
1 0.401172 0.347266 0.138281 0.141406
2 0.401562 0.375781 0.139063 0.084375
3 0.379688 0.34375 0.03125 0.0203125
3 0.430469 0.348047 0.028125 0.0226562
4 0.403906 0.366406 0.0234375 0.021875
5 0.401953 0.392188 0.0351562 0.021875
6 0.34375 0.364063 0.025 0.0359375
6 0.458203 0.36875 0.0257812 0.0421875
7 0.404687 0.302734 0.1125 0.0523438
8 0.397656 0.423047 0.0265625 0.0226562
9 0.394141 0.478906 0.0476562 0.0921875
10 0.347656 0.480078 0.0734375 0.0867187
10 0.457422 0.479687 0.0789062 0.0875
11 0.334766 0.504687 0.0476562 0.0375
11 0.475 0.505859 0.04375 0.0367188
12 0.379688 0.572266 0.0359375 0.108594
12 0.414062 0.567187 0.0328125 0.104688
13 0.379297 0.607812 0.0351562 0.0390625
13 0.415625 0.6 0.0296875 0.0390625
14 0.401953 0.453516 0.0117188 0.0320312
15 0.376172 0.535156 0.0226562 0.0296875
15 0.410938 0.530859 0.0234375 0.0242188
16 0.562891 0.642969 0.0398437 0.0703125
16 0.615625 0.642578 0.0390625 0.0679687
17 0.748047 0.644922 0.0742188 0.0507812
17 0.839453 0.639844 0.0632812 0.040625
